timestamp,action_type,item_id,source,user_answer,platform
1539270552489,enter,b5154,diagnosis,,mobile
1539270575004,respond,q6748,diagnosis,a,mobile
1539270578532,submit,b5154,diagnosis,,mobile
1539270578658,enter,b304,diagnosis,,mobile
1539270603249,respond,q304,diagnosis,b,mobile
1539270606927,submit,b304,diagnosis,,mobile
1539270607001,enter,b3135,diagnosis,,mobile
1539270623750,respond,q4603,diagnosis,d,mobile
1539270627710,submit,b3135,diagnosis,,mobile
1539270627805,enter,b309,diagnosis,,mobile
1539270646808,respond,q309,diagnosis,c,mobile
1539270651023,submit,b309,diagnosis,,mobile
1539270651120,enter,b389,diagnosis,,mobile
1539270669909,respond,q389,diagnosis,a,mobile
1539270673331,submit,b389,diagnosis,,mobile
1539270673408,enter,b2803,diagnosis,,mobile
1539270693049,respond,q4271,diagnosis,c,mobile
1539270696702,submit,b2803,diagnosis,,mobile
1539270696794,enter,b3799,diagnosis,,mobile
1539270718563,respond,q5267,diagnosis,a,mobile
1539270721821,submit,b3799,diagnosis,,mobile
