timestamp,action_type,item_id,source,user_answer,platform
1541089853957,enter,b3747,diagnosis,,mobile
1541089887259,respond,q5215,diagnosis,c,mobile
1541089890713,submit,b3747,diagnosis,,mobile
1541089890809,enter,b3584,diagnosis,,mobile
1541089909803,respond,q5052,diagnosis,c,mobile
1541089913136,submit,b3584,diagnosis,,mobile
1541089913194,enter,b3916,diagnosis,,mobile
1541089940205,respond,q5384,diagnosis,b,mobile
1541089944962,submit,b3916,diagnosis,,mobile
1541089945066,enter,b380,diagnosis,,mobile
1541089964413,respond,q380,diagnosis,b,mobile
1541089968342,submit,b380,diagnosis,,mobile
1541089968411,enter,b3732,diagnosis,,mobile
1541089997048,respond,q5200,diagnosis,a,mobile
1541090000254,submit,b3732,diagnosis,,mobile
1541090000312,enter,b3479,diagnosis,,mobile
1541090008243,respond,q4947,diagnosis,c,mobile
1541090011821,submit,b3479,diagnosis,,mobile
1541090011882,enter,b3779,diagnosis,,mobile
1541090047664,respond,q5247,diagnosis,c,mobile
1541090052082,submit,b3779,diagnosis,,mobile
1541090052143,enter,b3355,diagnosis,,mobile
1541090110216,respond,q4823,diagnosis,c,mobile
1541090114962,submit,b3355,diagnosis,,mobile
1541090115017,enter,b2663,diagnosis,,mobile
1541090151757,respond,q4131,diagnosis,c,mobile
1541090157685,submit,b2663,diagnosis,,mobile
1541090428787,enter,b188,sprint,,mobile
1541090452196,respond,q188,sprint,a,mobile
1541090457436,submit,b188,sprint,,mobile
1541090495064,enter,b188,adaptive_offer,,mobile
1541090522580,respond,q188,adaptive_offer,c,mobile
1541090525165,submit,b188,adaptive_offer,,mobile
1541090544208,enter,b5571,sprint,,mobile
1541090562783,respond,q8100,sprint,c,mobile
1541090569213,submit,b5571,sprint,,mobile
1541090584646,enter,b5647,sprint,,mobile
1541090609034,respond,q8176,sprint,a,mobile
1541090611834,submit,b5647,sprint,,mobile
1541090626703,enter,b8101,sprint,,mobile
1541090654939,respond,q11048,sprint,a,mobile
1541090657467,submit,b8101,sprint,,mobile
1541090670145,enter,b5567,sprint,,mobile
1541090679940,respond,q8096,sprint,a,mobile
1541090702116,submit,b5567,sprint,,mobile
1541090710704,enter,b5567,adaptive_offer,,mobile
1541090736459,respond,q8096,adaptive_offer,d,mobile
1541090738867,submit,b5567,adaptive_offer,,mobile
1541090773881,enter,b188,adaptive_offer,,mobile
1541090788207,respond,q188,adaptive_offer,c,mobile
1541090792172,submit,b188,adaptive_offer,,mobile
1541090802428,enter,b95,sprint,,mobile
1541090824241,respond,q95,sprint,d,mobile
1541090826423,submit,b95,sprint,,mobile
1541090831710,enter,b5625,sprint,,mobile
1541090844915,respond,q8154,sprint,b,mobile
1541090855752,submit,b5625,sprint,,mobile
1541090859468,enter,b8075,sprint,,mobile
1541090869374,respond,q11022,sprint,a,mobile
1541090887612,respond,q11022,sprint,d,mobile
1541090889686,submit,b8075,sprint,,mobile
1541090957697,enter,b5597,sprint,,mobile
1541090976976,respond,q8126,sprint,c,mobile
1541090982444,submit,b5597,sprint,,mobile
1541090991752,enter,b5547,sprint,,mobile
1541091013714,respond,q8076,sprint,d,mobile
1541091016054,submit,b5547,sprint,,mobile
1541091103370,enter,b920,sprint,,mobile
1541091122961,respond,q920,sprint,c,mobile
1541091125575,submit,b920,sprint,,mobile
1541091131441,enter,b289,sprint,,mobile
1541091150638,respond,q289,sprint,b,mobile
1541091153143,submit,b289,sprint,,mobile
1541091161465,enter,b1015,sprint,,mobile
1541091184435,respond,q1015,sprint,b,mobile
1541091185151,respond,q1015,sprint,a,mobile
1541091185810,respond,q1015,sprint,b,mobile
1541091186251,respond,q1015,sprint,a,mobile
1541091186796,respond,q1015,sprint,b,mobile
1541091187501,respond,q1015,sprint,a,mobile
1541091188006,respond,q1015,sprint,b,mobile
1541091188492,respond,q1015,sprint,a,mobile
1541091189284,respond,q1015,sprint,b,mobile
1541091189914,respond,q1015,sprint,a,mobile
1541091190437,respond,q1015,sprint,b,mobile
1541091191122,respond,q1015,sprint,a,mobile
1541091191724,respond,q1015,sprint,b,mobile
1541091194444,submit,b1015,sprint,,mobile
1541091203035,enter,b8312,sprint,,mobile
1541091221364,respond,q11259,sprint,b,mobile
1541091223748,submit,b8312,sprint,,mobile
1541091228414,enter,b1155,sprint,,mobile
1541091237959,respond,q1155,sprint,a,mobile
1541091245163,submit,b1155,sprint,,mobile
1541091249627,enter,b1325,sprint,,mobile
1541091263428,respond,q1325,sprint,b,mobile
1541091267529,submit,b1325,sprint,,mobile
1541091276454,enter,b442,sprint,,mobile
1541091296178,respond,q442,sprint,c,mobile
1541091298422,submit,b442,sprint,,mobile
1541091306873,enter,b8302,sprint,,mobile
1541091329316,respond,q11249,sprint,b,mobile
1541091331807,submit,b8302,sprint,,mobile
1541091345305,enter,b922,sprint,,mobile
1541091364360,respond,q922,sprint,c,mobile
1541091366586,submit,b922,sprint,,mobile
1541091372396,enter,b840,sprint,,mobile
1541091386773,respond,q840,sprint,b,mobile
1541091395150,respond,q840,sprint,c,mobile
1541091397848,submit,b840,sprint,,mobile
1541091407422,enter,b1100,sprint,,mobile
1541091420823,respond,q1100,sprint,c,mobile
1541091436446,respond,q1100,sprint,b,mobile
1541091440123,respond,q1100,sprint,c,mobile
1541091443114,submit,b1100,sprint,,mobile
1541091453711,enter,b295,sprint,,mobile
1541091469699,respond,q295,sprint,c,mobile
1541091471861,submit,b295,sprint,,mobile
1541091482324,enter,b1087,sprint,,mobile
1541091492186,respond,q1087,sprint,a,mobile
1541091495198,submit,b1087,sprint,,mobile
1541091502551,enter,b724,sprint,,mobile
1541091521247,respond,q724,sprint,c,mobile
1541091522105,respond,q724,sprint,b,mobile
1541091523038,respond,q724,sprint,a,mobile
1541091526132,submit,b724,sprint,,mobile
1541091533255,enter,b1185,sprint,,mobile
1541091542555,respond,q1185,sprint,a,mobile
1541091553419,submit,b1185,sprint,,mobile
1541091633141,enter,b1449,sprint,,mobile
1541091762056,respond,q1545,sprint,d,mobile
1541091765485,submit,b1449,sprint,,mobile
1541091784179,enter,b1663,sprint,,mobile
1541091890503,respond,q2187,sprint,d,mobile
1541091895344,submit,b1663,sprint,,mobile
1541091951057,enter,b5035,sprint,,mobile
1541091965873,respond,q6503,sprint,b,mobile
1541091978315,submit,b5035,sprint,,mobile
1541091983311,enter,b4850,sprint,,mobile
1541092022130,respond,q6318,sprint,b,mobile
1541092025760,submit,b4850,sprint,,mobile
1541092038487,enter,b4606,sprint,,mobile
1541092055710,respond,q6074,sprint,a,mobile
1541092068112,submit,b4606,sprint,,mobile
1541092073216,enter,b6438,sprint,,mobile
1541092086148,respond,q9087,sprint,c,mobile
1541092090276,submit,b6438,sprint,,mobile
1541092097073,enter,b3017,sprint,,mobile
1541092122089,respond,q4485,sprint,d,mobile
1541092124917,submit,b3017,sprint,,mobile
1541092135278,enter,b4022,sprint,,mobile
1541092152066,respond,q5490,sprint,c,mobile
1541092156563,submit,b4022,sprint,,mobile
1541092165490,enter,b4605,sprint,,mobile
1541092189355,respond,q6073,sprint,b,mobile
1541092201000,submit,b4605,sprint,,mobile
1541092207474,enter,b5957,sprint,,mobile
1541092268996,respond,q8606,sprint,d,mobile
1541092271418,submit,b5957,sprint,,mobile
1541092279256,enter,b3323,sprint,,mobile
1541092301973,respond,q4791,sprint,a,mobile
1541092304113,submit,b3323,sprint,,mobile
1541092309591,enter,b2220,sprint,,mobile
1541092330392,respond,q3688,sprint,d,mobile
1541092334283,submit,b2220,sprint,,mobile
1541092378474,enter,b2187,sprint,,mobile
1541092397323,respond,q3655,sprint,a,mobile
1541092400233,submit,b2187,sprint,,mobile
1541092405619,enter,b7275,sprint,,mobile
1541092428908,respond,q9924,sprint,c,mobile
1541092431844,submit,b7275,sprint,,mobile
1541092436418,enter,b4586,sprint,,mobile
1541092459833,respond,q6054,sprint,c,mobile
1541092462711,submit,b4586,sprint,,mobile
1541092469015,enter,b3778,sprint,,mobile
1541092494144,respond,q5246,sprint,a,mobile
1541092497608,submit,b3778,sprint,,mobile
1541092510595,enter,b4717,sprint,,mobile
1541092518066,respond,q6185,sprint,b,mobile
1541092521528,submit,b4717,sprint,,mobile
1541092536287,enter,b5669,sprint,,mobile
1541092551641,respond,q8198,sprint,c,mobile
1541092554166,submit,b5669,sprint,,mobile
1541092558905,enter,b3592,sprint,,mobile
1541092565573,respond,q5060,sprint,c,mobile
1541092572556,submit,b3592,sprint,,mobile
1541092578056,enter,b4643,sprint,,mobile
1541092601432,respond,q6111,sprint,a,mobile
1541092603801,submit,b4643,sprint,,mobile
1541092611029,enter,b4720,sprint,,mobile
1541092629200,respond,q6188,sprint,d,mobile
1541092631896,submit,b4720,sprint,,mobile
1541092636922,enter,b7068,sprint,,mobile
1541092673377,respond,q9717,sprint,d,mobile
1541092676871,submit,b7068,sprint,,mobile
1541250374608,enter,b8316,sprint,,mobile
1541250393652,respond,q11263,sprint,b,mobile
1541250396635,submit,b8316,sprint,,mobile
1541250409581,enter,b317,sprint,,mobile
1541250421873,respond,q317,sprint,a,mobile
1541250427818,submit,b317,sprint,,mobile
1541250431616,enter,b477,sprint,,mobile
1541250446657,respond,q477,sprint,b,mobile
1541250451312,submit,b477,sprint,,mobile
1541250460339,enter,b1340,sprint,,mobile
1541250475104,respond,q1340,sprint,a,mobile
1541250481196,submit,b1340,sprint,,mobile
1541250485891,enter,b8315,sprint,,mobile
1541250495653,respond,q11262,sprint,a,mobile
1541250498792,submit,b8315,sprint,,mobile
1541250803227,enter,b1215,sprint,,mobile
1541250815683,respond,q1215,sprint,b,mobile
1541250819195,submit,b1215,sprint,,mobile
1541250829634,enter,b575,sprint,,mobile
1541250848734,respond,q575,sprint,b,mobile
1541250851353,submit,b575,sprint,,mobile
1541250862069,enter,b722,sprint,,mobile
1541250879160,respond,q722,sprint,a,mobile
1541250881784,submit,b722,sprint,,mobile
1541250916700,enter,b8314,sprint,,mobile
1541250932847,respond,q11261,sprint,b,mobile
1541250937608,submit,b8314,sprint,,mobile
1541250967588,enter,b647,sprint,,mobile
1541250985753,respond,q647,sprint,c,mobile
1541250991578,respond,q647,sprint,b,mobile
1541250993770,submit,b647,sprint,,mobile
1541251003215,enter,b717,sprint,,mobile
1541251013011,respond,q717,sprint,a,mobile
1541251015515,submit,b717,sprint,,mobile
1541251022476,enter,b878,sprint,,mobile
1541251048146,respond,q878,sprint,c,mobile
1541251055272,submit,b878,sprint,,mobile
1541251072227,enter,b863,sprint,,mobile
1541251085824,respond,q863,sprint,a,mobile
1541251091629,submit,b863,sprint,,mobile
1541251101009,enter,b706,sprint,,mobile
1541251118215,respond,q706,sprint,a,mobile
1541251120592,submit,b706,sprint,,mobile
1541251132870,enter,b803,sprint,,mobile
1541251148790,respond,q803,sprint,b,mobile
1541251151392,submit,b803,sprint,,mobile
1541251167648,enter,b647,adaptive_offer,,mobile
1541251184860,respond,q647,adaptive_offer,c,mobile
1541251187084,submit,b647,adaptive_offer,,mobile
1541251200808,enter,b733,sprint,,mobile
1541251219198,respond,q733,sprint,c,mobile
1541251221809,submit,b733,sprint,,mobile
1541251225894,enter,b1180,sprint,,mobile
1541251240049,respond,q1180,sprint,c,mobile
1541251242577,submit,b1180,sprint,,mobile
1541251254994,enter,b729,sprint,,mobile
1541251270160,respond,q729,sprint,b,mobile
1541251276653,submit,b729,sprint,,mobile
1541251285943,enter,b474,sprint,,mobile
1541251305300,respond,q474,sprint,c,mobile
1541251307607,submit,b474,sprint,,mobile
1541251334889,enter,b1337,sprint,,mobile
1541251347924,respond,q1337,sprint,c,mobile
1541251353091,submit,b1337,sprint,,mobile
1541251364356,enter,b281,sprint,,mobile
1541251382920,respond,q281,sprint,a,mobile
1541251386007,submit,b281,sprint,,mobile
1541251399501,enter,b867,sprint,,mobile
1541251413364,submit,b867,sprint,,mobile
1541251429486,enter,b803,adaptive_offer,,mobile
1541251444512,respond,q803,adaptive_offer,c,mobile
1541251447342,submit,b803,adaptive_offer,,mobile
1541251450900,enter,b647,adaptive_offer,,mobile
1541251465000,respond,q647,adaptive_offer,c,mobile
1541251469167,submit,b647,adaptive_offer,,mobile
1541251481311,enter,b858,sprint,,mobile
1541251494081,submit,b858,sprint,,mobile
1541251496601,enter,b858,sprint,,mobile
1541251510265,respond,q858,sprint,b,mobile
1541251512699,submit,b858,sprint,,mobile
1541251522249,enter,b1400,sprint,,mobile
1541251540432,respond,q1400,sprint,a,mobile
1541251542965,submit,b1400,sprint,,mobile
1541251554001,enter,b313,sprint,,mobile
1541251568703,respond,q313,sprint,c,mobile
1541251571242,submit,b313,sprint,,mobile
1541251578902,enter,b1170,sprint,,mobile
1541251589864,respond,q1170,sprint,a,mobile
1541251598344,submit,b1170,sprint,,mobile
1541251602748,enter,b280,sprint,,mobile
1541251621055,respond,q280,sprint,b,mobile
1541251624923,submit,b280,sprint,,mobile
1541251639302,enter,b1081,sprint,,mobile
1541251654953,submit,b1081,sprint,,mobile
1541251683116,enter,b1081,sprint,,mobile
1541251693657,respond,q1081,sprint,a,mobile
1541251702501,submit,b1081,sprint,,mobile
1541251706648,enter,b467,sprint,,mobile
1541251723435,respond,q467,sprint,a,mobile
1541251725834,submit,b467,sprint,,mobile
1541251733001,enter,b639,sprint,,mobile
1541251756495,submit,b639,sprint,,mobile
1541251773756,enter,b715,sprint,,mobile
1541251789910,respond,q715,sprint,c,mobile
1541251792346,submit,b715,sprint,,mobile
1541251804855,enter,b769,sprint,,mobile
1541251816102,respond,q769,sprint,b,mobile
1541251820997,submit,b769,sprint,,mobile
1541251826988,enter,b898,sprint,,mobile
1541251844307,respond,q898,sprint,c,mobile
1541251847235,submit,b898,sprint,,mobile
1541251851299,enter,b1391,sprint,,mobile
1541251864788,respond,q1391,sprint,b,mobile
1541251869914,submit,b1391,sprint,,mobile
1541251880738,enter,b561,sprint,,mobile
1541251898258,respond,q561,sprint,b,mobile
1541251900377,submit,b561,sprint,,mobile
1541251920292,enter,b1287,sprint,,mobile
1541251931086,respond,q1287,sprint,a,mobile
1541251934030,submit,b1287,sprint,,mobile
