timestamp,action_type,item_id,source,user_answer,platform
1542160502190,enter,b7369,diagnosis,,mobile
1542160519809,respond,q10018,diagnosis,c,mobile
1542160523594,submit,b7369,diagnosis,,mobile
1542160523693,enter,b3879,diagnosis,,mobile
1542160540194,respond,q5347,diagnosis,c,mobile
1542160549259,submit,b3879,diagnosis,,mobile
1542160549311,enter,b3551,diagnosis,,mobile
1542160568485,respond,q5019,diagnosis,b,mobile
1542160572040,submit,b3551,diagnosis,,mobile
1542160572113,enter,b214,diagnosis,,mobile
1542160589454,respond,q214,diagnosis,c,mobile
1542160593163,submit,b214,diagnosis,,mobile
1542160593229,enter,b218,diagnosis,,mobile
1542160611141,respond,q218,diagnosis,a,mobile
1542160614399,submit,b218,diagnosis,,mobile
1542160614496,enter,b4320,diagnosis,,mobile
1542160633375,respond,q5788,diagnosis,b,mobile
1542160636487,submit,b4320,diagnosis,,mobile
