timestamp,action_type,item_id,source,user_answer,platform
1549507202872,enter,b4239,diagnosis,,mobile
1549507228359,respond,q5707,diagnosis,c,mobile
1549507233464,submit,b4239,diagnosis,,mobile
1549507233526,enter,b5050,diagnosis,,mobile
1549507266458,respond,q6518,diagnosis,d,mobile
1549507270362,submit,b5050,diagnosis,,mobile
1549507270423,enter,b2465,diagnosis,,mobile
1549507307604,respond,q3933,diagnosis,c,mobile
1549507311942,submit,b2465,diagnosis,,mobile
1549507312004,enter,b5128,diagnosis,,mobile
1549507354830,respond,q6722,diagnosis,b,mobile
1549507358255,submit,b5128,diagnosis,,mobile
1549507358311,enter,b3524,diagnosis,,mobile
1549507408983,respond,q4992,diagnosis,a,mobile
1549507412746,submit,b3524,diagnosis,,mobile
1549507412798,enter,b3554,diagnosis,,mobile
1549507436693,respond,q5022,diagnosis,d,mobile
1549507440590,submit,b3554,diagnosis,,mobile
1549507440645,enter,b2446,diagnosis,,mobile
1549507462228,respond,q3914,diagnosis,d,mobile
1549507465537,submit,b2446,diagnosis,,mobile
1549507465590,enter,b4651,diagnosis,,mobile
1549507489248,respond,q6119,diagnosis,c,mobile
1549507492661,submit,b4651,diagnosis,,mobile
1549507492719,enter,b3149,diagnosis,,mobile
1549507517102,respond,q4617,diagnosis,d,mobile
1549507520505,submit,b3149,diagnosis,,mobile
1549507520557,enter,b3551,diagnosis,,mobile
1549507559708,respond,q5019,diagnosis,b,mobile
1549507562811,submit,b3551,diagnosis,,mobile
1549507562866,enter,b5765,diagnosis,,mobile
1549507625371,respond,q8414,diagnosis,d,mobile
1549507629009,respond,q8414,diagnosis,b,mobile
1549507630480,respond,q8414,diagnosis,d,mobile
1549507636527,submit,b5765,diagnosis,,mobile
1549507776367,enter,b1101,sprint,,mobile
1549507793693,respond,q1101,sprint,b,mobile
1549507796234,submit,b1101,sprint,,mobile
1549507804587,enter,b427,sprint,,mobile
1549507822674,respond,q427,sprint,b,mobile
1549507825202,submit,b427,sprint,,mobile
1549962644642,enter,b2300,sprint,,mobile
1549962674461,respond,q3768,sprint,c,mobile
1549962677594,submit,b2300,sprint,,mobile
1549962685973,enter,b3263,sprint,,mobile
1549962696623,respond,q4731,sprint,b,mobile
1549962698539,submit,b3263,sprint,,mobile
1549962703266,enter,b6945,sprint,,mobile
1549962737165,respond,q9594,sprint,c,mobile
1549962739266,submit,b6945,sprint,,mobile
1549962744751,enter,b6500,sprint,,mobile
1549962823666,respond,q9149,sprint,d,mobile
1549962824045,respond,q9149,sprint,c,mobile
1549962829105,submit,b6500,sprint,,mobile
1549962845339,enter,b4730,sprint,,mobile
1549962861302,respond,q6198,sprint,a,mobile
1549962863912,submit,b4730,sprint,,mobile
1549962868356,enter,b3369,sprint,,mobile
1549962908114,respond,q4837,sprint,a,mobile
1549962911111,submit,b3369,sprint,,mobile
1549962916324,enter,b4263,sprint,,mobile
1549962958041,respond,q5731,sprint,c,mobile
1549962959555,respond,q5731,sprint,b,mobile
1549962962792,submit,b4263,sprint,,mobile
1550017776517,enter,b7621,sprint,,mobile
1550017800592,respond,q10270,sprint,a,mobile
1550017803609,submit,b7621,sprint,,mobile
1550017809083,enter,b3096,sprint,,mobile
1550017817294,respond,q4564,sprint,a,mobile
1550017820759,submit,b3096,sprint,,mobile
1550017825825,enter,b3124,sprint,,mobile
1550017861312,respond,q4592,sprint,a,mobile
1550017863541,submit,b3124,sprint,,mobile
1550152920956,enter,b3065,sprint,,mobile
1550152952128,respond,q4533,sprint,c,mobile
1550152954845,submit,b3065,sprint,,mobile
1550152961597,enter,b4716,sprint,,mobile
1550152991131,respond,q6184,sprint,a,mobile
1550152994910,submit,b4716,sprint,,mobile
1550153000705,enter,b2230,sprint,,mobile
1550153043606,respond,q3698,sprint,b,mobile
1550153046328,submit,b2230,sprint,,mobile
1550153051355,enter,b7558,sprint,,mobile
1550153072526,respond,q10207,sprint,c,mobile
1550153075312,submit,b7558,sprint,,mobile
1550153131340,enter,b5833,sprint,,mobile
1550153144742,respond,q8482,sprint,a,mobile
1550153147944,submit,b5833,sprint,,mobile
1550153152790,enter,b4853,sprint,,mobile
1550153162977,respond,q6321,sprint,d,mobile
1550153168747,submit,b4853,sprint,,mobile
1550153175263,enter,b3307,sprint,,mobile
1550153210134,respond,q4775,sprint,b,mobile
1550153213240,submit,b3307,sprint,,mobile
1550378878608,enter,b4103,sprint,,mobile
1550378897010,respond,q5571,sprint,b,mobile
1550378900024,submit,b4103,sprint,,mobile
1550378905529,enter,b6103,sprint,,mobile
1550378910729,respond,q8752,sprint,c,mobile
1550378913453,submit,b6103,sprint,,mobile
1550378918301,enter,b3779,sprint,,mobile
1550378936826,respond,q5247,sprint,b,mobile
1550378939379,submit,b3779,sprint,,mobile
1550378943967,enter,b2655,sprint,,mobile
1550378966024,respond,q4123,sprint,d,mobile
1550378966536,respond,q4123,sprint,b,mobile
1550378969140,submit,b2655,sprint,,mobile
1550378974303,enter,b3821,sprint,,mobile
1550378988281,respond,q5289,sprint,d,mobile
1550378991535,submit,b3821,sprint,,mobile
1550379050651,enter,b7642,sprint,,mobile
1550379071530,respond,q10291,sprint,d,mobile
1550379074352,submit,b7642,sprint,,mobile
