timestamp,action_type,item_id,source,user_answer,platform
1550740582977,enter,b2186,diagnosis,,mobile
1550740612679,respond,q3654,diagnosis,d,mobile
1550740617487,submit,b2186,diagnosis,,mobile
1550740617573,enter,b4360,diagnosis,,mobile
1550740639277,respond,q5828,diagnosis,a,mobile
1550740642793,submit,b4360,diagnosis,,mobile
1550740642858,enter,b2165,diagnosis,,mobile
1550740665979,respond,q3633,diagnosis,d,mobile
1550740668808,submit,b2165,diagnosis,,mobile
1550740668871,enter,b5137,diagnosis,,mobile
1550740683049,respond,q6731,diagnosis,b,mobile
1550740686555,submit,b5137,diagnosis,,mobile
1550740686633,enter,b3779,diagnosis,,mobile
1550740707015,respond,q5247,diagnosis,a,mobile
1550740710554,submit,b3779,diagnosis,,mobile
1550740710600,enter,b3651,diagnosis,,mobile
1550740732391,respond,q5119,diagnosis,b,mobile
1550740735534,submit,b3651,diagnosis,,mobile
1550740735612,enter,b2482,diagnosis,,mobile
1550740750859,respond,q3950,diagnosis,b,mobile
1550740769557,respond,q3950,diagnosis,d,mobile
1550740772608,submit,b2482,diagnosis,,mobile
1550740772666,enter,b5004,diagnosis,,mobile
1550740781334,respond,q6472,diagnosis,b,mobile
1550740784898,submit,b5004,diagnosis,,mobile
1550740784958,enter,b5020,diagnosis,,mobile
1550740812145,respond,q6488,diagnosis,d,mobile
1550740815548,submit,b5020,diagnosis,,mobile
