timestamp,action_type,item_id,source,user_answer,platform
1551682535545,enter,b3997,diagnosis,,mobile
1551682546856,respond,q5465,diagnosis,a,mobile
1551682551885,submit,b3997,diagnosis,,mobile
1551682551950,enter,b3745,diagnosis,,mobile
1551682569415,respond,q5213,diagnosis,c,mobile
1551682572828,submit,b3745,diagnosis,,mobile
1551682572907,enter,b307,diagnosis,,mobile
1551682576939,submit,b307,diagnosis,,mobile
1551723475796,enter,b307,diagnosis,,mobile
1551723494162,respond,q307,diagnosis,c,mobile
1551723499590,submit,b307,diagnosis,,mobile
1551723499656,enter,b219,diagnosis,,mobile
1551723518271,respond,q219,diagnosis,c,mobile
1551723522621,submit,b219,diagnosis,,mobile
1551723522713,enter,b2246,diagnosis,,mobile
1551723539075,respond,q3714,diagnosis,c,mobile
1551723543752,submit,b2246,diagnosis,,mobile
1551723543813,enter,b2476,diagnosis,,mobile
1551723563037,respond,q3944,diagnosis,b,mobile
1551723568047,submit,b2476,diagnosis,,mobile
1551723568104,enter,b5004,diagnosis,,mobile
1551723586364,respond,q6472,diagnosis,c,mobile
1551723590354,submit,b5004,diagnosis,,mobile
1551723590418,enter,b3779,diagnosis,,mobile
1551723613600,respond,q5247,diagnosis,a,mobile
1551723617570,submit,b3779,diagnosis,,mobile
1551723617626,enter,b4191,diagnosis,,mobile
1551723637378,respond,q5659,diagnosis,c,mobile
1551723654442,submit,b4191,diagnosis,,mobile
1551723654500,enter,b4581,diagnosis,,mobile
1551723673241,respond,q6049,diagnosis,b,mobile
1551723680324,submit,b4581,diagnosis,,mobile
1551723680384,enter,b2465,diagnosis,,mobile
1551723694803,respond,q3933,diagnosis,a,mobile
1551723701371,submit,b2465,diagnosis,,mobile
1551778296726,enter,b5598,sprint,,web
1551778329128,respond,q8127,sprint,b,web
1551778330516,submit,b5598,sprint,,web
1551778342024,enter,b16,sprint,,web
1551778368717,respond,q16,sprint,c,web
1551778371578,submit,b16,sprint,,web
1551778381783,enter,b141,sprint,,web
1551778411698,respond,q141,sprint,b,web
1551778413739,submit,b141,sprint,,web
1551778425076,enter,b8001,sprint,,web
1551778449896,respond,q10948,sprint,c,web
1551778451171,submit,b8001,sprint,,web
1551778461694,enter,b111,sprint,,web
1551778466736,respond,q111,sprint,c,web
1551778488337,respond,q111,sprint,a,web
1551778490642,submit,b111,sprint,,web
1551778500877,enter,b5611,sprint,,web
1551778524685,respond,q8140,sprint,b,web
1551778530556,submit,b5611,sprint,,web
1551778545391,enter,b46,sprint,,web
1551778575129,respond,q46,sprint,a,web
1551778576642,submit,b46,sprint,,web
1551778588537,enter,b8030,sprint,,web
1551778611774,respond,q10977,sprint,b,web
1551778616149,submit,b8030,sprint,,web
1551778628990,enter,b5552,sprint,,web
1551778661636,respond,q8081,sprint,c,web
1551778663581,submit,b5552,sprint,,web
1551778677998,enter,b139,sprint,,web
1551778707578,respond,q139,sprint,d,web
1551778708963,submit,b139,sprint,,web
1551778722549,enter,b5604,sprint,,web
1551778758014,respond,q8133,sprint,c,web
1551778759497,submit,b5604,sprint,,web
1551778772530,enter,b8079,sprint,,web
1551778805250,respond,q11026,sprint,c,web
1551778806826,submit,b8079,sprint,,web
1551779167483,enter,b139,adaptive_offer,,web
1551779199895,respond,q139,adaptive_offer,d,web
1551779206048,submit,b139,adaptive_offer,,web
1551779222002,enter,b5610,sprint,,web
1551779241751,respond,q8139,sprint,b,web
1551779242560,submit,b5610,sprint,,web
1551779252910,enter,b5649,sprint,,web
1551779283516,respond,q8178,sprint,c,web
1551779284917,respond,q8178,sprint,d,web
1551779286856,submit,b5649,sprint,,web
1551779300095,enter,b5574,sprint,,web
1551779327964,respond,q8103,sprint,d,web
1551779329847,submit,b5574,sprint,,web
1551779339809,enter,b8229,sprint,,web
1551779369110,respond,q11176,sprint,d,web
1551779370272,submit,b8229,sprint,,web
1551779381732,enter,b5568,sprint,,web
1551779405640,respond,q8097,sprint,a,web
1551779412399,submit,b5568,sprint,,web
1551779422298,enter,b5569,sprint,,web
1551779453987,respond,q8098,sprint,d,web
1551779457694,respond,q8098,sprint,b,web
1551779459019,submit,b5569,sprint,,web
1551779472672,enter,b5584,sprint,,web
1551779507076,respond,q8113,sprint,c,web
1551779508738,submit,b5584,sprint,,web
1551779519633,enter,b8253,sprint,,web
1551779545665,respond,q11200,sprint,b,web
1551779551043,submit,b8253,sprint,,web
1551779562380,enter,b5520,sprint,,web
1551779591005,respond,q8049,sprint,c,web
1551779592494,submit,b5520,sprint,,web
1551779605843,enter,b87,sprint,,web
1551779628084,respond,q87,sprint,b,web
1551779630135,submit,b87,sprint,,web
1551779639926,enter,b5597,sprint,,web
1551779670151,respond,q8126,sprint,c,web
1551779671790,submit,b5597,sprint,,web
1551779684342,enter,b8233,sprint,,web
1551779706091,respond,q11180,sprint,a,web
1551779709049,submit,b8233,sprint,,web
1551779718532,enter,b5529,sprint,,web
1551779741192,respond,q8058,sprint,b,web
1551779743799,submit,b5529,sprint,,web
1551779754470,enter,b5539,sprint,,web
1551779784584,respond,q8068,sprint,c,web
1551779786190,submit,b5539,sprint,,web
1551779806352,enter,b15,sprint,,web
1551779833781,respond,q15,sprint,d,web
1551779835799,submit,b15,sprint,,web
1551779846141,enter,b8241,sprint,,web
1551779865754,respond,q11188,sprint,b,web
1551779867186,submit,b8241,sprint,,web
1551779877961,enter,b146,sprint,,web
1551779907809,respond,q146,sprint,d,web
1551779909651,submit,b146,sprint,,web
1551779919113,enter,b5645,sprint,,web
1551779939735,respond,q8174,sprint,b,web
1551779942903,respond,q8174,sprint,c,web
1551779945597,submit,b5645,sprint,,web
1551779958913,enter,b136,sprint,,web
1551779996609,respond,q136,sprint,c,web
1551779998208,submit,b136,sprint,,web
1551780009831,enter,b8114,sprint,,web
1551780044875,respond,q11061,sprint,a,web
1551780045548,respond,q11061,sprint,b,web
1551780047922,submit,b8114,sprint,,web
1551781626339,enter,b467,sprint,,web
1551781649077,respond,q467,sprint,a,web
1551781649883,submit,b467,sprint,,web
1551781659233,enter,b689,sprint,,web
1551781682909,respond,q689,sprint,a,web
1551781683997,submit,b689,sprint,,web
1551781695632,enter,b811,sprint,,web
1551781720102,respond,q811,sprint,a,web
1551781721230,submit,b811,sprint,,web
1551781739020,enter,b8312,sprint,,web
1551781761101,respond,q11259,sprint,c,web
1551781761963,submit,b8312,sprint,,web
1551781772867,enter,b701,sprint,,web
1551781789267,respond,q701,sprint,a,web
1551781791277,submit,b701,sprint,,web
1551781799325,enter,b990,sprint,,web
1551781817334,respond,q990,sprint,b,web
1551781818247,submit,b990,sprint,,web
1551781831782,enter,b534,sprint,,web
1551781853289,respond,q534,sprint,a,web
1551781854263,submit,b534,sprint,,web
1551781862019,enter,b8302,sprint,,web
1551781882232,respond,q11249,sprint,b,web
1551781884384,submit,b8302,sprint,,web
1551781892244,enter,b1072,sprint,,web
1551781916102,respond,q1072,sprint,b,web
1551781917404,submit,b1072,sprint,,web
1551782117003,enter,b990,adaptive_offer,,web
1551782138123,respond,q990,adaptive_offer,c,web
1551782139254,submit,b990,adaptive_offer,,web
1551782148410,enter,b1072,adaptive_offer,,web
1551782162769,respond,q1072,adaptive_offer,a,web
1551782164769,submit,b1072,adaptive_offer,,web
1551782200035,enter,b1368,sprint,,web
1551782218374,respond,q1368,sprint,b,web
1551782220054,submit,b1368,sprint,,web
1551782229620,enter,b896,sprint,,web
1551782252347,respond,q896,sprint,c,web
1551782253061,submit,b896,sprint,,web
1551782265872,enter,b8314,sprint,,web
1551782284845,respond,q11261,sprint,b,web
1551782286742,submit,b8314,sprint,,web
1551782295740,enter,b753,sprint,,web
1551782314055,respond,q753,sprint,a,web
1551782314893,submit,b753,sprint,,web
1551782323410,enter,b836,sprint,,web
1551782344099,respond,q836,sprint,b,web
1551782345010,submit,b836,sprint,,web
1551782354410,enter,b803,sprint,,web
1551782375102,respond,q803,sprint,c,web
1551782375794,submit,b803,sprint,,web
1551944399985,enter,b1734,sprint,,web
1551944445317,respond,q2400,sprint,d,web
1551944463480,respond,q2402,sprint,b,web
1551944475115,respond,q2401,sprint,d,web
1551944476195,submit,b1734,sprint,,web
1551944508226,enter,b1474,sprint,,web
1551944571065,respond,q1622,sprint,d,web
1551944578664,respond,q1620,sprint,c,web
1551944585042,respond,q1621,sprint,b,web
1551944587784,submit,b1474,sprint,,web
1551944645483,enter,b1518,sprint,,web
1551944711226,respond,q1753,sprint,b,web
1551944717539,respond,q1754,sprint,b,web
1551944721897,respond,q1752,sprint,b,web
1551944722980,submit,b1518,sprint,,web
1551945506644,enter,b1575,sprint,,web
1551945543823,respond,q1923,sprint,b,web
1551945566927,respond,q1924,sprint,c,web
1551945570384,respond,q1924,sprint,d,web
1551945580800,respond,q1925,sprint,a,web
1551945590272,submit,b1575,sprint,,web
1551945644142,enter,b1422,sprint,,web
1551945683349,respond,q1465,sprint,b,web
1551945707575,respond,q1466,sprint,b,web
1551945715554,respond,q1464,sprint,c,web
1551945716113,submit,b1422,sprint,,web
1551945744208,enter,b1535,sprint,,web
1551945809709,respond,q1805,sprint,d,web
1551945817004,respond,q1803,sprint,a,web
1551945825015,respond,q1804,sprint,b,web
1551945826766,submit,b1535,sprint,,web
1551945857484,enter,b1421,sprint,,web
1551945913289,respond,q1461,sprint,d,web
1551945924333,respond,q1462,sprint,d,web
1551945931095,respond,q1463,sprint,a,web
1551945932069,submit,b1421,sprint,,web
1551946681719,enter,b1772,sprint,,web
1551946752861,respond,q2516,sprint,b,web
1551946764547,respond,q2514,sprint,a,web
1551946780569,respond,q2515,sprint,d,web
1551946781879,respond,q2515,sprint,c,web
1551946783813,respond,q2515,sprint,d,web
1551946785101,respond,q2515,sprint,c,web
1551946786012,submit,b1772,sprint,,web
1551946822917,enter,b1653,sprint,,web
1551946868797,respond,q2158,sprint,a,web
1551946882069,respond,q2157,sprint,b,web
1551946890531,respond,q2159,sprint,d,web
1551946900459,submit,b1653,sprint,,web
1551946955336,enter,b1930,sprint,,web
1551947032077,respond,q2989,sprint,a,web
1551947049351,respond,q2990,sprint,b,web
1551947053452,respond,q2988,sprint,c,web
1551947054421,submit,b1930,sprint,,web
1551947085677,enter,b2032,sprint,,web
1551947343514,submit,b2032,sprint,,web
1551947388316,enter,b1972,sprint,,web
1551947433959,respond,q3114,sprint,b,web
1551947451011,respond,q3115,sprint,a,web
1551947458904,respond,q3116,sprint,c,web
1551947459861,submit,b1972,sprint,,web
1551948202839,enter,b2039,sprint,,web
1551948301655,respond,q3316,sprint,d,web
1551948306043,respond,q3317,sprint,a,web
1551948317258,respond,q3315,sprint,d,web
1551948318383,respond,q3315,sprint,c,web
1551948319526,respond,q3315,sprint,b,web
1551948320428,submit,b2039,sprint,,web
1551954169271,enter,b77,sprint,,web
1551954178242,submit,b77,sprint,,web
1551954192575,enter,b2574,sprint,,web
1551954201270,respond,q4042,sprint,b,web
1551954202528,submit,b2574,sprint,,web
1551954221901,enter,b4629,sprint,,web
1551954239300,respond,q6097,sprint,a,web
1551954240319,submit,b4629,sprint,,web
1551954260323,enter,b3924,sprint,,web
1551954279183,respond,q5392,sprint,a,web
1551954282367,respond,q5392,sprint,b,web
1551954285286,submit,b3924,sprint,,web
1551954322979,enter,b6254,sprint,,web
1551954355846,respond,q8903,sprint,d,web
1551954358469,respond,q8903,sprint,a,web
1551954359289,submit,b6254,sprint,,web
1551954379308,enter,b4858,sprint,,web
1551954396972,respond,q6326,sprint,c,web
1551954398130,respond,q6326,sprint,d,web
1551954399155,respond,q6326,sprint,c,web
1551954401530,submit,b4858,sprint,,web
1551954408924,enter,b3937,sprint,,web
1551954422689,respond,q5405,sprint,a,web
1551954424020,submit,b3937,sprint,,web
1551954455907,enter,b4392,sprint,,web
1551954466967,respond,q5860,sprint,b,web
1551954468832,submit,b4392,sprint,,web
1551954474684,enter,b6490,sprint,,web
1551954494510,respond,q9139,sprint,c,web
1551954497284,respond,q9139,sprint,d,web
1551954497858,submit,b6490,sprint,,web
1551954507746,enter,b2442,sprint,,web
1551954539390,respond,q3910,sprint,b,web
1551954544095,submit,b2442,sprint,,web
1551954553199,enter,b2306,sprint,,web
1551954563330,respond,q3774,sprint,a,web
1551954566523,submit,b2306,sprint,,web
1551954571750,enter,b3986,sprint,,web
1551954581965,respond,q5454,sprint,b,web
1551954585601,respond,q5454,sprint,d,web
1551954587197,submit,b3986,sprint,,web
1551954594218,enter,b7207,sprint,,web
1551954604316,respond,q9856,sprint,c,web
1551954605967,submit,b7207,sprint,,web
1551954611168,enter,b3069,sprint,,web
1551954624864,respond,q4537,sprint,a,web
1551954625617,submit,b3069,sprint,,web
1551954631518,enter,b2232,sprint,,web
1551954645904,respond,q3700,sprint,a,web
1551954650023,respond,q3700,sprint,b,web
1551954650925,submit,b2232,sprint,,web
1551954666757,enter,b4223,sprint,,web
1551954678605,respond,q5691,sprint,c,web
1551954679319,submit,b4223,sprint,,web
1551954689593,enter,b7277,sprint,,web
1551954697883,respond,q9926,sprint,a,web
1551954699450,submit,b7277,sprint,,web
1551954704661,enter,b3589,sprint,,web
1551954724218,respond,q5057,sprint,b,web
1551954725217,submit,b3589,sprint,,web
1551954732803,enter,b5055,sprint,,web
1551954745260,respond,q6523,sprint,a,web
1551954746619,respond,q6523,sprint,b,web
1551954748337,submit,b5055,sprint,,web
1551954754130,enter,b2325,sprint,,web
1551954770097,respond,q3793,sprint,d,web
1551954771517,submit,b2325,sprint,,web
1551954778780,enter,b5713,sprint,,web
1551954787212,respond,q8362,sprint,a,web
1551954790847,submit,b5713,sprint,,web
1551954796392,enter,b2187,sprint,,web
1551954810959,respond,q3655,sprint,c,web
1551954815489,submit,b2187,sprint,,web
1551954826887,enter,b4977,sprint,,web
1551954846332,respond,q6445,sprint,d,web
1551954852143,submit,b4977,sprint,,web
1551954858691,enter,b2223,sprint,,web
1551954875440,respond,q3691,sprint,b,web
1551954877174,submit,b2223,sprint,,web
1551954895800,enter,b7548,sprint,,web
1551954920277,respond,q10197,sprint,d,web
1551954922196,submit,b7548,sprint,,web
1551954932108,enter,b2138,sprint,,web
1551954943245,respond,q3606,sprint,a,web
1551954944412,submit,b2138,sprint,,web
1551954951641,enter,b4299,sprint,,web
1551954963715,respond,q5767,sprint,b,web
1551954966896,submit,b4299,sprint,,web
1551954972533,enter,b4720,sprint,,web
1551954985921,respond,q6188,sprint,b,web
1551954987739,submit,b4720,sprint,,web
1551955014914,enter,b6298,sprint,,web
1551955039476,respond,q8947,sprint,d,web
1551955040625,submit,b6298,sprint,,web
1551955046114,enter,b2462,sprint,,web
1551955062720,respond,q3930,sprint,a,web
1551955064510,submit,b2462,sprint,,web
1551955069514,enter,b2553,sprint,,web
1551955115620,respond,q4021,sprint,c,web
1551955116399,submit,b2553,sprint,,web
1551955199340,enter,b5195,sprint,,web
1551955279475,respond,q6876,sprint,b,web
1551955323760,respond,q6875,sprint,c,web
1551955341198,respond,q6874,sprint,a,web
1551955354875,respond,q6873,sprint,a,web
1551955367039,respond,q6873,sprint,c,web
1551955370899,submit,b5195,sprint,,web
1551955404037,enter,b5199,sprint,,web
1551955420757,respond,q6889,sprint,a,web
1551955450742,respond,q6890,sprint,b,web
1551955461105,respond,q6891,sprint,d,web
1551955487148,respond,q6892,sprint,b,web
1551955488007,submit,b5199,sprint,,web
1551955502392,enter,b5187,sprint,,web
1551955513117,respond,q6841,sprint,b,web
1551955523164,respond,q6842,sprint,c,web
1551955579377,respond,q6843,sprint,d,web
1551955610893,respond,q6844,sprint,b,web
1551955612953,respond,q6843,sprint,b,web
1551955613559,respond,q6843,sprint,a,web
1551955624383,submit,b5187,sprint,,web
1551958692461,enter,b5337,sprint,,web
1551958720243,respond,q7398,sprint,b,web
1551958740352,respond,q7398,sprint,c,web
1551958804275,respond,q7399,sprint,c,web
1551958808598,respond,q7399,sprint,d,web
1551958829611,respond,q7400,sprint,b,web
1551958895602,respond,q7401,sprint,b,web
1551958896544,submit,b5337,sprint,,web
1551958910871,enter,b5467,sprint,,web
1551958951884,respond,q7851,sprint,b,web
1551958954794,respond,q7852,sprint,a,web
1551958969635,respond,q7852,sprint,c,web
1551959072654,respond,q7854,sprint,b,web
1551959083189,respond,q7853,sprint,c,web
1551959102008,respond,q7853,sprint,a,web
1551959128785,respond,q7855,sprint,b,web
1551959130054,submit,b5467,sprint,,web
1551959163506,enter,b5299,sprint,,web
1551959188352,respond,q7247,sprint,c,web
1551959280705,respond,q7249,sprint,d,web
1551959340804,respond,q7250,sprint,a,web
1551959359246,respond,q7251,sprint,b,web
1551959388992,respond,q7248,sprint,b,web
1551959390699,submit,b5299,sprint,,web
1551959414689,enter,b5367,sprint,,web
1551959431035,respond,q7510,sprint,b,web
1551959491474,respond,q7511,sprint,c,web
1551959534051,respond,q7512,sprint,d,web
1551959589298,respond,q7513,sprint,a,web
1551959608948,respond,q7514,sprint,b,web
1551959628602,submit,b5367,sprint,,web
1551959758220,enter,b5323,sprint,,web
1551959812330,respond,q7339,sprint,b,web
1551959865413,respond,q7340,sprint,a,web
1551959888009,respond,q7341,sprint,c,web
1551959919602,respond,q7342,sprint,d,web
1551959920080,submit,b5323,sprint,,web
1551959937166,enter,b5685,sprint,,web
1551960019887,respond,q8222,sprint,c,web
1551960032397,respond,q8223,sprint,b,web
1551960080948,respond,q8224,sprint,d,web
1551960120571,respond,q8225,sprint,b,web
1551960180971,respond,q8226,sprint,b,web
1551960188133,submit,b5685,sprint,,web
1551960569349,enter,b4924,sprint,,web
1551960597180,respond,q6392,sprint,b,web
1551960599207,submit,b4924,sprint,,web
1551960610815,enter,b5674,sprint,,web
1551960633209,respond,q8203,sprint,c,web
1551960634074,respond,q8203,sprint,d,web
1551960635007,submit,b5674,sprint,,web
1551960640635,enter,b4867,sprint,,web
1551960657978,respond,q6335,sprint,b,web
1551960658869,submit,b4867,sprint,,web
1551960673394,enter,b3799,sprint,,web
1551960701614,respond,q5267,sprint,d,web
1551960705671,respond,q5267,sprint,c,web
1551960706750,respond,q5267,sprint,b,web
1551960707229,respond,q5267,sprint,c,web
1551960708972,submit,b3799,sprint,,web
1551960714283,enter,b3592,sprint,,web
1551960722609,respond,q5060,sprint,c,web
1551960729658,respond,q5060,sprint,d,web
1551960732671,submit,b3592,sprint,,web
1551960739315,enter,b6412,sprint,,web
1551960760648,respond,q9061,sprint,c,web
1551960768151,respond,q9061,sprint,a,web
1551960768966,submit,b6412,sprint,,web
1551960774478,enter,b3643,sprint,,web
1551960796151,respond,q5111,sprint,a,web
1551960797014,submit,b3643,sprint,,web
1551960802728,enter,b3774,sprint,,web
1551960811148,respond,q5242,sprint,a,web
1551960812344,submit,b3774,sprint,,web
1551960817678,enter,b5049,sprint,,web
1551960833444,respond,q6517,sprint,c,web
1551960834357,submit,b5049,sprint,,web
1551960839834,enter,b6228,sprint,,web
1551960847014,respond,q8877,sprint,c,web
1551960848213,submit,b6228,sprint,,web
1552288778880,enter,b7995,sprint,,web
1552288815884,respond,q10924,sprint,c,web
1552288834795,respond,q10925,sprint,b,web
1552288851022,respond,q10926,sprint,c,web
1552288875028,respond,q10927,sprint,d,web
1552288875631,submit,b7995,sprint,,web
1552289286478,enter,b7923,sprint,,web
1552289305070,respond,q10646,sprint,c,web
1552289393443,respond,q10647,sprint,a,web
1552289398951,respond,q10647,sprint,c,web
1552289436079,respond,q10648,sprint,a,web
1552289447286,respond,q10649,sprint,b,web
1552289449948,submit,b7923,sprint,,web
1552289484053,enter,b5213,sprint,,web
1552289512996,respond,q6945,sprint,c,web
1552289528417,respond,q6946,sprint,c,web
1552289567343,respond,q6947,sprint,a,web
1552289572110,respond,q6947,sprint,d,web
1552289590279,respond,q6948,sprint,c,web
1552289601332,respond,q6948,sprint,b,web
1552289603606,submit,b5213,sprint,,web
1552289675948,enter,b7921,sprint,,web
1552289706172,respond,q10638,sprint,c,web
1552289730009,respond,q10639,sprint,d,web
1552289745412,respond,q10640,sprint,d,web
1552289785523,respond,q10641,sprint,a,web
1552289786501,submit,b7921,sprint,,web
1552289887113,enter,b8508,sprint,,web
1552289897538,respond,q11699,sprint,c,web
1552289929839,respond,q11700,sprint,c,web
1552290005161,respond,q11701,sprint,b,web
1552290016565,respond,q11702,sprint,b,web
1552290023980,respond,q11701,sprint,a,web
1552290027961,submit,b8508,sprint,,web
1552290376539,enter,b5189,sprint,,web
1552290406804,respond,q6849,sprint,c,web
1552290430315,respond,q6850,sprint,d,web
1552290457395,respond,q6851,sprint,b,web
1552290474672,respond,q6852,sprint,c,web
1552290475264,submit,b5189,sprint,,web
1552290522817,enter,b5175,sprint,,web
1552290561054,respond,q6793,sprint,a,web
1552290573447,respond,q6793,sprint,b,web
1552290609635,respond,q6794,sprint,d,web
1552290653146,respond,q6796,sprint,c,web
1552290688095,respond,q6795,sprint,a,web
1552290688969,submit,b5175,sprint,,web
1552290703771,enter,b5176,sprint,,web
1552290758107,respond,q6797,sprint,b,web
1552290792150,respond,q6799,sprint,c,web
1552290808098,respond,q6800,sprint,c,web
1552290818306,respond,q6798,sprint,b,web
1552290823101,submit,b5176,sprint,,web
1552291882693,enter,b7977,sprint,,web
1552291904424,respond,q10852,sprint,b,web
1552291927670,respond,q10853,sprint,a,web
1552291939335,respond,q10853,sprint,d,web
1552291972819,respond,q10854,sprint,d,web
1552291993028,respond,q10855,sprint,b,web
1552291998702,respond,q10855,sprint,c,web
1552291999801,submit,b7977,sprint,,web
1552292024903,enter,b5181,sprint,,web
1552292073057,respond,q6817,sprint,c,web
1552292088105,respond,q6818,sprint,a,web
1552292139449,respond,q6820,sprint,a,web
1552292198030,respond,q6819,sprint,d,web
1552292200587,submit,b5181,sprint,,web
1552292218431,enter,b5222,sprint,,web
1552292246481,respond,q6981,sprint,b,web
1552292256658,respond,q6982,sprint,b,web
1552292271321,respond,q6983,sprint,c,web
1552292313536,respond,q6984,sprint,c,web
1552292314491,submit,b5222,sprint,,web
1552292343830,enter,b5223,sprint,,web
1552292378562,respond,q6985,sprint,d,web
1552292385999,respond,q6985,sprint,b,web
1552292429913,respond,q6986,sprint,b,web
1552292454645,respond,q6987,sprint,c,web
1552292483019,respond,q6988,sprint,a,web
1552292484037,submit,b5223,sprint,,web
1552292878511,enter,b7974,sprint,,web
1552292900258,respond,q10840,sprint,c,web
1552292945322,respond,q10841,sprint,b,web
1552292957475,respond,q10842,sprint,d,web
1552292975699,respond,q10843,sprint,a,web
1552292977504,submit,b7974,sprint,,web
1552293007003,enter,b5105,sprint,,web
1552293064254,respond,q6634,sprint,a,web
1552293088005,respond,q6635,sprint,a,web
1552293096497,respond,q6636,sprint,b,web
1552293134858,respond,q6633,sprint,a,web
1552293135772,submit,b5105,sprint,,web
1552294432106,enter,b7923,adaptive_offer,,web
1552294441451,respond,q10646,adaptive_offer,c,web
1552294465582,respond,q10647,adaptive_offer,c,web
1552294468870,respond,q10648,adaptive_offer,a,web
1552294555952,respond,q10649,adaptive_offer,a,web
1552294556892,submit,b7923,adaptive_offer,,web
1552294858418,enter,b5195,adaptive_offer,,web
1552294908384,respond,q6873,adaptive_offer,d,web
1552294925477,respond,q6874,adaptive_offer,a,web
1552294951629,respond,q6875,adaptive_offer,b,web
1552294978632,respond,q6876,adaptive_offer,a,web
1552294979580,submit,b5195,adaptive_offer,,web
1552295045373,enter,b2721,sprint,,web
1552295053800,respond,q4189,sprint,a,web
1552295062619,submit,b2721,sprint,,web
1552295117168,enter,b2742,sprint,,web
1552295145842,respond,q4210,sprint,d,web
1552295147172,submit,b2742,sprint,,web
1552295153217,enter,b4267,sprint,,web
1552295192368,respond,q5735,sprint,b,web
1552295197018,respond,q5735,sprint,d,web
1552295198535,submit,b4267,sprint,,web
1552295205845,enter,b5893,sprint,,web
1552295218578,respond,q8542,sprint,c,web
1552295219496,submit,b5893,sprint,,web
1552295233210,enter,b4606,sprint,,web
1552295255519,respond,q6074,sprint,b,web
1552295256604,submit,b4606,sprint,,web
1552295265369,enter,b7402,sprint,,web
1552295297471,respond,q10051,sprint,c,web
1552295299346,submit,b7402,sprint,,web
1552295372266,enter,b3780,sprint,,web
1552295416945,respond,q5248,sprint,c,web
1552295418218,respond,q5248,sprint,a,web
1552295421917,submit,b3780,sprint,,web
1552295428741,enter,b7490,sprint,,web
1552295472432,respond,q10139,sprint,b,web
1552295474362,submit,b7490,sprint,,web
1552295484372,enter,b4270,sprint,,web
1552295508287,respond,q5738,sprint,c,web
1552295521329,submit,b4270,sprint,,web
1552295769203,enter,b4270,adaptive_offer,,web
1552295818933,respond,q5738,adaptive_offer,b,web
1552295820405,submit,b4270,adaptive_offer,,web
1552295827452,enter,b2442,adaptive_offer,,web
1552295862647,respond,q3910,adaptive_offer,a,web
1552295863648,submit,b2442,adaptive_offer,,web
1552295948732,enter,b4696,sprint,,web
1552295959462,respond,q6164,sprint,c,web
1552295960675,submit,b4696,sprint,,web
1552470163905,enter,b4751,sprint,,web
1552470175363,respond,q6219,sprint,d,web
1552470177174,submit,b4751,sprint,,web
1552470185560,enter,b5742,sprint,,web
1552470215063,respond,q8391,sprint,b,web
1552470216300,submit,b5742,sprint,,web
1552470227036,enter,b3765,sprint,,web
1552470238719,respond,q5233,sprint,a,web
1552470240074,submit,b3765,sprint,,web
1552470246418,enter,b2713,sprint,,web
1552470268600,respond,q4181,sprint,d,web
1552470281542,respond,q4181,sprint,c,web
1552470282638,submit,b2713,sprint,,web
1552470293383,enter,b3563,sprint,,web
1552470312007,respond,q5031,sprint,b,web
1552470318371,submit,b3563,sprint,,web
1552470342969,enter,b6223,sprint,,web
1552470349595,respond,q8872,sprint,a,web
1552470353790,submit,b6223,sprint,,web
1552470359271,enter,b4215,sprint,,web
1552470366976,respond,q5683,sprint,c,web
1552470390593,respond,q5683,sprint,b,web
1552470392747,submit,b4215,sprint,,web
1552470417745,enter,b4866,sprint,,web
1552470446096,respond,q6334,sprint,b,web
1552470446991,submit,b4866,sprint,,web
1552470525166,enter,b3331,sprint,,web
1552470557356,respond,q4799,sprint,d,web
1552470558234,submit,b3331,sprint,,web
1552470565111,enter,b6218,sprint,,web
1552470580671,respond,q8867,sprint,a,web
1552470586232,submit,b6218,sprint,,web
1552470680683,enter,b4215,adaptive_offer,,web
1552470685040,respond,q5683,adaptive_offer,a,web
1552470685908,submit,b4215,adaptive_offer,,web
1552470693269,enter,b2223,adaptive_offer,,web
1552470716072,respond,q3691,adaptive_offer,a,web
1552470717346,submit,b2223,adaptive_offer,,web
1552470815971,enter,b5167,sprint,,web
1552470841000,respond,q6761,sprint,d,web
1552470854235,respond,q6762,sprint,b,web
1552470868302,respond,q6763,sprint,b,web
1552470876428,respond,q6764,sprint,b,web
1552470877833,submit,b5167,sprint,,web
1552470890456,enter,b5120,sprint,,web
1552470905834,respond,q6693,sprint,d,web
1552470914948,respond,q6694,sprint,d,web
1552470939703,respond,q6695,sprint,c,web
1552470955403,respond,q6696,sprint,a,web
1552470956835,submit,b5120,sprint,,web
1552471578974,enter,b7948,sprint,,web
1552471598269,respond,q10736,sprint,c,web
1552471612288,respond,q10737,sprint,c,web
1552471623132,respond,q10737,sprint,a,web
1552471632709,respond,q10738,sprint,a,web
1552471662680,respond,q10739,sprint,d,web
1552471663484,submit,b7948,sprint,,web
1552471676976,enter,b7920,sprint,,web
1552471709742,respond,q10634,sprint,b,web
1552471720314,respond,q10635,sprint,a,web
1552471748182,respond,q10636,sprint,a,web
1552471812375,respond,q10637,sprint,d,web
1552471813703,submit,b7920,sprint,,web
1552471837192,enter,b5089,sprint,,web
1552471846710,respond,q6569,sprint,a,web
1552471904864,respond,q6571,sprint,c,web
1552471949622,respond,q6572,sprint,d,web
1552471985606,respond,q6570,sprint,c,web
1552471986472,submit,b5089,sprint,,web
1552472077736,enter,b5191,sprint,,web
1552472088058,respond,q6857,sprint,c,web
1552472113500,respond,q6858,sprint,a,web
1552472159151,respond,q6859,sprint,c,web
1552472208127,respond,q6860,sprint,d,web
1552472212024,submit,b5191,sprint,,web
1552472232490,enter,b7959,sprint,,web
1552472309574,respond,q10781,sprint,b,web
1552472333413,respond,q10782,sprint,c,web
1552472345035,respond,q10783,sprint,b,web
1552472374257,respond,q10780,sprint,d,web
1552472375201,submit,b7959,sprint,,web
1552472432415,enter,b5214,sprint,,web
1552472450288,respond,q6949,sprint,d,web
1552472455777,respond,q6949,sprint,c,web
1552472468851,respond,q6950,sprint,a,web
1552472476716,respond,q6949,sprint,d,web
1552472504299,respond,q6951,sprint,d,web
1552472524357,respond,q6952,sprint,d,web
1552472549919,submit,b5214,sprint,,web
1552472582891,enter,b5113,sprint,,web
1552472591891,respond,q6665,sprint,c,web
1552472611042,respond,q6666,sprint,b,web
1552472626280,respond,q6668,sprint,a,web
1552472680118,respond,q6667,sprint,a,web
1552472681558,submit,b5113,sprint,,web
1552472695960,enter,b5168,sprint,,web
1552472722176,respond,q6765,sprint,d,web
1552472755167,respond,q6767,sprint,b,web
1552472774822,respond,q6768,sprint,c,web
1552472794806,respond,q6766,sprint,c,web
1552472797897,submit,b5168,sprint,,web
1552472812923,enter,b8543,sprint,,web
1552472824683,respond,q11839,sprint,b,web
1552472838771,respond,q11840,sprint,c,web
1552472864966,respond,q11842,sprint,c,web
1552472877516,respond,q11841,sprint,b,web
1552472918606,submit,b8543,sprint,,web
1552473788778,enter,b5089,adaptive_offer,,web
1552473812623,respond,q6569,adaptive_offer,a,web
1552473827141,respond,q6570,adaptive_offer,c,web
1552473834882,respond,q6571,adaptive_offer,b,web
1552473838911,respond,q6572,adaptive_offer,c,web
1552473839589,submit,b5089,adaptive_offer,,web
1552473878667,enter,b5194,sprint,,web
1552473891013,respond,q6869,sprint,a,web
1552473912319,respond,q6870,sprint,b,web
1552473939492,respond,q6871,sprint,d,web
1552473984214,respond,q6872,sprint,b,web
1552473986431,submit,b5194,sprint,,web
1552474001594,enter,b5206,sprint,,web
1552474027044,respond,q6917,sprint,c,web
1552474047469,respond,q6918,sprint,c,web
1552474086932,respond,q6920,sprint,c,web
1552474109709,respond,q6919,sprint,a,web
1552474115052,respond,q6919,sprint,c,web
1552474116462,submit,b5206,sprint,,web
1552474148465,enter,b7922,sprint,,web
1552474177696,respond,q10642,sprint,b,web
1552474204388,respond,q10643,sprint,c,web
1552474212979,respond,q10644,sprint,a,web
1552474270759,respond,q10645,sprint,d,web
1552474276200,submit,b7922,sprint,,web
1552474309478,enter,b8538,sprint,,web
1552474329525,respond,q11819,sprint,c,web
1552474346516,respond,q11820,sprint,a,web
1552474360117,respond,q11820,sprint,d,web
1552474370938,respond,q11821,sprint,b,web
1552474381286,respond,q11822,sprint,b,web
1552474382575,submit,b8538,sprint,,web
1552474460585,enter,b5683,sprint,,web
1552474565125,respond,q8212,sprint,b,web
1552474677814,respond,q8216,sprint,b,web
1552474688430,respond,q8215,sprint,c,web
1552474706622,respond,q8214,sprint,c,web
1552474715406,respond,q8213,sprint,a,web
1552474718820,submit,b5683,sprint,,web
1552900484051,enter,b5284,sprint,,web
1552900511350,respond,q7192,sprint,a,web
1552900626857,respond,q7194,sprint,a,web
1552900643904,respond,q7193,sprint,b,web
1552900690973,respond,q7196,sprint,b,web
1552900701032,respond,q7195,sprint,c,web
1552900708276,submit,b5284,sprint,,web
1552904438990,enter,b5469,sprint,,web
1552904458089,respond,q7861,sprint,a,web
1552904675514,respond,q7863,sprint,d,web
1552904727614,respond,q7863,sprint,b,web
1552904794682,respond,q7864,sprint,c,web
1552904866303,respond,q7865,sprint,a,web
1552904909428,respond,q7862,sprint,c,web
1552904912444,respond,q7862,sprint,d,web
1552904913383,submit,b5469,sprint,,web
1552905051800,enter,b5710,sprint,,web
1552905092473,respond,q8347,sprint,c,web
1552905122307,respond,q8348,sprint,a,web
1552905260406,respond,q8350,sprint,b,web
1552905273595,respond,q8351,sprint,d,web
1552905322285,respond,q8349,sprint,c,web
1552905323383,submit,b5710,sprint,,web
1552905392874,enter,b5461,sprint,,web
1552905468389,respond,q7823,sprint,a,web
1552905549598,respond,q7824,sprint,a,web
1552905582967,respond,q7825,sprint,a,web
1552905584528,submit,b5461,sprint,,web
1552905669595,enter,b5501,sprint,,web
1552905731663,respond,q7973,sprint,b,web
1552905798607,respond,q7974,sprint,a,web
1552905878364,respond,q7975,sprint,d,web
1552905892290,respond,q7976,sprint,b,web
1552906034313,respond,q7977,sprint,c,web
1552906035781,submit,b5501,sprint,,web
1552906133190,enter,b5373,sprint,,web
1552906328329,respond,q7540,sprint,d,web
1552906355960,respond,q7540,sprint,a,web
1552906413480,respond,q7542,sprint,c,web
1552906430034,respond,q7541,sprint,b,web
1552906432083,respond,q7541,sprint,a,web
1552906468569,respond,q7543,sprint,d,web
1552906500884,respond,q7544,sprint,b,web
1552906501912,submit,b5373,sprint,,web
1552907256031,enter,b5354,sprint,,web
1552907374262,respond,q7461,sprint,a,web
1552907480999,respond,q7463,sprint,b,web
1552907501724,respond,q7464,sprint,d,web
1552907517801,respond,q7460,sprint,a,web
1552907548480,respond,q7462,sprint,d,web
1552907551585,submit,b5354,sprint,,web
1552907574025,enter,b5463,sprint,,web
1552907627617,respond,q7831,sprint,b,web
1552907705608,respond,q7832,sprint,a,web
1552907721408,respond,q7832,sprint,c,web
1552907723801,respond,q7832,sprint,a,web
1552907724283,respond,q7832,sprint,b,web
1552907833303,respond,q7833,sprint,a,web
1552907850067,respond,q7834,sprint,d,web
1552907893573,respond,q7835,sprint,b,web
1552907904172,submit,b5463,sprint,,web
1552907970307,enter,b5239,sprint,,web
1552908007863,respond,q7049,sprint,a,web
1552908062367,respond,q7050,sprint,c,web
1552908159207,respond,q7052,sprint,a,web
1552908168294,respond,q7053,sprint,c,web
1552908189226,respond,q7053,sprint,d,web
1552908256400,respond,q7051,sprint,b,web
1552908257884,submit,b5239,sprint,,web
1552908294642,enter,b5231,sprint,,web
1552908328989,respond,q7013,sprint,b,web
1552908478601,respond,q7015,sprint,a,web
1552908494201,respond,q7016,sprint,a,web
1552908507194,respond,q7017,sprint,c,web
1552908608355,respond,q7014,sprint,b,web
1552908609518,submit,b5231,sprint,,web
1552908769710,enter,b5705,sprint,,web
1552908841848,respond,q8322,sprint,c,web
1552908854488,respond,q8322,sprint,b,web
1552908881299,respond,q8323,sprint,d,web
1552908943637,respond,q8324,sprint,d,web
1552909012444,respond,q8325,sprint,a,web
1552909026208,respond,q8325,sprint,b,web
1552909037021,respond,q8326,sprint,b,web
1552909054323,respond,q8326,sprint,c,web
1552909059053,submit,b5705,sprint,,web
1552909230972,enter,b2710,sprint,,web
1552909244785,respond,q4178,sprint,c,web
1552909245948,submit,b2710,sprint,,web
1552909253233,enter,b3788,sprint,,web
1552909262967,respond,q5256,sprint,b,web
1552909265499,submit,b3788,sprint,,web
1552909275146,enter,b3783,sprint,,web
1552909302942,respond,q5251,sprint,c,web
1552909310682,submit,b3783,sprint,,web
1552909324550,enter,b7656,sprint,,web
1552909343072,respond,q10305,sprint,d,web
1552909345271,submit,b7656,sprint,,web
1552909354339,enter,b5152,sprint,,web
1552909385602,respond,q6746,sprint,b,web
1552909392412,submit,b5152,sprint,,web
1552909400204,enter,b2934,sprint,,web
1552909408877,respond,q4402,sprint,a,web
1552909409485,submit,b2934,sprint,,web
1553141309297,enter,b77,sprint,,web
1553141343014,respond,q77,sprint,c,web
1553141343806,submit,b77,sprint,,web
1553141358847,enter,b5637,sprint,,web
1553141389248,respond,q8166,sprint,d,web
1553141391069,submit,b5637,sprint,,web
1553141405476,enter,b86,sprint,,web
1553141436491,respond,q86,sprint,a,web
1553141437614,submit,b86,sprint,,web
1553141448530,enter,b8163,sprint,,web
1553141480216,respond,q11110,sprint,a,web
1553141481856,submit,b8163,sprint,,web
1553141494161,enter,b188,sprint,,web
1553141524140,respond,q188,sprint,c,web
1553141525485,submit,b188,sprint,,web
1553141546912,enter,b74,sprint,,web
1553141573748,respond,q74,sprint,a,web
1553141575969,submit,b74,sprint,,web
1553141627380,enter,b5626,sprint,,web
1553141657511,respond,q8155,sprint,a,web
1553141658348,submit,b5626,sprint,,web
1553141672941,enter,b8209,sprint,,web
1553141701685,respond,q11156,sprint,d,web
1553141702498,submit,b8209,sprint,,web
1553141717857,enter,b161,sprint,,web
1553141747434,respond,q161,sprint,d,web
1553141748588,submit,b161,sprint,,web
1553141757941,enter,b13,sprint,,web
1553141782655,respond,q13,sprint,a,web
1553141787158,submit,b13,sprint,,web
1553141796701,enter,b5541,sprint,,web
1553141821056,respond,q8070,sprint,c,web
1553141821584,submit,b5541,sprint,,web
1553141833252,enter,b8018,sprint,,web
1553141860876,respond,q10965,sprint,d,web
1553141861800,submit,b8018,sprint,,web
1553141871405,enter,b154,sprint,,web
1553141896044,respond,q154,sprint,b,web
1553141897088,submit,b154,sprint,,web
1553141908011,enter,b140,sprint,,web
1553141936255,respond,q140,sprint,d,web
1553141937610,submit,b140,sprint,,web
1553141947527,enter,b5587,sprint,,web
1553141972563,respond,q8116,sprint,b,web
1553141975402,submit,b5587,sprint,,web
1553143080537,enter,b8124,sprint,,web
1553143112761,respond,q11071,sprint,c,web
1553143113649,submit,b8124,sprint,,web
1553143124876,enter,b131,sprint,,web
1553143150925,respond,q131,sprint,c,web
1553143151826,submit,b131,sprint,,web
1553143162344,enter,b88,sprint,,web
1553143180332,respond,q88,sprint,a,web
1553143182062,submit,b88,sprint,,web
1553143192652,enter,b5643,sprint,,web
1553143223466,respond,q8172,sprint,a,web
1553143224475,submit,b5643,sprint,,web
1553143238231,enter,b8220,sprint,,web
1553143269098,respond,q11167,sprint,c,web
1553143270229,submit,b8220,sprint,,web
1553143281386,enter,b95,sprint,,web
1553143306248,respond,q95,sprint,d,web
1553143308732,submit,b95,sprint,,web
1553143319736,enter,b5582,sprint,,web
1553143344203,respond,q8111,sprint,c,web
1553143345197,submit,b5582,sprint,,web
1553143355156,enter,b5547,sprint,,web
1553143385489,respond,q8076,sprint,d,web
1553143386318,submit,b5547,sprint,,web
1553143398357,enter,b8272,sprint,,web
1553143426761,respond,q11219,sprint,d,web
1553143428511,submit,b8272,sprint,,web
1553143441132,enter,b5585,sprint,,web
1553143460335,respond,q8114,sprint,a,web
1553143468418,submit,b5585,sprint,,web
1553143478643,enter,b5554,sprint,,web
1553143505556,respond,q8083,sprint,c,web
1553143506263,submit,b5554,sprint,,web
1553143516450,enter,b134,sprint,,web
1553143537268,respond,q134,sprint,b,web
1553143538880,submit,b134,sprint,,web
1553143548092,enter,b8047,sprint,,web
1553143575777,respond,q10994,sprint,a,web
1553143576816,submit,b8047,sprint,,web
1553143586856,enter,b58,sprint,,web
1553143611560,respond,q58,sprint,b,web
1553143615216,submit,b58,sprint,,web
1553143625180,enter,b5625,sprint,,web
1553143654492,respond,q8154,sprint,b,web
1553143655947,submit,b5625,sprint,,web
1553143734418,enter,b45,sprint,,web
1553143756754,respond,q45,sprint,c,web
1553143758893,respond,q45,sprint,d,web
1553143762373,submit,b45,sprint,,web
1553143796877,enter,b8262,sprint,,web
1553143826011,respond,q11209,sprint,a,web
1553143826944,submit,b8262,sprint,,web
1553143838306,enter,b5632,sprint,,web
1553143868369,respond,q8161,sprint,d,web
1553143868985,submit,b5632,sprint,,web
1553143880991,enter,b125,sprint,,web
1553143912697,respond,q125,sprint,b,web
1553143913344,submit,b125,sprint,,web
1553143923517,enter,b5573,sprint,,web
1553143947460,respond,q8102,sprint,c,web
1553143950446,submit,b5573,sprint,,web
1553148611185,enter,b8094,sprint,,web
1553148641021,respond,q11041,sprint,d,web
1553148642182,submit,b8094,sprint,,web
1553148652891,enter,b53,sprint,,web
1553148677389,respond,q53,sprint,c,web
1553148680905,submit,b53,sprint,,web
1553148690881,enter,b5567,sprint,,web
1553148726780,respond,q8096,sprint,d,web
1553148727913,submit,b5567,sprint,,web
1553148738171,enter,b5521,sprint,,web
1553148759550,respond,q8050,sprint,c,web
1553148760544,submit,b5521,sprint,,web
1553148770525,enter,b8210,sprint,,web
1553148788819,respond,q11157,sprint,a,web
1553148789724,submit,b8210,sprint,,web
1553148799237,enter,b84,sprint,,web
1553148830769,respond,q84,sprint,c,web
1553148832521,submit,b84,sprint,,web
1553148847528,enter,b62,sprint,,web
1553148876348,respond,q62,sprint,c,web
1553148877232,submit,b62,sprint,,web
1553148886578,enter,b5566,sprint,,web
1553148914690,respond,q8095,sprint,b,web
1553148915602,submit,b5566,sprint,,web
1553148925861,enter,b8266,sprint,,web
1553148951854,respond,q11213,sprint,c,web
1553148954081,submit,b8266,sprint,,web
1553148964440,enter,b5617,sprint,,web
1553148987034,respond,q8146,sprint,b,web
1553148993563,submit,b5617,sprint,,web
1553149005810,enter,b168,sprint,,web
1553149032749,respond,q168,sprint,d,web
1553149033725,submit,b168,sprint,,web
1553149043585,enter,b51,sprint,,web
1553149066350,respond,q51,sprint,c,web
1553149067966,submit,b51,sprint,,web
1553149077748,enter,b8125,sprint,,web
1553149104370,respond,q11072,sprint,c,web
1553149105171,submit,b8125,sprint,,web
1553149116209,enter,b171,sprint,,web
1553149134520,respond,q171,sprint,a,web
1553149144842,respond,q171,sprint,d,web
1553149147163,submit,b171,sprint,,web
1553149159185,enter,b163,sprint,,web
1553149178889,respond,q163,sprint,a,web
1553149185266,submit,b163,sprint,,web
1553150744853,enter,b3576,sprint,,web
1553150753448,respond,q5044,sprint,d,web
1553150754415,submit,b3576,sprint,,web
1553150772677,enter,b6105,sprint,,web
1553150792089,respond,q8754,sprint,c,web
1553150794310,submit,b6105,sprint,,web
1553150803569,enter,b3363,sprint,,web
1553150827044,respond,q4831,sprint,d,web
1553150831033,submit,b3363,sprint,,web
1553150847241,enter,b3404,sprint,,web
1553150869114,respond,q4872,sprint,b,web
1553150875482,submit,b3404,sprint,,web
1553150900132,enter,b3062,sprint,,web
1553150920581,respond,q4530,sprint,d,web
1553150921462,submit,b3062,sprint,,web
1553150931316,enter,b6792,sprint,,web
1553150943932,respond,q9441,sprint,d,web
1553150945778,submit,b6792,sprint,,web
1553150954690,enter,b4572,sprint,,web
1553150968262,respond,q6040,sprint,c,web
1553150969416,submit,b4572,sprint,,web
1553150976601,enter,b2858,sprint,,web
1553150996196,respond,q4326,sprint,c,web
1553150999332,submit,b2858,sprint,,web
1553151008294,enter,b3418,sprint,,web
1553151023553,respond,q4886,sprint,c,web
1553151024755,submit,b3418,sprint,,web
1553151045424,enter,b7206,sprint,,web
1553151070874,respond,q9855,sprint,c,web
1553151072640,submit,b7206,sprint,,web
1553151246944,enter,b1726,sprint,,web
1553151299358,respond,q2376,sprint,c,web
1553151315281,respond,q2377,sprint,d,web
1553151330771,respond,q2378,sprint,b,web
1553151332748,submit,b1726,sprint,,web
1553151365341,enter,b1410,sprint,,web
1553151406076,respond,q1429,sprint,a,web
1553151420728,respond,q1430,sprint,d,web
1553151424021,respond,q1428,sprint,b,web
1553151425284,submit,b1410,sprint,,web
1553151453537,enter,b1770,sprint,,web
1553151499544,respond,q2509,sprint,c,web
1553151517835,respond,q2510,sprint,a,web
1553151528621,respond,q2508,sprint,b,web
1553151530275,submit,b1770,sprint,,web
1553151563521,enter,b1494,sprint,,web
1553151606390,respond,q1680,sprint,d,web
1553151614044,respond,q1681,sprint,d,web
1553151630203,respond,q1682,sprint,a,web
1553151635406,submit,b1494,sprint,,web
1553151667353,enter,b1560,sprint,,web
1553151715406,respond,q1878,sprint,a,web
1553151723076,respond,q1879,sprint,d,web
1553151746633,respond,q1880,sprint,c,web
1553151758341,respond,q1878,sprint,d,web
1553151759302,respond,q1878,sprint,c,web
1553151770496,respond,q1880,sprint,d,web
1553151772057,submit,b1560,sprint,,web
1553151829704,enter,b1535,adaptive_offer,,web
1553151869802,respond,q1803,adaptive_offer,b,web
1553151888765,respond,q1804,adaptive_offer,b,web
1553151900409,respond,q1805,adaptive_offer,d,web
1553151900905,submit,b1535,adaptive_offer,,web
1553151923316,enter,b1772,adaptive_offer,,web
1553151965562,respond,q2514,adaptive_offer,a,web
1553151974108,respond,q2515,adaptive_offer,c,web
1553151988153,respond,q2516,adaptive_offer,c,web
1553151997079,submit,b1772,adaptive_offer,,web
1553152378265,enter,b5170,sprint,,web
1553152394653,respond,q6773,sprint,c,web
1553152424997,respond,q6774,sprint,b,web
1553152465054,respond,q6774,sprint,d,web
1553152478228,respond,q6774,sprint,c,web
1553152490938,respond,q6775,sprint,c,web
1553152512443,respond,q6776,sprint,b,web
1553152516553,submit,b5170,sprint,,web
1553152576419,enter,b5122,sprint,,web
1553152592995,respond,q6701,sprint,c,web
1553152605227,respond,q6701,sprint,d,web
1553152622115,respond,q6702,sprint,c,web
1553152654276,respond,q6703,sprint,b,web
1553152674172,respond,q6704,sprint,d,web
1553152687499,respond,q6703,sprint,a,web
1553152692187,respond,q6703,sprint,b,web
1553152695985,submit,b5122,sprint,,web
1553152769400,enter,b5205,sprint,,web
1553152787996,respond,q6913,sprint,b,web
1553152803494,respond,q6914,sprint,b,web
1553152837576,respond,q6915,sprint,a,web
1553152873112,respond,q6916,sprint,d,web
1553152876608,submit,b5205,sprint,,web
1553152909841,enter,b8560,sprint,,web
1553152923559,respond,q11907,sprint,b,web
1553152943819,respond,q11908,sprint,a,web
1553152953449,respond,q11908,sprint,c,web
1553152971590,respond,q11909,sprint,a,web
1553152992643,respond,q11910,sprint,a,web
1553153010862,submit,b8560,sprint,,web
1553153680925,enter,b5198,sprint,,web
1553153709987,respond,q6885,sprint,a,web
1553153731422,respond,q6886,sprint,b,web
1553153746811,respond,q6887,sprint,b,web
1553153811173,respond,q6888,sprint,b,web
1553153813083,submit,b5198,sprint,,web
1553153829753,enter,b5177,sprint,,web
1553153854290,respond,q6801,sprint,b,web
1553153868777,respond,q6802,sprint,b,web
1553153878051,respond,q6801,sprint,c,web
1553153895404,respond,q6803,sprint,a,web
1553153930494,respond,q6804,sprint,a,web
1553153947734,submit,b5177,sprint,,web
1553153960951,enter,b5186,sprint,,web
1553153979833,respond,q6837,sprint,a,web
1553154054637,respond,q6839,sprint,d,web
1553154056819,respond,q6839,sprint,c,web
1553154059302,respond,q6839,sprint,b,web
1553154080062,respond,q6840,sprint,c,web
1553154142212,respond,q6838,sprint,d,web
1553154144132,submit,b5186,sprint,,web
1553154244829,enter,b5191,adaptive_offer,,web
1553154254692,respond,q6857,adaptive_offer,c,web
1553154264634,respond,q6858,adaptive_offer,a,web
1553154301284,respond,q6859,adaptive_offer,c,web
1553154323470,respond,q6860,adaptive_offer,b,web
1553154326396,submit,b5191,adaptive_offer,,web
1553154549435,enter,b139,adaptive_offer,,web
1553154580454,respond,q139,adaptive_offer,d,web
1553154581359,submit,b139,adaptive_offer,,web
1553154609434,enter,b166,sprint,,web
1553154642099,respond,q166,sprint,d,web
1553154642829,submit,b166,sprint,,web
1553659706156,enter,b5094,sprint,,web
1553659733668,respond,q6589,sprint,c,web
1553659755716,respond,q6590,sprint,b,web
1553659775136,respond,q6591,sprint,b,web
1553659798824,respond,q6592,sprint,a,web
1553659800624,submit,b5094,sprint,,web
1553659867837,enter,b5211,sprint,,web
1553659894516,respond,q6937,sprint,c,web
1553659939088,respond,q6939,sprint,c,web
1553659952853,respond,q6940,sprint,b,web
1553659969869,respond,q6938,sprint,c,web
1553659970843,submit,b5211,sprint,,web
1553660003339,enter,b5088,sprint,,web
1553660023782,respond,q6565,sprint,a,web
1553660061592,respond,q6566,sprint,c,web
1553660083452,respond,q6567,sprint,b,web
1553660100546,respond,q6568,sprint,b,web
1553660120690,respond,q6566,sprint,b,web
1553660121856,submit,b5088,sprint,,web
1553660179683,enter,b5185,sprint,,web
1553660247420,respond,q6833,sprint,d,web
1553660263006,respond,q6834,sprint,b,web
1553660284075,respond,q6836,sprint,a,web
1553660322044,respond,q6835,sprint,b,web
1553660334894,submit,b5185,sprint,,web
1553661801101,enter,b8528,sprint,,web
1553661817758,respond,q11779,sprint,c,web
1553661839079,respond,q11780,sprint,d,web
1553661855993,respond,q11781,sprint,b,web
1553661882707,respond,q11782,sprint,c,web
1553661884130,submit,b8528,sprint,,web
1553662188153,enter,b5196,sprint,,web
1553662230726,respond,q6878,sprint,b,web
1553662244181,respond,q6878,sprint,d,web
1553662280015,respond,q6879,sprint,b,web
1553662306155,respond,q6880,sprint,b,web
1553662329124,respond,q6880,sprint,a,web
1553662349909,respond,q6877,sprint,d,web
1553662354072,respond,q6877,sprint,c,web
1553662357304,respond,q6877,sprint,d,web
1553662359121,submit,b5196,sprint,,web
1553663814519,enter,b5111,sprint,,web
1553663858600,respond,q6658,sprint,a,web
1553663877250,submit,b5111,sprint,,web
1553684501974,enter,b8227,sprint,,web
1553684518749,respond,q11174,sprint,a,web
1553684519501,submit,b8227,sprint,,web
1553684530012,enter,b5606,sprint,,web
1553684547824,respond,q8135,sprint,a,web
1553684560872,submit,b5606,sprint,,web
1553684572203,enter,b19,sprint,,web
1553684601274,respond,q19,sprint,a,web
1553684603831,submit,b19,sprint,,web
1553684618184,enter,b5548,sprint,,web
1553684646691,respond,q8077,sprint,d,web
1553684647682,submit,b5548,sprint,,web
1553684664122,enter,b8067,sprint,,web
1553684693618,respond,q11014,sprint,a,web
1553684694321,submit,b8067,sprint,,web
1553684703803,enter,b195,sprint,,web
1553684724646,respond,q195,sprint,b,web
1553684732545,submit,b195,sprint,,web
1553684753870,enter,b89,sprint,,web
1553684772258,respond,q89,sprint,a,web
1553684782541,submit,b89,sprint,,web
1553684792958,enter,b120,sprint,,web
1553684814143,respond,q120,sprint,b,web
1553684815098,submit,b120,sprint,,web
1553684825267,enter,b8023,sprint,,web
1553684853240,respond,q10970,sprint,a,web
1553684854204,submit,b8023,sprint,,web
1553684869210,enter,b5579,sprint,,web
1553684897904,respond,q8108,sprint,d,web
1553684898752,submit,b5579,sprint,,web
1553684908777,enter,b185,sprint,,web
1553684933344,respond,q185,sprint,c,web
1553684940057,submit,b185,sprint,,web
1553684954398,enter,b165,sprint,,web
1553684983077,respond,q165,sprint,d,web
1553684987114,submit,b165,sprint,,web
1553685040896,enter,b195,adaptive_offer,,web
1553685080433,respond,q195,adaptive_offer,c,web
1553685082844,submit,b195,adaptive_offer,,web
1553685092242,enter,b165,adaptive_offer,,web
1553685115462,respond,q165,adaptive_offer,b,web
1553685118707,submit,b165,adaptive_offer,,web
1553685140563,enter,b8111,sprint,,web
1553685164730,respond,q11058,sprint,c,web
1553685166309,submit,b8111,sprint,,web
1553685175990,enter,b5553,sprint,,web
1553685203452,respond,q8082,sprint,c,web
1553685204638,submit,b5553,sprint,,web
1553685214159,enter,b112,sprint,,web
1553685235711,respond,q112,sprint,b,web
1553685241482,submit,b112,sprint,,web
1553685259252,enter,b5605,sprint,,web
1553685284309,respond,q8134,sprint,c,web
1553685285612,submit,b5605,sprint,,web
1553685294809,enter,b8059,sprint,,web
1553685322901,respond,q11006,sprint,a,web
1553685323980,submit,b8059,sprint,,web
1553685338924,enter,b153,sprint,,web
1553685355344,respond,q153,sprint,a,web
1553685356608,submit,b153,sprint,,web
1553685366216,enter,b98,sprint,,web
1553685384041,respond,q98,sprint,a,web
1553685385939,submit,b98,sprint,,web
1553685405076,enter,b5523,sprint,,web
1553685430809,respond,q8052,sprint,c,web
1553685433805,submit,b5523,sprint,,web
1553685496184,enter,b295,sprint,,web
1553685516946,respond,q295,sprint,c,web
1553685518761,submit,b295,sprint,,web
1553685532797,enter,b1032,sprint,,web
1553685553283,respond,q1032,sprint,c,web
1553685554393,submit,b1032,sprint,,web
1553685562431,enter,b1045,sprint,,web
1553685586684,respond,q1045,sprint,a,web
1553685587598,submit,b1045,sprint,,web
1553685599875,enter,b704,sprint,,web
1553685620337,respond,q704,sprint,b,web
1553685621240,submit,b704,sprint,,web
1553685630122,enter,b8315,sprint,,web
1553685652128,respond,q11262,sprint,a,web
1553685654150,submit,b8315,sprint,,web
1553685662726,enter,b949,sprint,,web
1553685678554,respond,q949,sprint,a,web
1553685684447,submit,b949,sprint,,web
1553685697412,enter,b679,sprint,,web
1553685718665,respond,q679,sprint,b,web
1553685720388,submit,b679,sprint,,web
1553685731038,enter,b772,sprint,,web
1553685750689,respond,q772,sprint,c,web
1553685752723,submit,b772,sprint,,web
1553685763070,enter,b8316,sprint,,web
1553685785666,respond,q11263,sprint,b,web
1553685786434,submit,b8316,sprint,,web
1553685794675,enter,b767,sprint,,web
1553685809949,respond,q767,sprint,b,web
1553685813411,submit,b767,sprint,,web
1553686446443,enter,b1357,sprint,,web
1553686462994,respond,q1357,sprint,a,web
1553686475201,submit,b1357,sprint,,web
1553686486281,enter,b669,sprint,,web
1553686511986,respond,q669,sprint,b,web
1553686514088,submit,b669,sprint,,web
1553686531809,enter,b1211,sprint,,web
1553686556072,respond,q1211,sprint,c,web
1553686556967,submit,b1211,sprint,,web
1553686565416,enter,b584,sprint,,web
1553686591480,respond,q584,sprint,b,web
1553686592627,submit,b584,sprint,,web
1553686603693,enter,b1258,sprint,,web
1553686628083,respond,q1258,sprint,b,web
1553686629110,submit,b1258,sprint,,web
1553686696575,enter,b1627,sprint,,web
1553686736127,respond,q2079,sprint,b,web
1553686746239,respond,q2080,sprint,c,web
1553686758279,respond,q2081,sprint,a,web
1553686759527,submit,b1627,sprint,,web
1553686784551,enter,b1714,sprint,,web
1553686822046,respond,q2340,sprint,b,web
1553686851047,respond,q2342,sprint,d,web
1553686858505,respond,q2341,sprint,a,web
1553686859528,submit,b1714,sprint,,web
1553686899982,enter,b1714,adaptive_offer,,web
1553686964761,respond,q2340,adaptive_offer,b,web
1553686971775,respond,q2341,adaptive_offer,d,web
1553686977629,respond,q2342,adaptive_offer,d,web
1553686977982,submit,b1714,adaptive_offer,,web
1553687029947,enter,b1468,sprint,,web
1553687069337,respond,q1602,sprint,c,web
1553687082077,respond,q1603,sprint,b,web
1553687097610,respond,q1604,sprint,a,web
1553687104804,submit,b1468,sprint,,web
1553687129165,enter,b1445,sprint,,web
1553687170896,respond,q1533,sprint,c,web
1553687197632,respond,q1534,sprint,d,web
1553687202312,respond,q1535,sprint,a,web
1553687208885,respond,q1533,sprint,b,web
1553687211337,submit,b1445,sprint,,web
1553751170782,enter,b8103,sprint,,web
1553751198460,respond,q11050,sprint,a,web
1553751199424,submit,b8103,sprint,,web
1553751210128,enter,b67,sprint,,web
1553751236354,respond,q67,sprint,c,web
1553751237337,submit,b67,sprint,,web
1553751248007,enter,b5622,sprint,,web
1553751269291,respond,q8151,sprint,a,web
1553751278546,submit,b5622,sprint,,web
1553751290330,enter,b5536,sprint,,web
1553751317573,respond,q8065,sprint,d,web
1553751318628,submit,b5536,sprint,,web
1553751337579,enter,b8085,sprint,,web
1553751368474,respond,q11032,sprint,b,web
1553751369535,submit,b8085,sprint,,web
1553751390893,enter,b152,sprint,,web
1553751412458,respond,q152,sprint,c,web
1553751415025,submit,b152,sprint,,web
1553751426479,enter,b122,sprint,,web
1553751450050,respond,q122,sprint,c,web
1553751454240,respond,q122,sprint,d,web
1553751460086,submit,b122,sprint,,web
1553751586832,enter,b5535,sprint,,web
1553751620083,respond,q8064,sprint,c,web
1553751621232,submit,b5535,sprint,,web
1553751633554,enter,b8277,sprint,,web
1553751662926,respond,q11224,sprint,d,web
1553751663695,submit,b8277,sprint,,web
1553751673696,enter,b5545,sprint,,web
1553751707757,respond,q8074,sprint,d,web
1553751708624,submit,b5545,sprint,,web
1553751768792,enter,b185,adaptive_offer,,web
1553751787796,respond,q185,adaptive_offer,a,web
1553751789337,submit,b185,adaptive_offer,,web
1553751798126,enter,b5584,adaptive_offer,,web
1553751828814,respond,q8113,adaptive_offer,a,web
1553751830283,submit,b5584,adaptive_offer,,web
1553752241475,enter,b1803,sprint,,web
1553752287950,respond,q2607,sprint,b,web
1553752306754,respond,q2609,sprint,c,web
1553752314971,respond,q2608,sprint,a,web
1553752315975,submit,b1803,sprint,,web
1553752346127,enter,b2002,sprint,,web
1553752416932,respond,q3205,sprint,d,web
1553752430977,respond,q3206,sprint,c,web
1553752436828,respond,q3206,sprint,b,web
1553752448157,respond,q3204,sprint,b,web
1553752456317,submit,b2002,sprint,,web
1557137765070,enter,b4663,sprint,,web
1557137802657,respond,q6131,sprint,c,web
1557137803764,submit,b4663,sprint,,web
1557137825381,enter,b2206,sprint,,web
1557137851177,respond,q3674,sprint,c,web
1557137855702,submit,b2206,sprint,,web
1557137880219,enter,b4307,sprint,,web
1557137910181,respond,q5775,sprint,b,web
1557137910639,submit,b4307,sprint,,web
1557137915651,enter,b4307,sprint,,web
1557137918738,respond,q5775,sprint,b,web
1557137919818,submit,b4307,sprint,,web
1557137997016,enter,b4307,adaptive_offer,,web
1557138002352,respond,q5775,adaptive_offer,d,web
1557138003679,submit,b4307,adaptive_offer,,web
1557138030102,enter,b7069,sprint,,web
1557138042945,respond,q9718,sprint,a,web
1557138044822,submit,b7069,sprint,,web
1557138055634,enter,b4721,sprint,,web
1557138078604,respond,q6189,sprint,a,web
1557138079921,submit,b4721,sprint,,web
1557396094514,enter,b5110,sprint,,web
1557396111581,respond,q6654,sprint,a,web
1557396123238,respond,q6653,sprint,b,web
1557396138549,respond,q6655,sprint,d,web
1557396149514,respond,q6656,sprint,c,web
1557396151880,submit,b5110,sprint,,web
1557396235682,enter,b5208,sprint,,web
1557396279921,respond,q6927,sprint,c,web
1557396301986,submit,b5208,sprint,,web
1557396313091,enter,b5208,sprint,,web
1557396338402,respond,q6925,sprint,d,web
1557396350056,respond,q6926,sprint,c,web
1557396355658,respond,q6927,sprint,c,web
1557396372962,respond,q6928,sprint,c,web
1557396373854,submit,b5208,sprint,,web
1557396513099,enter,b8482,sprint,,web
1557396522161,respond,q11595,sprint,c,web
1557396535840,respond,q11596,sprint,b,web
1557396558808,respond,q11597,sprint,a,web
1557396583577,respond,q11598,sprint,d,web
1557396584188,submit,b8482,sprint,,web
1557396599666,enter,b5178,sprint,,web
1557396619650,respond,q6805,sprint,a,web
1557396682972,respond,q6807,sprint,a,web
1557396700967,respond,q6806,sprint,c,web
1557396720985,respond,q6808,sprint,d,web
1557396721689,submit,b5178,sprint,,web
1557396756937,enter,b5218,sprint,,web
1557396770358,respond,q6965,sprint,b,web
1557396794996,respond,q6966,sprint,d,web
1557396816347,respond,q6967,sprint,b,web
1557396875981,respond,q6968,sprint,d,web
1557396879845,submit,b5218,sprint,,web
1557396924661,enter,b5114,sprint,,web
1557396941328,respond,q6669,sprint,a,web
1557396993563,respond,q6670,sprint,c,web
1557397012517,respond,q6671,sprint,c,web
1557397034089,submit,b5114,sprint,,web
1557397038582,enter,b5114,sprint,,web
1557397041370,respond,q6669,sprint,a,web
1557397045581,respond,q6670,sprint,c,web
1557397047790,respond,q6671,sprint,c,web
1557397071579,respond,q6672,sprint,d,web
1557397073420,submit,b5114,sprint,,web
1557397131219,enter,b8572,sprint,,web
1557397146798,respond,q11955,sprint,c,web
1557397157404,respond,q11956,sprint,d,web
1557397186111,respond,q11957,sprint,a,web
1557397206790,respond,q11958,sprint,c,web
1557397208934,submit,b8572,sprint,,web
1557397239633,enter,b5184,sprint,,web
1557397255414,respond,q6829,sprint,a,web
1557397285506,respond,q6830,sprint,c,web
1557397289545,respond,q6830,sprint,d,web
1557397325206,respond,q6831,sprint,b,web
1557397365282,respond,q6832,sprint,d,web
1557397371480,submit,b5184,sprint,,web
1557398505989,enter,b5111,sprint,,web
1557398515041,respond,q6657,sprint,d,web
1557398553537,respond,q6658,sprint,a,web
1557398619952,respond,q6659,sprint,c,web
1557398632155,respond,q6659,sprint,d,web
1557398645609,respond,q6660,sprint,a,web
1557398656501,respond,q6659,sprint,c,web
1557398657696,submit,b5111,sprint,,web
1557398700527,enter,b5217,sprint,,web
1557398709448,respond,q6961,sprint,d,web
1557398733639,respond,q6962,sprint,c,web
1557398777419,respond,q6963,sprint,c,web
1557398798375,respond,q6964,sprint,c,web
1557398799840,submit,b5217,sprint,,web
1557398890993,enter,b8493,sprint,,web
1557398903651,respond,q11639,sprint,b,web
1557398914208,respond,q11639,sprint,c,web
1557398926198,respond,q11640,sprint,c,web
1557398937049,respond,q11641,sprint,a,web
1557398965390,respond,q11642,sprint,a,web
1557399002969,submit,b8493,sprint,,web
1557399147047,enter,b5193,sprint,,web
1557399175810,respond,q6865,sprint,b,web
1557399193764,respond,q6866,sprint,a,web
1557399213159,respond,q6867,sprint,d,web
1557399234308,respond,q6868,sprint,a,web
1557399240374,submit,b5193,sprint,,web
1557399268375,enter,b5115,sprint,,web
1557399280633,respond,q6673,sprint,d,web
1557399302119,respond,q6674,sprint,b,web
1557399328123,respond,q6675,sprint,b,web
1557399340537,respond,q6676,sprint,b,web
1557399351747,respond,q6676,sprint,d,web
1557399352355,submit,b5115,sprint,,web
1557399405503,enter,b5111,adaptive_offer,,web
1557399419443,respond,q6657,adaptive_offer,d,web
1557399424247,respond,q6658,adaptive_offer,b,web
1557399429746,respond,q6659,adaptive_offer,a,web
1557399432607,respond,q6659,adaptive_offer,c,web
1557399439121,respond,q6660,adaptive_offer,a,web
1557399440804,submit,b5111,adaptive_offer,,web
1557816677591,enter,b3374,sprint,,web
1557816705981,respond,q4842,sprint,c,web
1557816709026,submit,b3374,sprint,,web
1557816730201,enter,b2227,sprint,,web
1557816738140,respond,q3695,sprint,b,web
1557816739627,submit,b2227,sprint,,web
1557816752715,enter,b7501,sprint,,web
1557816770715,respond,q10150,sprint,d,web
1557816774094,submit,b7501,sprint,,web
1557816788276,enter,b7004,sprint,,web
1557816797061,respond,q9653,sprint,b,web
1557816798452,submit,b7004,sprint,,web
1557816807626,enter,b3635,sprint,,web
1557816841081,respond,q5103,sprint,d,web
1557816844847,respond,q5103,sprint,b,web
1557816845923,submit,b3635,sprint,,web
1557816856297,enter,b4605,sprint,,web
1557816877995,respond,q6073,sprint,d,web
1557816900882,respond,q6073,sprint,b,web
1557816903161,submit,b4605,sprint,,web
1557816916712,enter,b7613,sprint,,web
1557816943631,respond,q10262,sprint,d,web
1557816947819,respond,q10262,sprint,a,web
1557816948958,submit,b7613,sprint,,web
1557816962304,enter,b4747,sprint,,web
1557816975444,respond,q6215,sprint,b,web
1557816976484,submit,b4747,sprint,,web
1557816983098,enter,b3000,sprint,,web
1557817017245,respond,q4468,sprint,a,web
1557817019202,submit,b3000,sprint,,web
1557817069384,enter,b2609,sprint,,web
1557817100093,respond,q4077,sprint,a,web
1557817100954,submit,b2609,sprint,,web
1557817119177,enter,b11543,sprint,,web
1557817132443,respond,q17306,sprint,b,web
1557817133580,submit,b11543,sprint,,web
1557817141093,enter,b4306,sprint,,web
1557817190497,respond,q5774,sprint,a,web
1557817191397,submit,b4306,sprint,,web
1557817199270,enter,b3869,sprint,,web
1557817213188,respond,q5337,sprint,a,web
1557817220734,submit,b3869,sprint,,web
1557817243166,enter,b4183,sprint,,web
1557817255088,respond,q5651,sprint,d,web
1557817255360,submit,b4183,sprint,,web
1557817258580,enter,b4183,sprint,,web
1557817260420,respond,q5651,sprint,d,web
1557817264487,submit,b4183,sprint,,web
1557817284353,enter,b11586,sprint,,web
1557817323336,respond,q17349,sprint,a,web
1557817325337,submit,b11586,sprint,,web
1557817334181,enter,b2502,sprint,,web
1557817347313,respond,q3970,sprint,c,web
1557817348324,submit,b2502,sprint,,web
1557912291012,enter,b5,sprint,,web
1557912310141,respond,q5,sprint,c,web
1557912310988,submit,b5,sprint,,web
1557912316863,enter,b173,sprint,,web
1557912340222,respond,q173,sprint,a,web
1557912340952,submit,b173,sprint,,web
1557912350259,enter,b8203,sprint,,web
1557912368117,respond,q11150,sprint,c,web
1557912371262,respond,q11150,sprint,d,web
1557912372063,submit,b8203,sprint,,web
1557912378476,enter,b5526,sprint,,web
1557912401010,respond,q8055,sprint,d,web
1557912401812,submit,b5526,sprint,,web
1557912407731,enter,b5636,sprint,,web
1557912429254,respond,q8165,sprint,c,web
1557912432137,respond,q8165,sprint,d,web
1557912432998,submit,b5636,sprint,,web
1557912440938,enter,b5651,sprint,,web
1557912459833,respond,q8180,sprint,a,web
1557912463163,respond,q8180,sprint,d,web
1557912466315,submit,b5651,sprint,,web
1557912473899,enter,b8300,sprint,,web
1557912492627,respond,q11247,sprint,c,web
1557912493524,submit,b8300,sprint,,web
1557912501811,enter,b97,sprint,,web
1557912525055,respond,q97,sprint,d,web
1557912526410,submit,b97,sprint,,web
1557912537820,enter,b5527,sprint,,web
1557912561218,respond,q8056,sprint,d,web
1557912562948,submit,b5527,sprint,,web
1557912568454,enter,b59,sprint,,web
1557912593577,respond,q59,sprint,b,web
1557912594691,submit,b59,sprint,,web
1557912618871,enter,b621,sprint,,web
1557912630816,respond,q621,sprint,a,web
1557912631959,submit,b621,sprint,,web
1557912637775,enter,b1011,sprint,,web
1557912655303,respond,q1011,sprint,a,web
1557912656542,submit,b1011,sprint,,web
1557912683199,enter,b997,sprint,,web
1557912702672,respond,q997,sprint,b,web
1557912703923,submit,b997,sprint,,web
1557912711970,enter,b667,sprint,,web
1557912731453,respond,q667,sprint,c,web
1557912732394,submit,b667,sprint,,web
1557912737827,enter,b550,sprint,,web
1557912759825,respond,q550,sprint,a,web
1557912760751,submit,b550,sprint,,web
1557912766902,enter,b425,sprint,,web
1557912783906,respond,q425,sprint,c,web
1557912785944,submit,b425,sprint,,web
1557912792600,enter,b560,sprint,,web
1557912811171,respond,q560,sprint,c,web
1557912812253,submit,b560,sprint,,web
1557912820633,enter,b1146,sprint,,web
1557912837859,respond,q1146,sprint,c,web
1557912838684,submit,b1146,sprint,,web
1557912843323,enter,b484,sprint,,web
1557912859347,respond,q484,sprint,c,web
1557912861161,submit,b484,sprint,,web
1557912867072,enter,b1383,sprint,,web
1557912869643,submit,b1383,sprint,,web
1557912873342,enter,b1383,sprint,,web
1557912888890,respond,q1383,sprint,b,web
1557912893384,submit,b1383,sprint,,web
1557912926602,enter,b1635,sprint,,web
1557912959962,respond,q2103,sprint,d,web
1557912974287,respond,q2104,sprint,a,web
1557912976709,respond,q2104,sprint,b,web
1557912988456,respond,q2105,sprint,b,web
1557912992651,submit,b1635,sprint,,web
1557913005079,enter,b1715,sprint,,web
1557913032424,respond,q2343,sprint,a,web
1557913046424,respond,q2344,sprint,a,web
1557913054864,respond,q2345,sprint,b,web
1557913063153,respond,q2344,sprint,d,web
1557913066281,submit,b1715,sprint,,web
1557913083939,enter,b1622,sprint,,web
1557913119432,respond,q2065,sprint,b,web
1557913124306,respond,q2066,sprint,b,web
1557913129576,respond,q2065,sprint,d,web
1557913133145,respond,q2065,sprint,c,web
1557913139617,respond,q2064,sprint,c,web
1557913140946,submit,b1622,sprint,,web
1557999489214,enter,b4715,sprint,,mobile
1557999505373,respond,q6183,sprint,b,mobile
1557999511139,submit,b4715,sprint,,mobile
1557999524665,enter,b3948,sprint,,mobile
1557999541962,respond,q5416,sprint,d,mobile
1557999549900,submit,b3948,sprint,,mobile
1558520821285,enter,b8022,sprint,,mobile
1558520842935,respond,q10969,sprint,a,mobile
1558520846372,submit,b8022,sprint,,mobile
1558520857139,enter,b142,sprint,,mobile
1558520877332,respond,q142,sprint,d,mobile
1558520881398,submit,b142,sprint,,mobile
1558520888502,enter,b194,sprint,,mobile
1558520907467,respond,q194,sprint,d,mobile
1558520912342,submit,b194,sprint,,mobile
1558520917594,enter,b5614,sprint,,mobile
1558520935924,respond,q8143,sprint,c,mobile
1558520939690,submit,b5614,sprint,,mobile
1558520945312,enter,b8039,sprint,,mobile
1558520965886,respond,q10986,sprint,d,mobile
1558520969479,respond,q10986,sprint,a,mobile
1558520971062,respond,q10986,sprint,b,mobile
1558520975551,submit,b8039,sprint,,mobile
1558520987164,enter,b123,sprint,,mobile
1558521009950,respond,q123,sprint,a,mobile
1558521014874,submit,b123,sprint,,mobile
1558521023929,enter,b5652,sprint,,mobile
1558521037184,respond,q8181,sprint,b,mobile
1558521044196,submit,b5652,sprint,,mobile
1558521049166,enter,b124,sprint,,mobile
1558521067074,respond,q124,sprint,b,mobile
1558521077603,submit,b124,sprint,,mobile
1558521084674,enter,b8056,sprint,,mobile
1558521103091,respond,q11003,sprint,d,mobile
1558521108766,respond,q11003,sprint,b,mobile
1558521114535,submit,b8056,sprint,,mobile
1558521120242,enter,b11,sprint,,mobile
1558521133874,respond,q11,sprint,b,mobile
1558521137167,submit,b11,sprint,,mobile
1558521143937,enter,b5620,sprint,,mobile
1558521166347,respond,q8149,sprint,b,mobile
1558521170092,submit,b5620,sprint,,mobile
1558521175919,enter,b5648,sprint,,mobile
1558521189862,respond,q8177,sprint,b,mobile
1558521193136,submit,b5648,sprint,,mobile
1558521198641,enter,b8075,sprint,,mobile
1558521210270,respond,q11022,sprint,a,mobile
1558521215710,respond,q11022,sprint,c,mobile
1558521219104,submit,b8075,sprint,,mobile
1558521244349,enter,b37,sprint,,mobile
1558521257173,respond,q37,sprint,b,mobile
1558521259259,respond,q37,sprint,c,mobile
1558521264460,submit,b37,sprint,,mobile
1558521269697,enter,b3,sprint,,mobile
1558521294277,respond,q3,sprint,d,mobile
1558521298887,submit,b3,sprint,,mobile
1558600530327,enter,b8150,sprint,,mobile
1558600542929,submit,b8150,sprint,,mobile
1558601198490,enter,b8150,sprint,,mobile
1558601213063,respond,q11097,sprint,b,mobile
1558601216739,submit,b8150,sprint,,mobile
1558601247466,enter,b7,sprint,,mobile
1558601272149,respond,q7,sprint,d,mobile
1558601275611,submit,b7,sprint,,mobile
1558601281093,enter,b5633,sprint,,mobile
1558601310592,respond,q8162,sprint,b,mobile
1558601314015,submit,b5633,sprint,,mobile
1558601375809,enter,b8129,sprint,,mobile
1558601392299,respond,q11076,sprint,c,mobile
1558601395750,submit,b8129,sprint,,mobile
1558601400108,enter,b40,sprint,,mobile
1558601410429,respond,q40,sprint,a,mobile
1558601413690,submit,b40,sprint,,mobile
1558601421367,enter,b10,sprint,,mobile
1558601444459,respond,q10,sprint,d,mobile
1558601447181,submit,b10,sprint,,mobile
1558613226961,enter,b7055,sprint,,web
1558613241125,respond,q9704,sprint,d,web
1558613246478,submit,b7055,sprint,,web
1558613258587,enter,b3693,sprint,,web
1558613272599,respond,q5161,sprint,a,web
1558613273455,submit,b3693,sprint,,web
1558613278717,enter,b3809,sprint,,web
1558613292665,respond,q5277,sprint,a,web
1558613299017,submit,b3809,sprint,,web
1558613321469,enter,b3778,sprint,,web
1558613332620,respond,q5246,sprint,a,web
1558613340149,submit,b3778,sprint,,web
1558613362709,enter,b7360,sprint,,web
1558613388126,respond,q10009,sprint,c,web
1558613393834,submit,b7360,sprint,,web
1558613409458,enter,b2512,sprint,,web
1558613424899,respond,q3980,sprint,b,web
1558613425944,submit,b2512,sprint,,web
1558613433352,enter,b2448,sprint,,web
1558613441726,respond,q3916,sprint,d,web
1558613443858,submit,b2448,sprint,,web
1558613451166,enter,b4614,sprint,,web
1558613481762,respond,q6082,sprint,b,web
1558613482588,submit,b4614,sprint,,web
1558613488408,enter,b6361,sprint,,web
1558613502159,respond,q9010,sprint,d,web
1558613503543,submit,b6361,sprint,,web
1558613711101,enter,b4255,sprint,,web
1558613723559,respond,q5723,sprint,a,web
1558613725880,submit,b4255,sprint,,web
1558613736515,enter,b4617,sprint,,web
1558613792317,respond,q6085,sprint,c,web
1558613793267,submit,b4617,sprint,,web
1558613819123,enter,b2259,sprint,,web
1558613827612,respond,q3727,sprint,a,web
1558613830605,respond,q3727,sprint,d,web
1558613831441,submit,b2259,sprint,,web
1558613839510,enter,b5128,sprint,,web
1558613858086,respond,q6722,sprint,d,web
1558613859778,submit,b5128,sprint,,web
1558613869490,enter,b4870,sprint,,web
1558613927612,respond,q6338,sprint,b,web
1558613929009,submit,b4870,sprint,,web
1558613941833,enter,b4960,sprint,,web
1558613950575,respond,q6428,sprint,c,web
1558613957466,submit,b4960,sprint,,web
1558613963324,enter,b7666,sprint,,web
1558613975871,respond,q10315,sprint,c,web
1558613976976,submit,b7666,sprint,,web
1558613984146,enter,b2663,sprint,,web
1558614024146,respond,q4131,sprint,b,web
1558614025627,submit,b2663,sprint,,web
1558614039588,enter,b4127,sprint,,web
1558614062941,respond,q5595,sprint,d,web
1558614064207,submit,b4127,sprint,,web
1558614074815,enter,b3389,sprint,,web
1558614080690,respond,q4857,sprint,a,web
1558614082649,respond,q4857,sprint,b,web
1558614085826,submit,b3389,sprint,,web
1558614092697,enter,b7251,sprint,,web
1558614096884,respond,q9900,sprint,a,web
1558614121489,respond,q9900,sprint,c,web
1558614124445,submit,b7251,sprint,,web
1558614150106,enter,b5011,sprint,,web
1558614199413,respond,q6479,sprint,c,web
1558614201690,submit,b5011,sprint,,web
1558614214680,enter,b4584,sprint,,web
1558614222358,respond,q6052,sprint,a,web
1558614223651,submit,b4584,sprint,,web
1558614281778,enter,b2517,sprint,,web
1558614294555,respond,q3985,sprint,d,web
1558614295336,submit,b2517,sprint,,web
1558614301717,enter,b5982,sprint,,web
1558614316592,respond,q8631,sprint,a,web
1558614317244,submit,b5982,sprint,,web
1558614324142,enter,b4659,sprint,,web
1558614349809,respond,q6127,sprint,a,web
1558614351154,submit,b4659,sprint,,web
1558614358085,enter,b3575,sprint,,web
1558614368903,respond,q5043,sprint,b,web
1558614370048,submit,b3575,sprint,,web
1558614376785,enter,b4643,sprint,,web
1558614412422,respond,q6111,sprint,a,web
1558614414631,submit,b4643,sprint,,web
1558614428483,enter,b7309,sprint,,web
1558614443713,respond,q9958,sprint,b,web
1558614446580,submit,b7309,sprint,,web
1558614459830,enter,b5047,sprint,,web
1558614501980,respond,q6515,sprint,b,web
1558614503049,submit,b5047,sprint,,web
1558615906013,enter,b5644,sprint,,mobile
1558615924130,respond,q8173,sprint,c,mobile
1558615927063,submit,b5644,sprint,,mobile
1558615933020,enter,b8218,sprint,,mobile
1558615950860,respond,q11165,sprint,c,mobile
1558615955968,submit,b8218,sprint,,mobile
1558615964988,enter,b5589,sprint,,mobile
1558615975339,respond,q8118,sprint,a,mobile
1558615978696,submit,b5589,sprint,,mobile
1558615983019,enter,b181,sprint,,mobile
1558616004177,respond,q181,sprint,b,mobile
1558616007355,submit,b181,sprint,,mobile
1558616020503,enter,b29,sprint,,mobile
1558616046209,respond,q29,sprint,a,mobile
1558616049754,submit,b29,sprint,,mobile
1558616055285,enter,b8058,sprint,,mobile
1558616067630,respond,q11005,sprint,b,mobile
1558616070565,submit,b8058,sprint,,mobile
1558616076059,enter,b158,sprint,,mobile
1558616085340,respond,q158,sprint,a,mobile
1558616088430,submit,b158,sprint,,mobile
1558616094325,enter,b132,sprint,,mobile
1558616113858,respond,q132,sprint,a,mobile
1558616117576,submit,b132,sprint,,mobile
1558616122436,enter,b190,sprint,,mobile
1558616146001,respond,q190,sprint,c,mobile
1558616149256,submit,b190,sprint,,mobile
1558616154756,enter,b8189,sprint,,mobile
1558616167088,respond,q11136,sprint,a,mobile
1558616172248,respond,q11136,sprint,c,mobile
1558616173033,respond,q11136,sprint,a,mobile
1558616176892,respond,q11136,sprint,d,mobile
1558616179590,submit,b8189,sprint,,mobile
1558616185065,enter,b4,sprint,,mobile
1558616198772,respond,q4,sprint,b,mobile
1558616205328,submit,b4,sprint,,mobile
1558616209556,enter,b90,sprint,,mobile
1558616226223,respond,q90,sprint,b,mobile
1558616235761,submit,b90,sprint,,mobile
1558616242536,enter,b5634,sprint,,mobile
1558616255309,respond,q8163,sprint,b,mobile
1558616261999,submit,b5634,sprint,,mobile
1558616266208,enter,b8291,sprint,,mobile
1558616286249,respond,q11238,sprint,d,mobile
1558616287329,respond,q11238,sprint,c,mobile
1558616293691,submit,b8291,sprint,,mobile
1558616298854,enter,b160,sprint,,mobile
1558616322640,respond,q160,sprint,a,mobile
1558616330084,submit,b160,sprint,,mobile
1558684034987,enter,b5608,sprint,,mobile
1558684051511,respond,q8137,sprint,a,mobile
1558684058651,submit,b5608,sprint,,mobile
1558684066261,enter,b187,sprint,,mobile
1558684092941,respond,q187,sprint,a,mobile
1558684095806,submit,b187,sprint,,mobile
1558684102447,enter,b8117,sprint,,mobile
1558684125048,respond,q11064,sprint,c,mobile
1558684127868,submit,b8117,sprint,,mobile
1558684133391,enter,b5572,sprint,,mobile
1558684158196,respond,q8101,sprint,c,mobile
1558684161314,submit,b5572,sprint,,mobile
1558684172129,enter,b73,sprint,,mobile
1558684193098,respond,q73,sprint,d,mobile
1558684196723,submit,b73,sprint,,mobile
1558684230349,enter,b8038,sprint,,mobile
1558684248858,respond,q10985,sprint,c,mobile
1558684253178,submit,b8038,sprint,,mobile
1558701330660,enter,b135,sprint,,mobile
1558701357419,respond,q135,sprint,c,mobile
1558701360490,submit,b135,sprint,,mobile
1558701374688,enter,b5613,sprint,,mobile
1558701397354,respond,q8142,sprint,d,mobile
1558701401905,submit,b5613,sprint,,mobile
1558701411224,enter,b55,sprint,,mobile
1558701435015,respond,q55,sprint,d,mobile
1558701438068,submit,b55,sprint,,mobile
1558701443554,enter,b8195,sprint,,mobile
1558701459624,respond,q11142,sprint,c,mobile
1558701462454,submit,b8195,sprint,,mobile
1558701467279,enter,b172,sprint,,mobile
1558701480539,respond,q172,sprint,a,mobile
1558701491316,submit,b172,sprint,,mobile
1558701498329,enter,b79,sprint,,mobile
1558701510001,respond,q79,sprint,a,mobile
1558701523360,submit,b79,sprint,,mobile
1559299142561,enter,b104,sprint,,mobile
1559299164180,respond,q104,sprint,b,mobile
1559299167590,submit,b104,sprint,,mobile
1559299171325,enter,b8292,sprint,,mobile
1559299190977,respond,q11239,sprint,d,mobile
1559299193523,submit,b8292,sprint,,mobile
1559299245468,enter,b191,sprint,,mobile
1559299259627,respond,q191,sprint,b,mobile
1559299262972,submit,b191,sprint,,mobile
1559640711926,enter,b70,sprint,,mobile
1559640732456,respond,q70,sprint,c,mobile
1559640739161,submit,b70,sprint,,mobile
1559640747171,enter,b5528,sprint,,mobile
1559640765564,respond,q8057,sprint,c,mobile
1559640772617,submit,b5528,sprint,,mobile
1559729360025,enter,b5393,sprint,,web
1559729378098,respond,q7618,sprint,b,web
1559729412592,submit,b5393,sprint,,web
1560759436916,enter,b8063,sprint,,mobile
1560759446450,respond,q11010,sprint,a,mobile
1560759449921,submit,b8063,sprint,,mobile
1560759455704,enter,b5653,sprint,,mobile
1560759465875,respond,q8182,sprint,a,mobile
1560759470399,submit,b5653,sprint,,mobile
1560759480376,enter,b28,sprint,,mobile
1560759498319,respond,q28,sprint,a,mobile
1560759505610,submit,b28,sprint,,mobile
1560759569368,enter,b5595,sprint,,mobile
1560759591006,respond,q8124,sprint,a,mobile
1560759594259,submit,b5595,sprint,,mobile
1561362756628,enter,b292,sprint,,mobile
1561362773086,respond,q292,sprint,b,mobile
1561362776904,submit,b292,sprint,,mobile
1561362787817,enter,b982,sprint,,mobile
1561362807758,respond,q982,sprint,c,mobile
1561362811167,submit,b982,sprint,,mobile
1561362819832,enter,b373,sprint,,mobile
1561362833492,respond,q373,sprint,b,mobile
1561362837681,submit,b373,sprint,,mobile
1561362843181,enter,b561,sprint,,mobile
1561362860923,respond,q561,sprint,a,mobile
1561362864267,submit,b561,sprint,,mobile
1561362871346,enter,b788,sprint,,mobile
1561362888992,respond,q788,sprint,b,mobile
1561362894185,submit,b788,sprint,,mobile
1561432647684,enter,b3864,sprint,,web
1561432664553,respond,q5332,sprint,b,web
1561432674304,submit,b3864,sprint,,web
1561432688624,enter,b2570,sprint,,web
1561432711900,respond,q4038,sprint,d,web
1561432722752,submit,b2570,sprint,,web
1561432732144,enter,b6756,sprint,,web
1561432753529,respond,q9405,sprint,c,web
1561432755636,submit,b6756,sprint,,web
1561432765652,enter,b2224,sprint,,web
1561432805641,respond,q3692,sprint,d,web
1561432806479,submit,b2224,sprint,,web
1561704479812,enter,b4883,sprint,,web
1561704501947,respond,q6351,sprint,b,web
1561704521962,respond,q6351,sprint,c,web
1561704523795,submit,b4883,sprint,,web
1561704534652,enter,b4570,sprint,,web
1561704563495,respond,q6038,sprint,d,web
1561704564185,submit,b4570,sprint,,web
1561704590398,enter,b7067,sprint,,web
1561704603547,respond,q9716,sprint,a,web
1561704604790,submit,b7067,sprint,,web
1561704615268,enter,b4997,sprint,,web
1561704624844,respond,q6465,sprint,b,web
1561704639553,submit,b4997,sprint,,web
1561704652724,enter,b2473,sprint,,web
1561704683385,respond,q3941,sprint,c,web
1561704685855,submit,b2473,sprint,,web
1561704699559,enter,b2559,sprint,,web
1561704715826,respond,q4027,sprint,a,web
1561704718592,submit,b2559,sprint,,web
1561704729025,enter,b6747,sprint,,web
1561704809572,respond,q9396,sprint,a,web
1561704813260,submit,b6747,sprint,,web
1561704849131,enter,b5035,sprint,,web
1561704861504,respond,q6503,sprint,a,web
1561704874428,respond,q6503,sprint,b,web
1561704898848,respond,q6503,sprint,d,web
1561704907736,submit,b5035,sprint,,web
1561704934766,enter,b2850,sprint,,web
1561704964296,respond,q4318,sprint,d,web
1561704976567,submit,b2850,sprint,,web
1561704988057,enter,b5138,sprint,,web
1561705001531,respond,q6732,sprint,a,web
1561705002440,submit,b5138,sprint,,web
1561705033049,enter,b11362,sprint,,web
1561705043117,respond,q17125,sprint,a,web
1561705043876,submit,b11362,sprint,,web
1561705052878,enter,b4737,sprint,,web
1561705088673,respond,q6205,sprint,b,web
1561705098647,submit,b4737,sprint,,web
1561705114765,enter,b4737,adaptive_offer,,web
1561705117738,respond,q6205,adaptive_offer,d,web
1561705119746,submit,b4737,adaptive_offer,,web
1561705130507,enter,b4584,adaptive_offer,,web
1561705198502,respond,q6052,adaptive_offer,b,web
1561705201727,respond,q6052,adaptive_offer,c,web
1561705205357,submit,b4584,adaptive_offer,,web
1561705342606,enter,b4728,sprint,,web
1561705384791,respond,q6196,sprint,a,web
1561705386832,submit,b4728,sprint,,web
1561705407225,enter,b3890,sprint,,web
1561705437625,respond,q5358,sprint,d,web
1561705445083,respond,q5358,sprint,b,web
1561705462857,respond,q5358,sprint,a,web
1561705463661,submit,b3890,sprint,,web
1561705483138,enter,b6880,sprint,,web
1561705522018,respond,q9529,sprint,a,web
1561705523392,submit,b6880,sprint,,web
1561705543932,enter,b7379,sprint,,web
1561705556339,respond,q10028,sprint,b,web
1561705557128,respond,q10028,sprint,a,web
1561705558516,submit,b7379,sprint,,web
1561705571506,enter,b3890,adaptive_offer,,web
1561705575243,respond,q5358,adaptive_offer,d,web
1561705576200,submit,b3890,adaptive_offer,,web
1561705584704,enter,b7379,adaptive_offer,,web
1561705590666,respond,q10028,adaptive_offer,c,web
1561705591817,submit,b7379,adaptive_offer,,web
1561705601113,enter,b2884,sprint,,web
1561705620336,respond,q4352,sprint,a,web
1561705624503,submit,b2884,sprint,,web
1561705633266,enter,b4139,sprint,,web
1561705655509,respond,q5607,sprint,a,web
1561705656289,submit,b4139,sprint,,web
1561705666624,enter,b11319,sprint,,web
1561705683411,respond,q17082,sprint,c,web
1561705684217,submit,b11319,sprint,,web
1561705695883,enter,b2602,sprint,,web
1561705705866,respond,q4070,sprint,c,web
1561705712369,submit,b2602,sprint,,web
1561705718668,enter,b3054,sprint,,web
1561705729739,respond,q4522,sprint,a,web
1561705738911,respond,q4522,sprint,b,web
1561705751897,respond,q4522,sprint,a,web
1561705754702,submit,b3054,sprint,,web
1561705770540,enter,b4195,sprint,,web
1561705801719,respond,q5663,sprint,b,web
1561705824099,submit,b4195,sprint,,web
1561705831896,enter,b6320,sprint,,web
1561705858474,respond,q8969,sprint,a,web
1561705863410,respond,q8969,sprint,d,web
1561705864225,respond,q8969,sprint,b,web
1561705865069,submit,b6320,sprint,,web
1561706459657,enter,b5221,sprint,,web
1561706486172,respond,q6977,sprint,b,web
1561706500728,respond,q6978,sprint,a,web
1561706528657,respond,q6979,sprint,a,web
1561706559415,respond,q6980,sprint,a,web
1561706565306,submit,b5221,sprint,,web
1561706624637,enter,b7973,sprint,,web
1561706664141,respond,q10837,sprint,d,web
1561706681524,respond,q10838,sprint,c,web
1561706698571,respond,q10839,sprint,b,web
1561706708847,respond,q10836,sprint,a,web
1561706711075,submit,b7973,sprint,,web
1561706723699,enter,b5169,sprint,,web
1561706744595,respond,q6769,sprint,a,web
1561706812157,respond,q6770,sprint,a,web
1561706823406,respond,q6770,sprint,b,web
1561706831431,respond,q6770,sprint,a,web
1561706842945,respond,q6770,sprint,d,web
1561706887953,respond,q6772,sprint,c,web
1561706908366,respond,q6771,sprint,b,web
1561706916728,respond,q6771,sprint,d,web
1561706918523,submit,b5169,sprint,,web
1561707005816,enter,b5220,sprint,,web
1561707020209,respond,q6974,sprint,b,web
1561707035727,respond,q6974,sprint,d,web
1561707071857,respond,q6975,sprint,b,web
1561707092435,respond,q6976,sprint,a,web
1561707107322,respond,q6973,sprint,c,web
1561707108303,submit,b5220,sprint,,web
1561707153027,enter,b5106,sprint,,web
1561707176136,respond,q6637,sprint,b,web
1561707226157,respond,q6639,sprint,d,web
1561707256757,respond,q6640,sprint,c,web
1561707267279,respond,q6640,sprint,a,web
1561707303332,respond,q6638,sprint,c,web
1561707304141,submit,b5106,sprint,,web
1561707335584,enter,b8503,sprint,,web
1561707342840,respond,q11679,sprint,b,web
1561707373670,respond,q11680,sprint,a,web
1561707439004,respond,q11681,sprint,a,web
1561707477984,respond,q11682,sprint,a,web
1561707478975,submit,b8503,sprint,,web
1561707536246,enter,b5393,sprint,,web
1561707546929,respond,q7618,sprint,b,web
1561707600334,respond,q7619,sprint,b,web
1561707743176,respond,q7622,sprint,d,web
1561707774194,respond,q7621,sprint,a,web
1561707790180,respond,q7620,sprint,c,web
1561707793043,submit,b5393,sprint,,web
1561707879586,enter,b11656,sprint,,web
1561707907520,respond,q17432,sprint,b,web
1561707966457,respond,q17433,sprint,d,web
1561707990279,respond,q17433,sprint,c,web
1561708034389,respond,q17434,sprint,b,web
1561708037520,respond,q17434,sprint,a,web
1561708067865,submit,b11656,sprint,,web
1561708071863,enter,b11656,sprint,,web
1561708077253,respond,q17432,sprint,b,web
1561708081121,respond,q17433,sprint,c,web
1561708085474,respond,q17433,sprint,d,web
1561708089809,respond,q17434,sprint,d,web
1561708091027,respond,q17434,sprint,c,web
1561708121607,submit,b11656,sprint,,web
1561710601030,enter,b5124,sprint,,web
1561710629649,respond,q6709,sprint,d,web
1561710637507,respond,q6709,sprint,b,web
1561710655154,respond,q6710,sprint,c,web
1561710665866,respond,q6711,sprint,b,web
1561710675616,respond,q6712,sprint,a,web
1561710692418,submit,b5124,sprint,,web
1561710752637,enter,b5108,sprint,,web
1561710772613,respond,q6645,sprint,a,web
1561710833094,respond,q6646,sprint,c,web
1561710857810,respond,q6647,sprint,b,web
1561710886811,respond,q6648,sprint,d,web
1561710898066,submit,b5108,sprint,,web
1561710929900,enter,b5123,sprint,,web
1561710997290,respond,q6706,sprint,d,web
1561711052416,respond,q6708,sprint,c,web
1561711061483,respond,q6707,sprint,b,web
1561711075928,respond,q6707,sprint,d,web
1561711078808,respond,q6707,sprint,b,web
1561711104747,respond,q6705,sprint,b,web
1561711116786,respond,q6705,sprint,a,web
1561711150997,respond,q6707,sprint,a,web
1561711152585,respond,q6707,sprint,b,web
1561711155246,respond,q6706,sprint,c,web
1561711160252,submit,b5123,sprint,,web
1561946544079,enter,b825,sprint,,web
1561946554052,submit,b825,sprint,,web
1561946556575,enter,b825,sprint,,web
1561946578577,respond,q825,sprint,c,web
1561946579925,submit,b825,sprint,,web
1561946600607,enter,b711,sprint,,web
1561946619560,respond,q711,sprint,a,web
1561946620503,submit,b711,sprint,,web
1561946633288,enter,b1187,sprint,,web
1561946650331,respond,q1187,sprint,b,web
1561946651236,submit,b1187,sprint,,web
1561946684156,enter,b811,adaptive_offer,,web
1561946688843,submit,b811,adaptive_offer,,web
1561946722173,enter,b415,sprint,,web
1561946740406,respond,q415,sprint,c,web
1561946742254,submit,b415,sprint,,web
1561947584654,enter,b940,sprint,,web
1561947604049,respond,q940,sprint,b,web
1561947605302,submit,b940,sprint,,web
1561947614192,enter,b1103,sprint,,web
1561947633247,respond,q1103,sprint,a,web
1561947634453,submit,b1103,sprint,,web
1561947644606,enter,b217,sprint,,web
1561947662971,respond,q217,sprint,a,web
1561947664450,submit,b217,sprint,,web
1561947671369,enter,b744,sprint,,web
1561947689318,respond,q744,sprint,c,web
1561947691530,submit,b744,sprint,,web
1561947697350,enter,b1339,sprint,,web
1561947716542,respond,q1339,sprint,c,web
1561947717347,submit,b1339,sprint,,web
1561947726334,enter,b1097,sprint,,web
1561947742606,respond,q1097,sprint,b,web
1561947743979,submit,b1097,sprint,,web
1561947751060,enter,b557,sprint,,web
1561947767931,respond,q557,sprint,b,web
1561947772929,submit,b557,sprint,,web
1561947781319,enter,b1052,sprint,,web
1561947794032,respond,q1052,sprint,a,web
1561947802510,respond,q1052,sprint,c,web
1561947803491,submit,b1052,sprint,,web
1561947820621,enter,b721,sprint,,web
1561947840570,respond,q721,sprint,c,web
1561947841617,submit,b721,sprint,,web
1561947847662,enter,b463,sprint,,web
1561947862029,respond,q463,sprint,b,web
1561947864387,submit,b463,sprint,,web
1561947889295,enter,b1234,sprint,,web
1561947893650,submit,b1234,sprint,,web
1561947915228,enter,b1429,sprint,,web
1561947937347,respond,q1485,sprint,b,web
1561947949091,respond,q1486,sprint,d,web
1561947961873,respond,q1487,sprint,a,web
1561947964773,submit,b1429,sprint,,web
1561947980875,enter,b1514,sprint,,web
1561948043178,respond,q1742,sprint,c,web
1561948049717,respond,q1741,sprint,d,web
1561948059013,respond,q1740,sprint,b,web
1561948060136,submit,b1514,sprint,,web
1561948083777,enter,b1614,sprint,,web
1561948111021,respond,q2040,sprint,d,web
1561948130813,respond,q2041,sprint,d,web
1561948143525,respond,q2042,sprint,b,web
1561948145041,respond,q2042,sprint,a,web
1561948146453,submit,b1614,sprint,,web
1561948159892,enter,b1795,sprint,,web
1561948196019,respond,q2583,sprint,b,web
1561948207304,respond,q2584,sprint,a,web
1561948222012,respond,q2585,sprint,a,web
1561948229272,respond,q2583,sprint,c,web
1561948230614,submit,b1795,sprint,,web
1561948243391,enter,b1751,sprint,,web
1561948269381,respond,q2451,sprint,c,web
1561948275349,respond,q2451,sprint,b,web
1561948281068,respond,q2451,sprint,c,web
1561948300451,respond,q2452,sprint,b,web
1561948317610,respond,q2453,sprint,a,web
1561948318872,submit,b1751,sprint,,web
1561948338961,enter,b1426,sprint,,web
1561948387013,respond,q1477,sprint,b,web
1561948397740,respond,q1478,sprint,b,web
1561948401320,respond,q1476,sprint,b,web
1561948402856,submit,b1426,sprint,,web
1561948421865,enter,b1792,sprint,,web
1561948457733,respond,q2574,sprint,d,web
1561948462238,respond,q2574,sprint,a,web
1561948468788,respond,q2575,sprint,d,web
1561948484578,respond,q2576,sprint,b,web
1561948488023,submit,b1792,sprint,,web
1561948518943,enter,b1522,sprint,,web
1561948576410,respond,q1765,sprint,d,web
1561948580085,respond,q1765,sprint,a,web
1561948588972,respond,q1766,sprint,b,web
1561948603676,respond,q1764,sprint,c,web
1561948604839,submit,b1522,sprint,,web
1561948677578,enter,b2009,sprint,,web
1561948734988,respond,q3227,sprint,c,web
1561948742219,respond,q3226,sprint,d,web
1561948747199,respond,q3225,sprint,a,web
1561948748630,submit,b2009,sprint,,web
1561948768466,enter,b1935,sprint,,web
1561948804168,respond,q3003,sprint,d,web
1561948806354,respond,q3003,sprint,a,web
1561948826737,respond,q3005,sprint,a,web
1561948832932,respond,q3004,sprint,b,web
1561948834499,submit,b1935,sprint,,web
1561948851016,enter,b8326,sprint,,web
1561948878895,respond,q11284,sprint,d,web
1561948887622,respond,q11285,sprint,b,web
1561948907246,respond,q11286,sprint,a,web
1561948908391,submit,b8326,sprint,,web
1561948937780,enter,b8295,sprint,,web
1561948949604,respond,q11242,sprint,a,web
1561948953351,submit,b8295,sprint,,web
1561948962826,enter,b193,sprint,,web
1561948974130,respond,q193,sprint,a,web
1561948977438,submit,b193,sprint,,web
1561948983447,enter,b63,sprint,,web
1561949007640,respond,q63,sprint,b,web
1561949008621,submit,b63,sprint,,web
1561949015316,enter,b5603,sprint,,web
1561949038852,respond,q8132,sprint,c,web
1561949042833,submit,b5603,sprint,,web
1561949048814,enter,b8015,sprint,,web
1561949070375,respond,q10962,sprint,b,web
1561949071466,submit,b8015,sprint,,web
1561949078367,enter,b61,sprint,,web
1561949090056,respond,q61,sprint,b,web
1561949094134,respond,q61,sprint,c,web
1561949102637,respond,q61,sprint,d,web
1561949106485,respond,q61,sprint,b,web
1561949110867,respond,q61,sprint,c,web
1561949111749,submit,b61,sprint,,web
1561949120382,enter,b8044,sprint,,web
1561949139570,respond,q10991,sprint,c,web
1561949144072,submit,b8044,sprint,,web
1561949153872,enter,b8100,sprint,,web
1561949168442,respond,q11047,sprint,b,web
1561949170709,submit,b8100,sprint,,web
1561949175665,enter,b8040,sprint,,web
1561949190590,respond,q10987,sprint,b,web
1561949201294,respond,q10987,sprint,d,web
1561949207136,submit,b8040,sprint,,web
1561950932600,enter,b1661,sprint,,web
1561950969223,respond,q2182,sprint,c,web
1561950982231,respond,q2183,sprint,a,web
1561950991498,respond,q2181,sprint,c,web
1561950992307,submit,b1661,sprint,,web
1561951001181,enter,b1403,sprint,,web
1561951050497,respond,q1409,sprint,d,web
1561951054040,respond,q1407,sprint,d,web
1561951058800,respond,q1408,sprint,c,web
1561951059485,submit,b1403,sprint,,web
1561951070075,enter,b1543,sprint,,web
1561951113893,respond,q1828,sprint,c,web
1561951132650,respond,q1827,sprint,a,web
1561951143662,respond,q1829,sprint,d,web
1561951144502,submit,b1543,sprint,,web
1561951156917,enter,b1544,sprint,,web
1561951212183,respond,q1832,sprint,d,web
1561951225014,respond,q1831,sprint,c,web
1561951233226,respond,q1830,sprint,c,web
1561951234744,submit,b1544,sprint,,web
1561951256450,enter,b1521,sprint,,web
1561951298026,respond,q1761,sprint,d,web
1561951317164,respond,q1762,sprint,d,web
1561951336719,respond,q1763,sprint,b,web
1561951337414,submit,b1521,sprint,,web
1561951357550,enter,b1511,sprint,,web
1561951393306,respond,q1731,sprint,a,web
1561951420562,respond,q1732,sprint,b,web
1561951425634,respond,q1733,sprint,c,web
1561951428148,submit,b1511,sprint,,web
1561951445436,enter,b1470,sprint,,web
1561951481494,respond,q1609,sprint,a,web
1561951494821,respond,q1610,sprint,a,web
1561951496584,respond,q1610,sprint,b,web
1561951498909,respond,q1610,sprint,a,web
1561951499749,respond,q1610,sprint,b,web
1561951501170,respond,q1610,sprint,a,web
1561951504616,respond,q1610,sprint,b,web
1561951505378,respond,q1610,sprint,c,web
1561951521020,respond,q1608,sprint,b,web
1561951526940,respond,q1608,sprint,d,web
1561951527618,submit,b1470,sprint,,web
1561951579454,enter,b3420,sprint,,web
1561951598891,respond,q4888,sprint,a,web
1561951614715,respond,q4888,sprint,b,web
1561951620573,submit,b3420,sprint,,web
1561951639848,enter,b4787,sprint,,web
1561951661606,respond,q6255,sprint,c,web
1561951663671,submit,b4787,sprint,,web
1561951671745,enter,b2230,sprint,,web
1561951693646,respond,q3698,sprint,b,web
1561951694996,respond,q3698,sprint,a,web
1561951696522,respond,q3698,sprint,b,web
1561951707876,respond,q3698,sprint,d,web
1561951708669,submit,b2230,sprint,,web
1561951715345,enter,b7565,sprint,,web
1561951736785,respond,q10214,sprint,a,web
1561951737971,submit,b7565,sprint,,web
1561951765092,enter,b3860,sprint,,web
1561951781367,respond,q5328,sprint,a,web
1561951796367,submit,b3860,sprint,,web
1561965907902,enter,b5392,sprint,,web
1561965955934,respond,q7616,sprint,b,web
1561966037707,respond,q7617,sprint,d,web
1561966052593,respond,q7615,sprint,a,web
1561966089407,respond,q7614,sprint,b,web
1561966169993,respond,q7615,sprint,c,web
1561966183775,respond,q7613,sprint,d,web
1561966189132,submit,b5392,sprint,,web
1561966393800,enter,b3027,sprint,,web
1561966403865,respond,q4495,sprint,a,web
1561966416356,submit,b3027,sprint,,web
1561966433494,enter,b3433,sprint,,web
1561966458683,respond,q4901,sprint,b,web
1561966461565,submit,b3433,sprint,,web
1561966561254,enter,b5430,sprint,,web
1561966675735,respond,q7729,sprint,b,web
1561966701201,respond,q7730,sprint,d,web
1561966728364,respond,q7731,sprint,a,web
1561966755487,respond,q7732,sprint,a,web
1561966757675,submit,b5430,sprint,,web
1561966799546,enter,b5391,sprint,,web
1561966833193,respond,q7608,sprint,c,web
1561966914440,respond,q7609,sprint,d,web
1561966982982,respond,q7611,sprint,c,web
1561967074473,respond,q7612,sprint,b,web
1561967124603,respond,q7610,sprint,a,web
1561967125445,submit,b5391,sprint,,web
1561969479347,enter,b7358,sprint,,web
1561969493754,respond,q10007,sprint,b,web
1561969496857,submit,b7358,sprint,,web
1561969503523,enter,b2417,sprint,,web
1561969516723,respond,q3885,sprint,a,web
1561969528064,respond,q3885,sprint,c,web
1561969530718,respond,q3885,sprint,a,web
1561969532336,submit,b2417,sprint,,web
1561969603576,enter,b2377,sprint,,web
1561969649619,respond,q3845,sprint,c,web
1561969650802,submit,b2377,sprint,,web
1561969695492,enter,b4205,sprint,,web
1561969727943,respond,q5673,sprint,a,web
1561969728838,submit,b4205,sprint,,web
1561969789073,enter,b6422,sprint,,web
1561969818315,respond,q9071,sprint,b,web
1561969821926,respond,q9071,sprint,c,web
1561969825835,submit,b6422,sprint,,web
1561969845736,enter,b4942,sprint,,web
1561969857882,respond,q6410,sprint,b,web
1561969864509,submit,b4942,sprint,,web
1561969874838,enter,b4797,sprint,,web
1561969920708,respond,q6265,sprint,d,web
1561969921300,submit,b4797,sprint,,web
1561969979563,enter,b4692,sprint,,web
1561969993476,respond,q6160,sprint,a,web
1561969998348,submit,b4692,sprint,,web
1561970004531,enter,b7661,sprint,,web
1561970017586,respond,q10310,sprint,b,web
1561970018587,submit,b7661,sprint,,web
1561970024520,enter,b2444,sprint,,web
1561970050018,respond,q3912,sprint,a,web
1561970051285,submit,b2444,sprint,,web
1561970078945,enter,b2692,sprint,,web
1561970090611,respond,q4160,sprint,d,web
1561970091456,submit,b2692,sprint,,web
1561970108328,enter,b3854,sprint,,web
1561970118576,respond,q5322,sprint,d,web
1561970119214,submit,b3854,sprint,,web
1561970236424,enter,b11637,sprint,,web
1561970268102,respond,q17400,sprint,c,web
1561970274509,respond,q17400,sprint,a,web
1561970280894,respond,q17400,sprint,c,web
1561970281911,submit,b11637,sprint,,web
1561973529284,enter,b3719,sprint,,web
1561973563173,respond,q5187,sprint,c,web
1561973565759,respond,q5187,sprint,b,web
1561973575569,submit,b3719,sprint,,web
1561973595750,enter,b2467,sprint,,web
1561973606396,respond,q3935,sprint,b,web
1561973607810,submit,b2467,sprint,,web
1561973620208,enter,b4766,sprint,,web
1561973638241,respond,q6234,sprint,c,web
1561973648831,respond,q6234,sprint,d,web
1561973659567,respond,q6234,sprint,c,web
1561973660450,submit,b4766,sprint,,web
1561973680882,enter,b6479,sprint,,web
1561973708181,respond,q9128,sprint,b,web
1561973720840,submit,b6479,sprint,,web
1561973732139,enter,b3325,sprint,,web
1561973759267,respond,q4793,sprint,a,web
1561973760221,respond,q4793,sprint,b,web
1561973765102,respond,q4793,sprint,d,web
1561973765827,submit,b3325,sprint,,web
1561973795350,enter,b4864,sprint,,web
1561973832129,respond,q6332,sprint,c,web
1561973836077,submit,b4864,sprint,,web
1561973880968,enter,b4027,sprint,,web
1561973905680,respond,q5495,sprint,c,web
1561973907950,submit,b4027,sprint,,web
1561973937810,enter,b7227,sprint,,web
1561973975037,respond,q9876,sprint,a,web
1561973978374,submit,b7227,sprint,,web
1561974059808,enter,b3075,sprint,,web
1561974087484,respond,q4543,sprint,a,web
1561974090751,submit,b3075,sprint,,web
1561974229973,enter,b4856,sprint,,web
1561974283113,respond,q6324,sprint,b,web
1561974291097,submit,b4856,sprint,,web
1561974573227,enter,b3757,sprint,,web
1561974591514,respond,q5225,sprint,a,web
1561974595667,respond,q5225,sprint,d,web
1561974600085,submit,b3757,sprint,,web
1561974610871,enter,b11648,sprint,,web
1561974688836,respond,q17418,sprint,d,web
1561974693021,respond,q17418,sprint,b,web
1561974695400,submit,b11648,sprint,,web
1561974742854,enter,b6033,sprint,,web
1561974763074,respond,q8682,sprint,d,web
1561974770073,submit,b6033,sprint,,web
1561974897778,enter,b3889,sprint,,web
1561974913935,respond,q5357,sprint,b,web
1561974916783,submit,b3889,sprint,,web
1561974924980,enter,b5057,sprint,,web
1561974966448,respond,q6525,sprint,b,web
1561974976772,respond,q6525,sprint,c,web
1561974982951,respond,q6525,sprint,b,web
1561974984979,submit,b5057,sprint,,web
1561975023161,enter,b6244,sprint,,web
1561975080478,respond,q8893,sprint,a,web
1561975084310,respond,q8893,sprint,d,web
1561975088216,respond,q8893,sprint,a,web
1561975089664,submit,b6244,sprint,,web
1561975129874,enter,b3015,sprint,,web
1561975141587,respond,q4483,sprint,b,web
1561975151340,submit,b3015,sprint,,web
1561975185159,enter,b4786,sprint,,web
1561975220757,respond,q6254,sprint,a,web
1561975223450,submit,b4786,sprint,,web
1561975253478,enter,b3011,sprint,,web
1561975288099,respond,q4479,sprint,a,web
1561975289364,submit,b3011,sprint,,web
1561975411197,enter,b6925,sprint,,web
1561975429996,respond,q9574,sprint,a,web
1561975433790,respond,q9574,sprint,c,web
1561975434826,submit,b6925,sprint,,web
1561976117081,enter,b4574,sprint,,web
1561976160235,respond,q6042,sprint,c,web
1561976162207,submit,b4574,sprint,,web
1561976281609,enter,b5039,sprint,,web
1561976291094,respond,q6507,sprint,a,web
1561976310668,respond,q6507,sprint,c,web
1561976316533,respond,q6507,sprint,d,web
1561976321788,submit,b5039,sprint,,web
1561976349655,enter,b3306,sprint,,web
1561976389505,respond,q4774,sprint,c,web
1561976391671,submit,b3306,sprint,,web
1561976721409,enter,b6706,sprint,,web
1561976750748,respond,q9355,sprint,d,web
1561976753086,submit,b6706,sprint,,web
1561976784635,enter,b3627,sprint,,web
1561976795576,respond,q5095,sprint,b,web
1561976807700,submit,b3627,sprint,,web
1561976819354,enter,b2780,sprint,,web
1561976839262,respond,q4248,sprint,b,web
1561976841324,submit,b2780,sprint,,web
1561976865885,enter,b4584,adaptive_offer,,web
1561976891885,respond,q6052,adaptive_offer,b,web
1561976897084,submit,b4584,adaptive_offer,,web
1561976943212,enter,b2780,adaptive_offer,,web
1561976951243,respond,q4248,adaptive_offer,a,web
1561976952226,submit,b2780,adaptive_offer,,web
1561977027821,enter,b4552,sprint,,web
1561977049236,respond,q6020,sprint,d,web
1561977051482,submit,b4552,sprint,,web
1561977202867,enter,b3775,sprint,,web
1561977237738,respond,q5243,sprint,a,web
1561977239888,submit,b3775,sprint,,web
1561977373021,enter,b4946,sprint,,web
1561977383884,respond,q6414,sprint,a,web
1561977395375,respond,q6414,sprint,d,web
1561977396231,submit,b4946,sprint,,web
1561977404708,enter,b3017,sprint,,web
1561977451855,respond,q4485,sprint,c,web
1561977452768,submit,b3017,sprint,,web
1561977463136,enter,b6865,sprint,,web
1561977486827,respond,q9514,sprint,d,web
1561977489589,submit,b6865,sprint,,web
1561977502106,enter,b4790,sprint,,web
1561977547889,respond,q6258,sprint,b,web
1561977560976,submit,b4790,sprint,,web
1561977613152,enter,b2451,sprint,,web
1561977632047,respond,q3919,sprint,a,web
1561977650634,respond,q3919,sprint,d,web
1561977651802,submit,b2451,sprint,,web
1561978312504,enter,b11655,sprint,,web
1561978330111,respond,q17430,sprint,d,web
1561978342720,respond,q17431,sprint,b,web
1561978343628,submit,b11655,sprint,,web
1561978349820,enter,b5369,sprint,,web
1561978372683,respond,q7520,sprint,a,web
1561978520236,respond,q7522,sprint,a,web
1561978543955,respond,q7522,sprint,b,web
1561978562678,respond,q7523,sprint,d,web
1561978620272,respond,q7524,sprint,d,web
1561978677146,respond,q7521,sprint,a,web
1561978712338,submit,b5369,sprint,,web
1562054759123,enter,b5948,sprint,,web
1562054791998,respond,q8597,sprint,a,web
1562054794476,submit,b5948,sprint,,web
1562055423662,enter,b5421,sprint,,web
1562055458226,respond,q7698,sprint,d,web
1562055503485,respond,q7697,sprint,b,web
1562055589190,respond,q7699,sprint,d,web
1562055590132,submit,b5421,sprint,,web
1562055658063,enter,b5352,sprint,,web
1562055672776,respond,q7450,sprint,d,web
1562055707534,respond,q7451,sprint,a,web
1562055709813,respond,q7451,sprint,b,web
1562055741736,respond,q7451,sprint,c,web
1562055745413,respond,q7451,sprint,d,web
1562055771059,respond,q7452,sprint,a,web
1562055815493,respond,q7452,sprint,d,web
1562055828411,respond,q7452,sprint,c,web
1562055863788,respond,q7453,sprint,d,web
1562055881873,respond,q7454,sprint,a,web
1562055886260,submit,b5352,sprint,,web
1562055933415,enter,b2621,sprint,,web
1562055959438,respond,q4089,sprint,d,web
1562055960772,submit,b2621,sprint,,web
1562055977387,enter,b3845,sprint,,web
1562055986486,respond,q5313,sprint,c,web
1562055987547,submit,b3845,sprint,,web
1562055995645,enter,b5151,sprint,,web
1562056049093,respond,q6745,sprint,c,web
1562056051104,submit,b5151,sprint,,web
1562056073626,enter,b7585,sprint,,web
1562056091761,respond,q10234,sprint,d,web
1562056092923,submit,b7585,sprint,,web
1562056098470,enter,b3128,sprint,,web
1562056132558,respond,q4596,sprint,b,web
1562056134617,submit,b3128,sprint,,web
1562056152845,enter,b3515,sprint,,web
1562056158634,respond,q4983,sprint,c,web
1562056159866,submit,b3515,sprint,,web
1562056348187,enter,b6957,sprint,,web
1562056376810,respond,q9606,sprint,c,web
1562056378186,submit,b6957,sprint,,web
1562130848476,enter,b5889,sprint,,web
1562130862759,respond,q8538,sprint,c,web
1562130868377,submit,b5889,sprint,,web
1562131000490,enter,b3848,sprint,,web
1562131027489,respond,q5316,sprint,c,web
1562131029145,submit,b3848,sprint,,web
1562131036181,enter,b3049,sprint,,web
1562131071470,respond,q4517,sprint,b,web
1562131072910,submit,b3049,sprint,,web
1562131109920,enter,b4311,sprint,,web
1562131148895,respond,q5779,sprint,d,web
1562131150408,submit,b4311,sprint,,web
1562131639715,enter,b3331,adaptive_offer,,web
1562131654711,respond,q4799,adaptive_offer,b,web
1562131655871,submit,b3331,adaptive_offer,,web
1562131668991,enter,b4311,adaptive_offer,,web
1562131683348,respond,q5779,adaptive_offer,b,web
1562131684306,submit,b4311,adaptive_offer,,web
1562131886190,enter,b3000,adaptive_offer,,web
1562131890859,respond,q4468,adaptive_offer,c,web
1562131893867,submit,b3000,adaptive_offer,,web
1562132286587,enter,b3433,adaptive_offer,,web
1562132294905,respond,q4901,adaptive_offer,a,web
1562132295944,submit,b3433,adaptive_offer,,web
1562132323397,enter,b6805,sprint,,web
1562132347769,respond,q9454,sprint,b,web
1562132351606,submit,b6805,sprint,,web
1562132361901,enter,b2320,sprint,,web
1562132392126,respond,q3788,sprint,d,web
1562132393330,submit,b2320,sprint,,web
1562132406330,enter,b5008,sprint,,web
1562132444328,respond,q6476,sprint,a,web
1562132445468,submit,b5008,sprint,,web
1562132457507,enter,b2510,sprint,,web
1562132493256,respond,q3978,sprint,d,web
1562132494084,submit,b2510,sprint,,web
1562132566497,enter,b6485,sprint,,web
1562132585166,respond,q9134,sprint,b,web
1562132593658,submit,b6485,sprint,,web
1562132606342,enter,b4869,sprint,,web
1562132627833,respond,q6337,sprint,b,web
1562132628945,submit,b4869,sprint,,web
1562132647706,enter,b4867,adaptive_offer,,web
1562132658486,respond,q6335,adaptive_offer,d,web
1562132659474,submit,b4867,adaptive_offer,,web
1562132668375,enter,b4869,adaptive_offer,,web
1562132670072,respond,q6337,adaptive_offer,d,web
1562132670791,submit,b4869,adaptive_offer,,web
1562132681272,enter,b3049,adaptive_offer,,web
1562132684707,respond,q4517,adaptive_offer,d,web
1562132685261,submit,b3049,adaptive_offer,,web
1562132694755,enter,b3433,adaptive_offer,,web
1562132697405,respond,q4901,adaptive_offer,a,web
1562132698357,submit,b3433,adaptive_offer,,web
1562132712941,enter,b3949,sprint,,web
1562132726278,respond,q5417,sprint,c,web
1562132727888,submit,b3949,sprint,,web
1562132739449,enter,b3770,sprint,,web
1562132752012,respond,q5238,sprint,a,web
1562132755730,submit,b3770,sprint,,web
1562134476806,enter,b5960,sprint,,web
1562134506239,respond,q8609,sprint,d,web
1562134511947,respond,q8609,sprint,c,web
1562134518333,respond,q8609,sprint,d,web
1562134520227,respond,q8609,sprint,c,web
1562134521408,submit,b5960,sprint,,web
1562134782256,enter,b2654,sprint,,web
1562134798035,respond,q4122,sprint,a,web
1562134814860,respond,q4122,sprint,b,web
1562134815814,submit,b2654,sprint,,web
1562134835545,enter,b4558,sprint,,web
1562134844756,respond,q6026,sprint,a,web
1562134866769,respond,q6026,sprint,c,web
1562134876755,respond,q6026,sprint,a,web
1562134896940,submit,b4558,sprint,,web
1562135976590,enter,b4184,sprint,,web
1562136054829,respond,q5652,sprint,c,web
1562136055360,submit,b4184,sprint,,web
1562136065511,enter,b11426,sprint,,web
1562136080837,respond,q17189,sprint,d,web
1562136084928,submit,b11426,sprint,,web
1562136096116,enter,b3946,sprint,,web
1562136118464,respond,q5414,sprint,c,web
1562136124573,submit,b3946,sprint,,web
1562136137176,enter,b5075,sprint,,web
1562136153107,respond,q6543,sprint,d,web
1562136157432,submit,b5075,sprint,,web
1562136167422,enter,b4041,sprint,,web
1562136193482,respond,q5509,sprint,a,web
1562136196948,respond,q5509,sprint,c,web
1562136198655,submit,b4041,sprint,,web
1562136253693,enter,b7429,sprint,,web
1562136290614,respond,q10078,sprint,b,web
1562136292765,submit,b7429,sprint,,web
1562136337458,enter,b6945,sprint,,web
1562136364167,respond,q9594,sprint,b,web
1562136366252,submit,b6945,sprint,,web
1562136375311,enter,b4432,sprint,,web
1562136414645,respond,q5900,sprint,c,web
1562136416705,submit,b4432,sprint,,web
1562136450745,enter,b3215,sprint,,web
1562136460400,respond,q4683,sprint,a,web
1562136462562,submit,b3215,sprint,,web
1562136541566,enter,b3420,adaptive_offer,,web
1562136546896,respond,q4888,adaptive_offer,c,web
1562136548126,submit,b3420,adaptive_offer,,web
1562136553352,enter,b3215,adaptive_offer,,web
1562136555476,respond,q4683,adaptive_offer,c,web
1562136558518,submit,b3215,adaptive_offer,,web
1562138912598,enter,b7133,sprint,,web
1562138949191,respond,q9782,sprint,b,web
1562138958945,submit,b7133,sprint,,web
1562138969071,enter,b6006,sprint,,web
1562138984235,respond,q8655,sprint,b,web
1562138986986,submit,b6006,sprint,,web
1562138995117,enter,b5044,sprint,,web
1562139006121,respond,q6512,sprint,a,web
1562139010551,submit,b5044,sprint,,web
1562139271354,enter,b1439,sprint,,web
1562139335971,respond,q1517,sprint,d,web
1562139342762,respond,q1515,sprint,d,web
1562139352255,respond,q1516,sprint,b,web
1562139352924,submit,b1439,sprint,,web
1562139377116,enter,b1505,sprint,,web
1562139439187,respond,q1715,sprint,b,web
1562139450469,respond,q1713,sprint,b,web
1562139458800,respond,q1713,sprint,d,web
1562139468561,respond,q1714,sprint,c,web
1562139470541,respond,q1714,sprint,d,web
1562139471682,submit,b1505,sprint,,web
1562139496067,enter,b1604,sprint,,web
1562139523038,respond,q2010,sprint,a,web
1562139542927,respond,q2012,sprint,a,web
1562139554570,respond,q2011,sprint,c,web
1562139556673,submit,b1604,sprint,,web
1562139574730,enter,b1736,sprint,,web
1562139626478,respond,q2408,sprint,d,web
1562139639561,respond,q2407,sprint,d,web
1562139650187,respond,q2406,sprint,d,web
1562139650996,submit,b1736,sprint,,web
1562139670602,enter,b1791,sprint,,web
1562139705948,respond,q2571,sprint,d,web
1562139724226,respond,q2573,sprint,c,web
1562139737975,respond,q2572,sprint,c,web
1562139744733,respond,q2572,sprint,b,web
1562139746020,submit,b1791,sprint,,web
1562139770903,enter,b1462,sprint,,web
1562139827031,respond,q1584,sprint,b,web
1562139861266,respond,q1586,sprint,d,web
1562139874923,respond,q1585,sprint,b,web
1562139875937,submit,b1462,sprint,,web
1562139915127,enter,b1649,sprint,,web
1562139956928,respond,q2145,sprint,b,web
1562139965947,respond,q2146,sprint,b,web
1562139972430,respond,q2147,sprint,c,web
1562139974574,submit,b1649,sprint,,web
1562139991280,enter,b1553,sprint,,web
1562140052335,respond,q1859,sprint,d,web
1562140056235,respond,q1858,sprint,a,web
1562140058314,respond,q1857,sprint,c,web
1562140059425,submit,b1553,sprint,,web
1562140070780,enter,b1469,sprint,,web
1562140095359,respond,q1605,sprint,c,web
1562140128916,respond,q1607,sprint,d,web
1562140131271,respond,q1606,sprint,d,web
1562140132968,submit,b1469,sprint,,web
1562140342850,enter,b1234,sprint,,web
1562140357166,respond,q1234,sprint,a,web
1562140361987,submit,b1234,sprint,,web
1562140371593,enter,b878,sprint,,web
1562140390141,respond,q878,sprint,b,web
1562140391557,submit,b878,sprint,,web
1562140398549,enter,b539,sprint,,web
1562140416250,respond,q539,sprint,a,web
1562140417120,submit,b539,sprint,,web
1562140422626,enter,b532,sprint,,web
1562140437026,respond,q532,sprint,b,web
1562140440348,respond,q532,sprint,c,web
1562140443806,respond,q532,sprint,b,web
1562140444655,submit,b532,sprint,,web
1562140450694,enter,b546,sprint,,web
1562140466489,respond,q546,sprint,b,web
1562140467945,respond,q546,sprint,c,web
1562140471823,submit,b546,sprint,,web
1562140478154,enter,b436,sprint,,web
1562140498967,respond,q436,sprint,c,web
1562140502853,submit,b436,sprint,,web
1562140511455,enter,b428,sprint,,web
1562140528581,respond,q428,sprint,b,web
1562140532650,submit,b428,sprint,,web
1562140537923,enter,b583,sprint,,web
1562140550136,respond,q583,sprint,a,web
1562140556471,submit,b583,sprint,,web
1562140561995,enter,b569,sprint,,web
1562140574895,respond,q569,sprint,a,web
1562140578071,submit,b569,sprint,,web
1562140584650,enter,b515,sprint,,web
1562140606651,respond,q515,sprint,c,web
1562140607437,submit,b515,sprint,,web
1562142197580,enter,b752,sprint,,web
1562142213361,respond,q752,sprint,b,web
1562142214017,submit,b752,sprint,,web
1562142227818,enter,b703,sprint,,web
1562142240528,respond,q703,sprint,a,web
1562142241294,submit,b703,sprint,,web
1562142247565,enter,b1061,sprint,,web
1562142264436,respond,q1061,sprint,c,web
1562142266371,respond,q1061,sprint,b,web
1562142267352,respond,q1061,sprint,c,web
1562142269296,respond,q1061,sprint,b,web
1562142270953,respond,q1061,sprint,a,web
1562142271972,submit,b1061,sprint,,web
1562142307220,enter,b1467,sprint,,web
1562142316796,respond,q1600,sprint,b,web
1562142336998,respond,q1599,sprint,b,web
1562142354331,respond,q1600,sprint,d,web
1562142367166,respond,q1601,sprint,b,web
1562142373969,respond,q1599,sprint,a,web
1562142375326,submit,b1467,sprint,,web
1562142397518,enter,b1481,sprint,,web
1562142426302,respond,q1641,sprint,c,web
1562142451965,respond,q1643,sprint,b,web
1562142456619,respond,q1642,sprint,c,web
1562142457420,submit,b1481,sprint,,web
1562142479399,enter,b1786,sprint,,web
1562142517708,respond,q2556,sprint,b,web
1562142532472,respond,q2557,sprint,c,web
1562142548048,respond,q2558,sprint,b,web
1562142553836,respond,q2558,sprint,c,web
1562142560677,submit,b1786,sprint,,web
1562142576805,enter,b1615,sprint,,web
1562142619447,respond,q2043,sprint,c,web
1562142655684,respond,q2045,sprint,b,web
1562142663369,respond,q2044,sprint,b,web
1562142665242,submit,b1615,sprint,,web
1562142681411,enter,b1476,sprint,,web
1562142728216,respond,q1626,sprint,b,web
1562142742938,respond,q1628,sprint,c,web
1562142744090,respond,q1628,sprint,d,web
1562142757941,respond,q1627,sprint,b,web
1562142758813,submit,b1476,sprint,,web
1562142780699,enter,b1443,sprint,,web
1562142810341,respond,q1527,sprint,b,web
1562142824681,respond,q1528,sprint,c,web
1562142836310,respond,q1529,sprint,b,web
1562142836913,submit,b1443,sprint,,web
1562142848753,enter,b1624,sprint,,web
1562142880399,respond,q2070,sprint,a,web
1562142893798,respond,q2071,sprint,a,web
1562142904598,respond,q2072,sprint,d,web
1562142906045,submit,b1624,sprint,,web
1562142922770,enter,b1594,sprint,,web
1562142951232,respond,q1980,sprint,c,web
1562142986945,respond,q1982,sprint,a,web
1562142991704,respond,q1981,sprint,a,web
1562142992713,submit,b1594,sprint,,web
1562143029678,enter,b8026,sprint,,web
1562143055229,respond,q10973,sprint,a,web
1562143056355,submit,b8026,sprint,,web
1562143062130,enter,b8069,sprint,,web
1562143077546,respond,q11016,sprint,b,web
1562143078214,submit,b8069,sprint,,web
1562143084013,enter,b8162,sprint,,web
1562143097535,respond,q11109,sprint,a,web
1562143098254,submit,b8162,sprint,,web
1562143103710,enter,b8086,sprint,,web
1562143115053,respond,q11033,sprint,b,web
1562143118125,respond,q11033,sprint,c,web
1562143123307,submit,b8086,sprint,,web
1562143131158,enter,b8131,sprint,,web
1562143135468,respond,q11078,sprint,d,web
1562143145466,respond,q11078,sprint,a,web
1562143154263,submit,b8131,sprint,,web
1562143159789,enter,b8041,sprint,,web
1562143162691,respond,q10988,sprint,d,web
1562143166975,respond,q10988,sprint,a,web
1562143182202,respond,q10988,sprint,d,web
1562143183025,submit,b8041,sprint,,web
1562218445781,enter,b3367,sprint,,web
1562218481467,respond,q4835,sprint,a,web
1562218482205,respond,q4835,sprint,b,web
1562218489236,respond,q4835,sprint,c,web
1562218492372,respond,q4835,sprint,b,web
1562218493711,submit,b3367,sprint,,web
1562218607510,enter,b7670,sprint,,web
1562218630338,respond,q10319,sprint,b,web
1562218632998,submit,b7670,sprint,,web
1562218671522,enter,b4895,sprint,,web
1562218739077,respond,q6363,sprint,c,web
1562218740185,submit,b4895,sprint,,web
1562218868307,enter,b4753,sprint,,web
1562218897466,respond,q6221,sprint,c,web
1562218902601,respond,q6221,sprint,b,web
1562218903456,submit,b4753,sprint,,web
1562221476697,enter,b3011,adaptive_offer,,web
1562221486597,respond,q4479,adaptive_offer,b,web
1562221487546,submit,b3011,adaptive_offer,,web
1562221497520,enter,b4753,adaptive_offer,,web
1562221514763,respond,q6221,adaptive_offer,c,web
1562221515632,submit,b4753,adaptive_offer,,web
1562221531633,enter,b3865,sprint,,web
1562221585215,respond,q5333,sprint,b,web
1562221586603,submit,b3865,sprint,,web
1562221601439,enter,b7168,sprint,,web
1562221639916,respond,q9817,sprint,b,web
1562221653658,respond,q9817,sprint,d,web
1562221661656,respond,q9817,sprint,c,web
1562221662724,respond,q9817,sprint,b,web
1562221663495,respond,q9817,sprint,c,web
1562221668512,respond,q9817,sprint,a,web
1562221669349,submit,b7168,sprint,,web
1562221706688,enter,b2964,sprint,,web
1562221720966,respond,q4432,sprint,a,web
1562221736810,submit,b2964,sprint,,web
1562221742591,enter,b3885,sprint,,web
1562221757917,respond,q5353,sprint,a,web
1562221798660,respond,q5353,sprint,b,web
1562221808514,submit,b3885,sprint,,web
1562221819002,enter,b4854,sprint,,web
1562221824176,respond,q6322,sprint,a,web
1562221826119,submit,b4854,sprint,,web
1562222100998,enter,b8509,sprint,,web
1562222119381,respond,q11703,sprint,a,web
1562222134940,respond,q11704,sprint,c,web
1562222180069,respond,q11705,sprint,a,web
1562222200449,respond,q11706,sprint,d,web
1562222201313,submit,b8509,sprint,,web
1562222238335,enter,b5182,sprint,,web
1562222258700,respond,q6822,sprint,c,web
1562222268365,respond,q6823,sprint,a,web
1562222280469,respond,q6824,sprint,b,web
1562222295333,respond,q6821,sprint,d,web
1562222300482,submit,b5182,sprint,,web
1562222321797,enter,b5087,sprint,,web
1562222337781,respond,q6561,sprint,c,web
1562222359900,respond,q6562,sprint,d,web
1562222375060,respond,q6563,sprint,b,web
1562222392214,respond,q6564,sprint,b,web
1562222412814,respond,q6564,sprint,c,web
1562222416862,submit,b5087,sprint,,web
1562222453617,enter,b5172,sprint,,web
1562222473833,respond,q6781,sprint,b,web
1562222485202,respond,q6782,sprint,a,web
1562222506832,respond,q6783,sprint,c,web
1562222545339,respond,q6784,sprint,d,web
1562222546712,submit,b5172,sprint,,web
1562222560857,enter,b8521,sprint,,web
1562222584064,respond,q11751,sprint,c,web
1562222592975,respond,q11752,sprint,a,web
1562222606310,respond,q11753,sprint,b,web
1562222647622,respond,q11754,sprint,a,web
1562222703378,submit,b8521,sprint,,web
1562222735344,enter,b5085,sprint,,web
1562222759491,respond,q6553,sprint,a,web
1562222808699,respond,q6554,sprint,c,web
1562222848582,respond,q6555,sprint,b,web
1562222869357,respond,q6556,sprint,a,web
1562222912926,submit,b5085,sprint,,web
1562222980443,enter,b5219,sprint,,web
1562223017216,respond,q6969,sprint,c,web
1562223028689,respond,q6969,sprint,a,web
1562223054977,respond,q6970,sprint,c,web
1562223109828,respond,q6970,sprint,b,web
1562223135640,respond,q6971,sprint,b,web
1562223142024,respond,q6971,sprint,c,web
1562223155954,respond,q6972,sprint,b,web
1562223160996,submit,b5219,sprint,,web
1562223214235,enter,b5398,sprint,,web
1562223242378,respond,q7635,sprint,a,web
1562223302704,respond,q7636,sprint,c,web
1562223306571,submit,b5398,sprint,,web
1562223314998,enter,b5366,sprint,,web
1562223370221,respond,q7505,sprint,c,web
1562223472599,respond,q7506,sprint,c,web
1562223549719,respond,q7509,sprint,b,web
1562223570837,respond,q7508,sprint,c,web
1562223658168,respond,q7507,sprint,c,web
1562223718332,respond,q7507,sprint,b,web
1562223722008,submit,b5366,sprint,,web
1562224533792,enter,b8012,sprint,,mobile
1562224554447,respond,q10959,sprint,d,mobile
1562224558686,submit,b8012,sprint,,mobile
1562224563731,enter,b8147,sprint,,mobile
1562224576183,respond,q11094,sprint,a,mobile
1562224585931,submit,b8147,sprint,,mobile
1562224591112,enter,b8077,sprint,,mobile
1562224614621,respond,q11024,sprint,b,mobile
1562224618918,submit,b8077,sprint,,mobile
1562224629549,enter,b8077,sprint,,mobile
1562224651553,submit,b8077,sprint,,mobile
1562224651601,enter,b8244,sprint,,mobile
1562224673049,respond,q11191,sprint,d,mobile
1562224677081,submit,b8244,sprint,,mobile
1562225031186,enter,b5109,sprint,,web
1562225049705,respond,q6649,sprint,c,web
1562225051254,respond,q6649,sprint,d,web
1562225059306,respond,q6649,sprint,c,web
1562225094646,respond,q6650,sprint,c,web
1562225127857,respond,q6651,sprint,a,web
1562225151545,respond,q6652,sprint,b,web
1562225183607,respond,q6649,sprint,d,web
1562225200151,respond,q6649,sprint,c,web
1562225201159,submit,b5109,sprint,,web
1562225238844,enter,b8527,sprint,,web
1562225292635,respond,q11776,sprint,b,web
1562225305113,respond,q11777,sprint,a,web
1562225318349,respond,q11778,sprint,b,web
1562225338523,respond,q11775,sprint,d,web
1562225339619,submit,b8527,sprint,,web
1562225398544,enter,b5197,sprint,,web
1562225407034,respond,q6881,sprint,c,web
1562225437239,respond,q6882,sprint,c,web
1562225466376,respond,q6883,sprint,b,web
1562225480347,respond,q6884,sprint,a,web
1562225517575,submit,b5197,sprint,,web
1562225567082,enter,b5116,sprint,,web
1562225583223,respond,q6677,sprint,d,web
1562225592647,respond,q6678,sprint,b,web
1562225610772,respond,q6679,sprint,d,web
1562225631341,respond,q6680,sprint,c,web
1562225633527,respond,q6680,sprint,d,web
1562225634654,respond,q6680,sprint,c,web
1562225637946,submit,b5116,sprint,,web
1562225646275,enter,b5212,sprint,,web
1562225685754,respond,q6941,sprint,a,web
1562225699236,respond,q6941,sprint,c,web
1562225730699,respond,q6942,sprint,a,web
1562225751349,respond,q6943,sprint,c,web
1562225756898,respond,q6944,sprint,b,web
1562225758934,submit,b5212,sprint,,web
1562225891129,enter,b8497,sprint,,web
1562225901385,respond,q11655,sprint,a,web
1562225929171,respond,q11656,sprint,b,web
1562225937667,respond,q11656,sprint,a,web
1562225956298,respond,q11657,sprint,d,web
1562225973653,respond,q11658,sprint,d,web
1562225976683,submit,b8497,sprint,,web
1562226010471,enter,b5192,sprint,,web
1562226036430,respond,q6861,sprint,b,web
1562226049703,respond,q6861,sprint,c,web
1562226104197,respond,q6862,sprint,b,web
1562226105585,respond,q6862,sprint,a,web
1562226151507,respond,q6863,sprint,b,web
1562226159942,respond,q6863,sprint,a,web
1562226184163,respond,q6864,sprint,c,web
1562226185033,submit,b5192,sprint,,web
1562226194484,enter,b5112,sprint,,web
1562226209302,respond,q6661,sprint,c,web
1562226232971,respond,q6662,sprint,b,web
1562226238978,respond,q6663,sprint,b,web
1562226262588,respond,q6664,sprint,d,web
1562226265533,submit,b5112,sprint,,web
1562226306932,enter,b5207,sprint,,web
1562226355918,respond,q6922,sprint,b,web
1562226376952,respond,q6923,sprint,c,web
1562226413582,respond,q6924,sprint,c,web
1562226420248,respond,q6921,sprint,c,web
1562226421804,submit,b5207,sprint,,web
1562226445333,enter,b5092,sprint,,web
1562226449421,respond,q6581,sprint,a,web
1562226476001,respond,q6581,sprint,c,web
1562226501206,respond,q6582,sprint,a,web
1562226523121,respond,q6583,sprint,d,web
1562226534959,respond,q6584,sprint,b,web
1562226535578,submit,b5092,sprint,,web
1562228063529,enter,b8244,sprint,,mobile
1562228074699,submit,b8244,sprint,,mobile
1562228074771,enter,b8073,sprint,,mobile
1562228096043,respond,q11020,sprint,d,mobile
1562228099137,submit,b8073,sprint,,mobile
1562228105903,enter,b8096,sprint,,mobile
1562228124204,respond,q11043,sprint,d,mobile
1562228127035,respond,q11043,sprint,a,mobile
1562228129657,submit,b8096,sprint,,mobile
1562228174089,enter,b8246,sprint,,mobile
1562228194287,respond,q11193,sprint,d,mobile
1562228197369,submit,b8246,sprint,,mobile
1562228201586,enter,b8148,sprint,,mobile
1562228215124,respond,q11095,sprint,b,mobile
1562228220739,submit,b8148,sprint,,mobile
1562228254374,enter,b8258,sprint,,mobile
1562228275028,respond,q11205,sprint,b,mobile
1562228275589,respond,q11205,sprint,a,mobile
1562228278481,submit,b8258,sprint,,mobile
1562231044148,enter,b725,sprint,,mobile
1562231054319,respond,q725,sprint,a,mobile
1562231057648,submit,b725,sprint,,mobile
1562231062201,enter,b1266,sprint,,mobile
1562231074814,respond,q1266,sprint,b,mobile
1562231078105,respond,q1266,sprint,c,mobile
1562231082279,submit,b1266,sprint,,mobile
1562231088091,enter,b1251,sprint,,mobile
1562231099246,respond,q1251,sprint,a,mobile
1562231105314,submit,b1251,sprint,,mobile
1562231109838,enter,b447,sprint,,mobile
1562231123445,respond,q447,sprint,c,mobile
1562231129336,submit,b447,sprint,,mobile
1562231194719,enter,b8032,sprint,,mobile
1562231218292,respond,q10979,sprint,d,mobile
1562231221850,submit,b8032,sprint,,mobile
1562231228136,enter,b8213,sprint,,mobile
1562231250393,respond,q11160,sprint,d,mobile
1562231253556,submit,b8213,sprint,,mobile
1562231258057,enter,b8052,sprint,,mobile
1562231277620,respond,q10999,sprint,c,mobile
1562231284228,submit,b8052,sprint,,mobile
1562231290398,enter,b8112,sprint,,mobile
1562231307302,respond,q11059,sprint,a,mobile
1562231315583,submit,b8112,sprint,,mobile
1562297738740,enter,b4227,sprint,,web
1562297764074,respond,q5695,sprint,a,web
1562297769125,respond,q5695,sprint,c,web
1562297770334,submit,b4227,sprint,,web
1562297785239,enter,b4745,sprint,,web
1562297816128,respond,q6213,sprint,b,web
1562297843735,submit,b4745,sprint,,web
1562297961077,enter,b2418,sprint,,web
1562297983871,respond,q3886,sprint,b,web
1562297984902,submit,b2418,sprint,,web
1562297993063,enter,b6448,sprint,,web
1562298000598,respond,q9097,sprint,d,web
1562298001307,submit,b6448,sprint,,web
1562298007679,enter,b2938,sprint,,web
1562298018801,respond,q4406,sprint,a,web
1562298019670,submit,b2938,sprint,,web
1562298398770,enter,b4272,sprint,,web
1562298410849,respond,q5740,sprint,a,web
1562298415140,submit,b4272,sprint,,web
1562298701107,enter,b764,sprint,,web
1562298711384,respond,q764,sprint,b,web
1562298718018,respond,q764,sprint,c,web
1562298718888,submit,b764,sprint,,web
1562298727231,enter,b1297,sprint,,web
1562298743050,respond,q1297,sprint,b,web
1562298743881,submit,b1297,sprint,,web
1562298750972,enter,b531,sprint,,web
1562298767361,respond,q531,sprint,b,web
1562298769547,submit,b531,sprint,,web
1562298781907,enter,b787,sprint,,web
1562298792968,respond,q787,sprint,b,web
1562298795899,respond,q787,sprint,c,web
1562298799312,respond,q787,sprint,a,web
1562298800116,submit,b787,sprint,,web
1562298817104,enter,b618,sprint,,web
1562298836327,respond,q618,sprint,c,web
1562298838205,submit,b618,sprint,,web
1562298845727,enter,b869,sprint,,web
1562298867114,respond,q869,sprint,c,web
1562298871447,respond,q869,sprint,b,web
1562298873383,submit,b869,sprint,,web
1562298880105,enter,b1240,sprint,,web
1562298897350,respond,q1240,sprint,c,web
1562298899922,submit,b1240,sprint,,web
1562298911280,enter,b1393,sprint,,web
1562298924176,respond,q1393,sprint,a,web
1562298930511,submit,b1393,sprint,,web
1562298951556,enter,b622,sprint,,web
1562298970272,respond,q622,sprint,c,web
1562298971059,submit,b622,sprint,,web
1562298978928,enter,b545,sprint,,web
1562298999692,respond,q545,sprint,b,web
1562299000558,submit,b545,sprint,,web
1562299009032,enter,b713,sprint,,web
1562299024786,respond,q713,sprint,b,web
1562299027784,submit,b713,sprint,,web
1562299034265,enter,b1365,sprint,,web
1562299046012,respond,q1365,sprint,a,web
1562299052516,submit,b1365,sprint,,web
1562299061164,enter,b726,sprint,,web
1562299074117,respond,q726,sprint,a,web
1562299081432,submit,b726,sprint,,web
1562299089172,enter,b609,sprint,,web
1562299102532,respond,q609,sprint,a,web
1562299105423,respond,q609,sprint,b,web
1562299106361,submit,b609,sprint,,web
1562299114720,enter,b273,sprint,,web
1562299134960,respond,q273,sprint,a,web
1562299135708,submit,b273,sprint,,web
1562299145785,enter,b273,adaptive_offer,,web
1562299154136,submit,b273,adaptive_offer,,web
1562299173180,enter,b406,sprint,,web
1562299194198,respond,q406,sprint,b,web
1562299195232,submit,b406,sprint,,web
1562299201298,enter,b510,sprint,,web
1562299218619,respond,q510,sprint,c,web
1562299219246,respond,q510,sprint,b,web
1562299220049,submit,b510,sprint,,web
1562299226845,enter,b547,sprint,,web
1562299238102,respond,q547,sprint,a,web
1562299238829,submit,b547,sprint,,web
1562299247564,enter,b1173,sprint,,web
1562299264354,respond,q1173,sprint,c,web
1562299269290,respond,q1173,sprint,b,web
1562299270217,submit,b1173,sprint,,web
1562299672380,enter,b375,sprint,,web
1562299691755,respond,q375,sprint,a,web
1562299692569,submit,b375,sprint,,web
1562299697928,enter,b1314,sprint,,web
1562299708439,respond,q1314,sprint,b,web
1562299711767,respond,q1314,sprint,c,web
1562299713561,submit,b1314,sprint,,web
1562299729414,enter,b774,sprint,,web
1562299749308,respond,q774,sprint,b,web
1562299750225,submit,b774,sprint,,web
1562299760558,enter,b1107,sprint,,web
1562299774260,respond,q1107,sprint,b,web
1562299774981,submit,b1107,sprint,,web
1562299782300,enter,b1154,sprint,,web
1562299792981,respond,q1154,sprint,a,web
1562299793918,submit,b1154,sprint,,web
1562299800768,enter,b1164,sprint,,web
1562299819072,respond,q1164,sprint,a,web
1562299819896,submit,b1164,sprint,,web
1562299825152,enter,b1376,sprint,,web
1562299844078,respond,q1376,sprint,b,web
1562299844765,submit,b1376,sprint,,web
1562299850539,enter,b1367,sprint,,web
1562299862514,respond,q1367,sprint,b,web
1562299866967,submit,b1367,sprint,,web
1562299872846,enter,b925,sprint,,web
1562299890817,respond,q925,sprint,c,web
1562299892835,respond,q925,sprint,a,web
1562299893541,submit,b925,sprint,,web
1562299902295,enter,b1051,sprint,,web
1562299919853,respond,q1051,sprint,c,web
1562299923602,submit,b1051,sprint,,web
1562299929304,enter,b645,sprint,,web
1562299947560,respond,q645,sprint,a,web
1562299948532,submit,b645,sprint,,web
1562299954966,enter,b824,sprint,,web
1562299969936,respond,q824,sprint,b,web
1562299973595,submit,b824,sprint,,web
1562299979281,enter,b494,sprint,,web
1562300002582,respond,q494,sprint,a,web
1562300004337,submit,b494,sprint,,web
1562300028679,enter,b1495,sprint,,web
1562300057734,respond,q1683,sprint,b,web
1562300063780,respond,q1684,sprint,b,web
1562300064837,respond,q1684,sprint,c,web
1562300089252,respond,q1685,sprint,c,web
1562300095240,respond,q1685,sprint,d,web
1562300097927,respond,q1685,sprint,b,web
1562300099695,submit,b1495,sprint,,web
1562300111013,enter,b1602,sprint,,web
1562300150265,respond,q2004,sprint,d,web
1562300172304,respond,q2005,sprint,d,web
1562300177979,respond,q2006,sprint,d,web
1562300178522,submit,b1602,sprint,,web
1562300244547,enter,b1750,sprint,,web
1562300272775,respond,q2448,sprint,d,web
1562300281520,respond,q2449,sprint,a,web
1562300292523,respond,q2450,sprint,c,web
1562300294061,submit,b1750,sprint,,web
1562300304607,enter,b1727,sprint,,web
1562300336781,respond,q2380,sprint,d,web
1562300371582,respond,q2381,sprint,b,web
1562300378718,respond,q2379,sprint,b,web
1562300379542,submit,b1727,sprint,,web
1562301591865,enter,b5226,sprint,,web
1562301620878,respond,q6999,sprint,d,web
1562301650420,respond,q7000,sprint,a,web
1562301719512,respond,q6997,sprint,a,web
1562301756932,respond,q6998,sprint,a,web
1562301757990,submit,b5226,sprint,,web
1562301795228,enter,b5225,sprint,,web
1562301815043,respond,q6993,sprint,d,web
1562301871653,respond,q6994,sprint,d,web
1562301902154,respond,q6995,sprint,a,web
1562301906450,respond,q6995,sprint,b,web
1562301919862,respond,q6996,sprint,a,web
1562301921829,submit,b5225,sprint,,web
1562301948113,enter,b5119,sprint,,web
1562301958042,respond,q6689,sprint,d,web
1562301970250,respond,q6690,sprint,c,web
1562302002874,respond,q6691,sprint,a,web
1562302023448,respond,q6691,sprint,b,web
1562302025566,respond,q6691,sprint,a,web
1562302084374,respond,q6692,sprint,b,web
1562302098428,respond,q6692,sprint,c,web
1562302100196,submit,b5119,sprint,,web
1562302167796,enter,b8564,sprint,,web
1562302188667,respond,q11923,sprint,b,web
1562302256838,respond,q11925,sprint,b,web
1562302298248,respond,q11926,sprint,d,web
1562302300264,respond,q11926,sprint,b,web
1562302305772,respond,q11924,sprint,b,web
1562302310523,respond,q11924,sprint,d,web
1562302311184,submit,b8564,sprint,,web
1562302438026,enter,b5202,sprint,,web
1562302469813,respond,q6901,sprint,c,web
1562302484983,respond,q6902,sprint,a,web
1562302509085,respond,q6903,sprint,d,web
1562302541591,respond,q6904,sprint,c,web
1562302542934,respond,q6904,sprint,b,web
1562302543639,respond,q6904,sprint,c,web
1562302544829,respond,q6904,sprint,b,web
1562302548810,submit,b5202,sprint,,web
1562302624842,enter,b5173,sprint,,web
1562302646927,respond,q6785,sprint,d,web
1562302676982,respond,q6786,sprint,d,web
1562302688333,respond,q6787,sprint,c,web
1562302700744,respond,q6788,sprint,c,web
1562302703917,submit,b5173,sprint,,web
1562302721639,enter,b5203,sprint,,web
1562302753662,respond,q6905,sprint,c,web
1562302787604,respond,q6906,sprint,b,web
1562302798297,respond,q6907,sprint,d,web
1562302842579,respond,q6908,sprint,c,web
1562302872874,respond,q6905,sprint,b,web
1562302875001,submit,b5203,sprint,,web
1562302882086,enter,b7915,sprint,,web
1562302895972,respond,q10614,sprint,a,web
1562302928620,respond,q10615,sprint,c,web
1562302941357,respond,q10615,sprint,b,web
1562302962126,respond,q10616,sprint,a,web
1562302977774,respond,q10617,sprint,c,web
1562302988278,submit,b7915,sprint,,web
1562304022664,enter,b1807,sprint,,web
1562304059193,respond,q2619,sprint,b,web
1562304084914,respond,q2621,sprint,c,web
1562304102949,respond,q2620,sprint,a,web
1562304103734,submit,b1807,sprint,,web
1562304149718,enter,b245,sprint,,web
1562304163483,respond,q245,sprint,b,web
1562304166515,respond,q245,sprint,c,web
1562304167240,submit,b245,sprint,,web
1562304267311,enter,b419,sprint,,web
1562304281253,respond,q419,sprint,a,web
1562304287055,submit,b419,sprint,,web
1562304292658,enter,b385,sprint,,web
1562304306788,respond,q385,sprint,b,web
1562304307990,submit,b385,sprint,,web
1562304313751,enter,b413,sprint,,web
1562304333258,respond,q413,sprint,a,web
1562304335064,respond,q413,sprint,c,web
1562304335900,submit,b413,sprint,,web
1562304346087,enter,b1280,sprint,,web
1562304363839,respond,q1280,sprint,a,web
1562304364746,submit,b1280,sprint,,web
1562304392573,enter,b1322,sprint,,web
1562304411188,respond,q1322,sprint,c,web
1562304412011,submit,b1322,sprint,,web
1562304419897,enter,b921,sprint,,web
1562304438830,respond,q921,sprint,a,web
1562304439861,submit,b921,sprint,,web
1562304447216,enter,b201,sprint,,web
1562304462329,respond,q201,sprint,b,web
1562304465350,respond,q201,sprint,c,web
1562304467179,submit,b201,sprint,,web
1562304473046,enter,b530,sprint,,web
1562304491406,respond,q530,sprint,c,web
1562304493624,respond,q530,sprint,a,web
1562304494512,submit,b530,sprint,,web
1562304530934,enter,b970,sprint,,web
1562304551362,respond,q970,sprint,c,web
1562304554143,submit,b970,sprint,,web
1562304564739,enter,b1361,sprint,,web
1562304582292,respond,q1361,sprint,a,web
1562304583825,submit,b1361,sprint,,web
1562304721433,enter,b1465,sprint,,web
1562304756652,respond,q1593,sprint,a,web
1562304768671,respond,q1594,sprint,b,web
1562304773622,respond,q1595,sprint,c,web
1562304778124,submit,b1465,sprint,,web
1562304808369,enter,b1427,sprint,,web
1562304842877,respond,q1479,sprint,c,web
1562304852470,respond,q1480,sprint,b,web
1562304866190,respond,q1481,sprint,a,web
1562304868474,submit,b1427,sprint,,web
1562304878773,enter,b1549,sprint,,web
1562304904825,respond,q1845,sprint,d,web
1562304915999,respond,q1846,sprint,b,web
1562304935901,respond,q1847,sprint,a,web
1562304938786,submit,b1549,sprint,,web
1562304950702,enter,b1758,sprint,,web
1562304976134,respond,q2472,sprint,a,web
1562304981119,respond,q2473,sprint,c,web
1562304999960,respond,q2474,sprint,b,web
1562305001126,submit,b1758,sprint,,web
1562305013202,enter,b1598,sprint,,web
1562305044629,respond,q1992,sprint,a,web
1562305058114,respond,q1993,sprint,b,web
1562305072790,respond,q1994,sprint,b,web
1562305101391,submit,b1598,sprint,,web
1562305123578,enter,b1428,sprint,,web
1562305183428,respond,q1484,sprint,b,web
1562305193989,respond,q1483,sprint,b,web
1562305205692,respond,q1482,sprint,d,web
1562305207788,submit,b1428,sprint,,web
1562305221970,enter,b1774,sprint,,web
1562305250118,respond,q2520,sprint,d,web
1562305260450,respond,q2521,sprint,d,web
1562305274841,respond,q2522,sprint,d,web
1562305280357,respond,q2520,sprint,a,web
1562305282109,submit,b1774,sprint,,web
1562558020379,enter,b5171,sprint,,web
1562558053076,respond,q6777,sprint,b,web
1562558093433,respond,q6778,sprint,d,web
1562558117497,respond,q6779,sprint,a,web
1562558148325,respond,q6780,sprint,b,web
1562558149662,submit,b5171,sprint,,web
1562558159164,enter,b5174,sprint,,web
1562558164625,respond,q6789,sprint,a,web
1562558227425,respond,q6791,sprint,c,web
1562558245405,respond,q6792,sprint,b,web
1562558295050,respond,q6790,sprint,c,web
1562558297176,submit,b5174,sprint,,web
1562558306452,enter,b5201,sprint,,web
1562558314264,respond,q6897,sprint,a,web
1562558374204,respond,q6898,sprint,b,web
1562558396998,respond,q6899,sprint,c,web
1562558443813,respond,q6900,sprint,c,web
1562558459110,submit,b5201,sprint,,web
1562558498457,enter,b7979,sprint,,web
1562558509463,respond,q10860,sprint,b,web
1562558518652,respond,q10861,sprint,d,web
1562558531224,respond,q10862,sprint,b,web
1562558549276,respond,q10863,sprint,d,web
1562558563762,submit,b7979,sprint,,web
1562558570552,enter,b5125,sprint,,web
1562558621810,respond,q6714,sprint,a,web
1562558665452,respond,q6715,sprint,c,web
1562558679975,respond,q6713,sprint,b,web
1562558696392,respond,q6716,sprint,c,web
1562558698198,submit,b5125,sprint,,web
1562558746697,enter,b5118,sprint,,web
1562558760802,respond,q6685,sprint,c,web
1562558794581,respond,q6687,sprint,b,web
1562558843083,respond,q6688,sprint,a,web
1562558859240,respond,q6686,sprint,d,web
1562558860601,submit,b5118,sprint,,web
1562558879725,enter,b5188,sprint,,web
1562558886538,respond,q6845,sprint,a,web
1562558946973,respond,q6846,sprint,c,web
1562558978709,respond,q6847,sprint,c,web
1562558990665,respond,q6848,sprint,b,web
1562558998846,submit,b5188,sprint,,web
1562559111051,enter,b8515,sprint,,web
1562559128761,respond,q11727,sprint,b,web
1562559172421,respond,q11729,sprint,c,web
1562559191187,respond,q11730,sprint,d,web
1562559225023,respond,q11728,sprint,b,web
1562559227765,submit,b8515,sprint,,web
1562559269385,enter,b5190,sprint,,web
1562559314734,respond,q6853,sprint,d,web
1562559326857,respond,q6854,sprint,a,web
1562559351751,respond,q6855,sprint,d,web
1562559374795,respond,q6856,sprint,b,web
1562559393513,submit,b5190,sprint,,web
1562559860939,enter,b5245,sprint,,web
1562559899210,respond,q7079,sprint,b,web
1562559963717,respond,q7080,sprint,a,web
1562560020417,respond,q7081,sprint,c,web
1562560086142,respond,q7082,sprint,c,web
1562560148493,respond,q7083,sprint,d,web
1562560150688,respond,q7083,sprint,b,web
1562560152457,respond,q7083,sprint,a,web
1562560170399,respond,q7083,sprint,d,web
1562560170901,submit,b5245,sprint,,web
1562560179361,enter,b5697,sprint,,web
1562560269154,respond,q8282,sprint,c,web
1562560303154,respond,q8283,sprint,c,web
1562560413388,respond,q8286,sprint,b,web
1562560464778,respond,q8285,sprint,b,web
1562560472340,respond,q8284,sprint,a,web
1562560473440,submit,b5697,sprint,,web
1562560554276,enter,b2698,sprint,,web
1562560559646,respond,q4166,sprint,b,web
1562560560873,submit,b2698,sprint,,web
1562560573799,enter,b11389,sprint,,web
1562560613034,respond,q17152,sprint,a,web
1562560613919,submit,b11389,sprint,,web
1562560624216,enter,b3789,sprint,,web
1562560646778,respond,q5257,sprint,a,web
1562560649111,submit,b3789,sprint,,web
1562560655035,enter,b4168,sprint,,web
1562560707806,respond,q5636,sprint,d,web
1562560709042,submit,b4168,sprint,,web
1562644081972,enter,b8530,sprint,,web
1562644103345,respond,q11787,sprint,d,web
1562644118403,respond,q11788,sprint,c,web
1562644140616,respond,q11789,sprint,c,web
1562644185203,respond,q11790,sprint,a,web
1562644188975,respond,q11790,sprint,b,web
1562644210838,submit,b8530,sprint,,web
1562644232595,enter,b7984,sprint,,web
1562644277857,respond,q10880,sprint,c,web
1562644288572,respond,q10881,sprint,a,web
1562644341760,respond,q10882,sprint,d,web
1562644378783,respond,q10883,sprint,b,web
1562644393807,respond,q10882,sprint,b,web
1562644420447,submit,b7984,sprint,,web
1562644504136,enter,b8517,sprint,,web
1562644522539,respond,q11735,sprint,b,web
1562644551217,respond,q11736,sprint,c,web
1562644595350,respond,q11737,sprint,a,web
1562644625736,respond,q11738,sprint,b,web
1562644648011,submit,b8517,sprint,,web
1562644663737,enter,b8553,sprint,,web
1562644687824,respond,q11879,sprint,b,web
1562644694683,respond,q11879,sprint,d,web
1562644700866,respond,q11880,sprint,a,web
1562644712047,respond,q11881,sprint,c,web
1562644749917,respond,q11882,sprint,d,web
1562644771317,submit,b8553,sprint,,web
1562644805926,enter,b8495,sprint,,web
1562644814248,respond,q11647,sprint,b,web
1562644869711,respond,q11649,sprint,a,web
1562644919310,respond,q11650,sprint,c,web
1562644930189,respond,q11648,sprint,d,web
1562644932562,submit,b8495,sprint,,web
1562644961938,enter,b7989,sprint,,web
1562644973934,respond,q10900,sprint,b,web
1562644990915,respond,q10901,sprint,b,web
1562645004496,respond,q10902,sprint,b,web
1562645016790,respond,q10903,sprint,b,web
1562645018639,submit,b7989,sprint,,web
1562645047308,enter,b7960,sprint,,web
1562645089960,respond,q10784,sprint,a,web
1562645113796,respond,q10785,sprint,d,web
1562645124722,respond,q10786,sprint,d,web
1562645125969,respond,q10786,sprint,a,web
1562645130749,respond,q10786,sprint,d,web
1562645189112,respond,q10787,sprint,c,web
1562645191729,submit,b7960,sprint,,web
1562645309491,enter,b3769,sprint,,web
1562645319433,respond,q5237,sprint,a,web
1562645321036,respond,q5237,sprint,b,web
1562645347150,respond,q5237,sprint,d,web
1562645348577,submit,b3769,sprint,,web
1562645359830,enter,b7092,sprint,,web
1562645371936,respond,q9741,sprint,c,web
1562645374677,submit,b7092,sprint,,web
1562645386922,enter,b5041,sprint,,web
1562645430585,respond,q6509,sprint,b,web
1562645431345,submit,b5041,sprint,,web
1562645438720,enter,b4296,sprint,,web
1562645481905,respond,q5764,sprint,b,web
1562645483196,submit,b4296,sprint,,web
1562645493229,enter,b4106,sprint,,web
1562645512982,respond,q5574,sprint,b,web
1562645519837,respond,q5574,sprint,a,web
1562645521142,submit,b4106,sprint,,web
1562645598442,enter,b6803,sprint,,web
1562645606209,respond,q9452,sprint,d,web
1562645608253,submit,b6803,sprint,,web
1562645614768,enter,b4216,sprint,,web
1562645628446,respond,q5684,sprint,b,web
1562645629097,respond,q5684,sprint,c,web
1562645633673,submit,b4216,sprint,,web
1562645645019,enter,b2222,sprint,,web
1562645660526,respond,q3690,sprint,b,web
1562645666628,submit,b2222,sprint,,web
1562646968152,enter,b11659,sprint,,web
1562647003411,respond,q17442,sprint,b,web
1562647029135,respond,q17442,sprint,d,web
1562647063896,respond,q17443,sprint,b,web
1562647094656,respond,q17444,sprint,b,web
1562647126060,respond,q17445,sprint,a,web
1562647128434,submit,b11659,sprint,,web
1562647139427,enter,b5455,sprint,,web
1562647144983,respond,q7806,sprint,a,web
1562647145645,respond,q7806,sprint,b,web
1562647190103,respond,q7806,sprint,c,web
1562647293402,respond,q7807,sprint,b,web
1562647328090,respond,q7807,sprint,a,web
1562647357232,respond,q7808,sprint,b,web
1562647370768,respond,q7809,sprint,a,web
1562647393430,respond,q7810,sprint,c,web
1562647394950,submit,b5455,sprint,,web
1562647455945,enter,b5334,sprint,,web
1562647587080,respond,q7384,sprint,c,web
1562647607256,respond,q7384,sprint,b,web
1562647654151,respond,q7385,sprint,c,web
1562647688585,respond,q7386,sprint,a,web
1562647708791,respond,q7388,sprint,d,web
1562647711916,respond,q7388,sprint,a,web
1562647721121,respond,q7388,sprint,d,web
1562647739769,respond,q7387,sprint,b,web
1562647741298,submit,b5334,sprint,,web
1562648193446,enter,b11658,sprint,,web
1562648255255,respond,q17438,sprint,b,web
1562648330729,respond,q17439,sprint,a,web
1562648371662,respond,q17440,sprint,a,web
1562648392563,respond,q17441,sprint,c,web
1562648401143,submit,b11658,sprint,,web
1562648412124,enter,b5335,sprint,,web
1562648522610,respond,q7389,sprint,b,web
1562648598590,respond,q7390,sprint,c,web
1562648659715,respond,q7392,sprint,b,web
1562648700818,respond,q7393,sprint,c,web
1562648785350,respond,q7390,sprint,a,web
1562648805626,respond,q7391,sprint,b,web
1562648819791,submit,b5335,sprint,,web
1562650356301,enter,b5708,sprint,,web
1562650454192,respond,q8337,sprint,c,web
1562650485152,respond,q8337,sprint,d,web
1562650565566,respond,q8338,sprint,d,web
1562650609482,respond,q8339,sprint,d,web
1562650637540,respond,q8340,sprint,d,web
1562650690217,respond,q8341,sprint,c,web
1562650718353,submit,b5708,sprint,,web
1562650778444,enter,b5230,sprint,,web
1562650815165,respond,q7010,sprint,d,web
1562650881739,respond,q7011,sprint,c,web
1562650906293,respond,q7012,sprint,a,web
1562650910638,submit,b5230,sprint,,web
1562650929377,enter,b11657,sprint,,web
1562650971373,respond,q17435,sprint,b,web
1562651072815,respond,q17436,sprint,a,web
1562651116024,respond,q17437,sprint,b,web
1562651121349,submit,b11657,sprint,,web
1562651139200,enter,b5227,sprint,,web
1562651226390,respond,q7001,sprint,a,web
1562651271494,respond,q7002,sprint,b,web
1562651294883,respond,q7003,sprint,b,web
1562651295848,submit,b5227,sprint,,web
1562651314529,enter,b5365,sprint,,web
1562651349928,respond,q7500,sprint,b,web
1562651414762,respond,q7502,sprint,d,web
1562651445285,respond,q7504,sprint,b,web
1562651494835,respond,q7503,sprint,c,web
1562651523011,respond,q7501,sprint,c,web
1562651524075,submit,b5365,sprint,,web
1562651534265,enter,b5294,sprint,,web
1562651549831,respond,q7231,sprint,c,web
1562651596767,respond,q7232,sprint,d,web
1562651612915,respond,q7233,sprint,a,web
1562651613789,submit,b5294,sprint,,web
1562651618904,enter,b11654,sprint,,web
1562651675910,respond,q17428,sprint,a,web
1562651698156,respond,q17429,sprint,c,web
1562651702320,submit,b11654,sprint,,web
1562651709681,enter,b5695,sprint,,web
1562651790060,respond,q8272,sprint,d,web
1562651835189,respond,q8273,sprint,c,web
1562651849631,respond,q8274,sprint,c,web
1562651890974,respond,q8275,sprint,a,web
1562651929746,respond,q8276,sprint,d,web
1562651930313,submit,b5695,sprint,,web
1562651938671,enter,b5300,sprint,,web
1562651993119,respond,q7252,sprint,b,web
1562652077521,respond,q7253,sprint,c,web
1562652161811,respond,q7255,sprint,b,web
1562652216991,respond,q7256,sprint,c,web
1562652223377,respond,q7254,sprint,a,web
1562652262794,respond,q7254,sprint,b,web
1562652264807,submit,b5300,sprint,,web
1563097717317,enter,b1471,sprint,,web
1563097745526,submit,b1471,sprint,,web
1563097764074,enter,b2715,sprint,,web
1563097781312,respond,q4183,sprint,a,web
1563097781997,submit,b2715,sprint,,web
1563097818983,enter,b11578,sprint,,web
1563097838633,respond,q17341,sprint,a,web
1563097841408,submit,b11578,sprint,,web
1563097846613,enter,b3415,sprint,,web
1563097892534,respond,q4883,sprint,c,web
1563097897643,submit,b3415,sprint,,web
1563097921485,enter,b6929,sprint,,web
1563097969535,respond,q9578,sprint,b,web
1563097970401,submit,b6929,sprint,,web
1563175161894,enter,b8523,sprint,,web
1563175185263,respond,q11759,sprint,d,web
1563175199810,respond,q11760,sprint,d,web
1563175226830,respond,q11762,sprint,b,web
1563175255999,respond,q11761,sprint,c,web
1563175301750,respond,q11761,sprint,b,web
1563175302744,submit,b8523,sprint,,web
1563175310044,enter,b7996,sprint,,web
1563175332141,respond,q10928,sprint,d,web
1563175359874,respond,q10929,sprint,d,web
1563175378080,respond,q10930,sprint,b,web
1563175406234,respond,q10931,sprint,d,web
1563175406891,submit,b7996,sprint,,web
1563175437157,enter,b8480,sprint,,web
1563175458700,respond,q11587,sprint,c,web
1563175473191,respond,q11588,sprint,b,web
1563175504032,respond,q11589,sprint,d,web
1563175509348,respond,q11590,sprint,c,web
1563175524863,submit,b8480,sprint,,web
1563175586746,enter,b7914,sprint,,web
1563175604781,respond,q10610,sprint,c,web
1563175617219,respond,q10611,sprint,c,web
1563175627445,respond,q10611,sprint,d,web
1563175688460,respond,q10612,sprint,c,web
1563175715669,respond,q10613,sprint,b,web
1563175721140,submit,b7914,sprint,,web
1563175808790,enter,b7951,sprint,,web
1563175813185,respond,q10748,sprint,b,web
1563175835202,respond,q10749,sprint,c,web
1563175912712,respond,q10751,sprint,d,web
1563175938477,respond,q10750,sprint,a,web
1563175945846,submit,b7951,sprint,,web
1563175962460,enter,b7970,sprint,,web
1563175986890,respond,q10824,sprint,b,web
1563175998558,respond,q10825,sprint,b,web
1563176006268,respond,q10826,sprint,c,web
1563176071246,respond,q10827,sprint,c,web
1563176072008,submit,b7970,sprint,,web
1563176099057,enter,b8551,sprint,,web
1563176107190,respond,q11871,sprint,c,web
1563176118935,respond,q11872,sprint,c,web
1563176147825,respond,q11873,sprint,a,web
1563176189211,respond,q11874,sprint,b,web
1563176212740,respond,q11873,sprint,b,web
1563176235696,submit,b8551,sprint,,web
1563176261546,enter,b5103,sprint,,web
1563176298549,respond,q6626,sprint,a,web
1563176316886,respond,q6627,sprint,b,web
1563176335829,respond,q6628,sprint,b,web
1563176347412,respond,q6625,sprint,d,web
1563176349248,submit,b5103,sprint,,web
1563176373015,enter,b8468,sprint,,web
1563176405380,respond,q11539,sprint,b,web
1563176439599,respond,q11541,sprint,d,web
1563176501870,respond,q11542,sprint,c,web
1563176508907,respond,q11540,sprint,a,web
1563176511323,respond,q11540,sprint,d,web
1563176512476,submit,b8468,sprint,,web
1563176649444,enter,b2676,sprint,,web
1563176668163,respond,q4144,sprint,c,web
1563176670381,submit,b2676,sprint,,web
1563176681612,enter,b6737,sprint,,web
1563176688873,respond,q9386,sprint,b,web
1563176690248,submit,b6737,sprint,,web
1563176695952,enter,b2610,sprint,,web
1563176727804,respond,q4078,sprint,c,web
1563176730870,submit,b2610,sprint,,web
1563176740060,enter,b4757,sprint,,web
1563176766347,respond,q6225,sprint,c,web
1563176767966,submit,b4757,sprint,,web
1563176775308,enter,b2762,sprint,,web
1563176797720,respond,q4230,sprint,c,web
1563176799781,submit,b2762,sprint,,web
1563176809630,enter,b5999,sprint,,web
1563176825700,respond,q8648,sprint,a,web
1563176829963,respond,q8648,sprint,d,web
1563176832465,submit,b5999,sprint,,web
1563179315959,enter,b3216,sprint,,web
1563179325832,respond,q4684,sprint,a,web
1563179326635,submit,b3216,sprint,,web
1563337969053,enter,b808,sprint,,web
1563337983242,respond,q808,sprint,a,web
1563337987843,submit,b808,sprint,,web
1563337995947,enter,b1115,sprint,,web
1563338013401,respond,q1115,sprint,c,web
1563338014301,submit,b1115,sprint,,web
1563338020377,enter,b1372,sprint,,web
1563338039243,respond,q1372,sprint,b,web
1563338040942,submit,b1372,sprint,,web
1563338048156,enter,b1104,sprint,,web
1563338059928,respond,q1104,sprint,a,web
1563338060992,respond,q1104,sprint,b,web
1563338063581,respond,q1104,sprint,c,web
1563338068157,respond,q1104,sprint,a,web
1563338069041,submit,b1104,sprint,,web
1563338074079,enter,b694,sprint,,web
1563338091562,respond,q694,sprint,c,web
1563338095591,respond,q694,sprint,b,web
1563338098056,submit,b694,sprint,,web
1563338120372,enter,b1471,sprint,,web
1563338139589,respond,q1611,sprint,c,web
1563338168377,respond,q1613,sprint,a,web
1563338173296,respond,q1612,sprint,c,web
1563338174194,submit,b1471,sprint,,web
1563339661680,enter,b5464,sprint,,web
1563339686442,respond,q7836,sprint,b,web
1563339802196,respond,q7838,sprint,c,web
1563339822495,respond,q7838,sprint,a,web
1563339851161,respond,q7839,sprint,d,web
1563339854754,respond,q7839,sprint,a,web
1563339861435,respond,q7839,sprint,c,web
1563339901793,respond,q7840,sprint,b,web
1563339922344,respond,q7837,sprint,b,web
1563339923570,submit,b5464,sprint,,web
1563339992357,enter,b11684,sprint,,web
1563340016222,respond,q17524,sprint,a,web
1563340055871,respond,q17525,sprint,d,web
1563340127016,respond,q17526,sprint,b,web
1563340128142,submit,b11684,sprint,,web
1563340138597,enter,b5246,sprint,,web
1563340218742,respond,q7087,sprint,c,web
1563340238950,respond,q7084,sprint,b,web
1563340280824,respond,q7085,sprint,c,web
1563340318397,respond,q7086,sprint,b,web
1563340319202,submit,b5246,sprint,,web
1563340329728,enter,b5516,sprint,,web
1563340342828,respond,q8038,sprint,a,web
1563340346012,respond,q8038,sprint,d,web
1563340377847,respond,q8039,sprint,c,web
1563340477895,respond,q8040,sprint,a,web
1563340478601,submit,b5516,sprint,,web
1563340515824,enter,b5462,sprint,,web
1563340565829,respond,q7826,sprint,d,web
1563340616352,respond,q7827,sprint,d,web
1563340720400,respond,q7829,sprint,a,web
1563340728062,respond,q7829,sprint,c,web
1563340754958,respond,q7828,sprint,b,web
1563340846117,respond,q7830,sprint,b,web
1563340846977,submit,b5462,sprint,,web
1563340916559,enter,b11682,sprint,,web
1563340944177,respond,q17517,sprint,d,web
1563340964520,respond,q17517,sprint,b,web
1563340980810,respond,q17518,sprint,a,web
1563341012516,respond,q17519,sprint,a,web
1563341049690,respond,q17520,sprint,a,web
1563341055207,submit,b11682,sprint,,web
1563341165641,enter,b7975,sprint,,web
1563341186823,respond,q10844,sprint,b,web
1563341216617,respond,q10845,sprint,b,web
1563341218331,respond,q10845,sprint,c,web
1563341222397,respond,q10845,sprint,b,web
1563341248379,respond,q10846,sprint,b,web
1563341255618,respond,q10847,sprint,b,web
1563341282801,respond,q10845,sprint,d,web
1563341291715,submit,b7975,sprint,,web
1563341849031,enter,b7689,sprint,,web
1563341899646,respond,q10346,sprint,b,web
1563341929350,respond,q10347,sprint,a,web
1563341952115,respond,q10344,sprint,a,web
1563341996036,respond,q10345,sprint,c,web
1563342000478,submit,b7689,sprint,,web
1563342010129,enter,b8536,sprint,,web
1563342023709,respond,q11811,sprint,c,web
1563342060915,respond,q11812,sprint,a,web
1563342074437,respond,q11813,sprint,c,web
1563342105254,respond,q11814,sprint,d,web
1563342121438,respond,q11811,sprint,a,web
1563342162466,respond,q11813,sprint,b,web
1563342165467,respond,q11813,sprint,a,web
1563342166072,respond,q11813,sprint,c,web
1563342166685,submit,b8536,sprint,,web
1563342203095,enter,b11674,sprint,,web
1563342220360,respond,q17494,sprint,d,web
1563342233878,respond,q17495,sprint,a,web
1563342247556,respond,q17496,sprint,c,web
1563342268313,respond,q17497,sprint,a,web
1563342270812,submit,b11674,sprint,,web
1563342280305,enter,b7946,sprint,,web
1563342350659,respond,q10730,sprint,a,web
1563342361111,respond,q10731,sprint,a,web
1563342376827,respond,q10729,sprint,d,web
1563342426526,respond,q10728,sprint,b,web
1563342427378,submit,b7946,sprint,,web
1563342451581,enter,b8558,sprint,,web
1563342478993,respond,q11899,sprint,b,web
1563342497255,respond,q11900,sprint,d,web
1563342509016,respond,q11901,sprint,b,web
1563342519610,respond,q11902,sprint,c,web
1563342520348,submit,b8558,sprint,,web
1563342698662,enter,b5423,sprint,,web
1563342710471,respond,q7703,sprint,d,web
1563342759735,respond,q7704,sprint,c,web
1563342866741,respond,q7705,sprint,c,web
1563342868077,submit,b5423,sprint,,web
1563342881409,enter,b5375,sprint,,web
1563342944575,respond,q7551,sprint,c,web
1563342968651,respond,q7551,sprint,d,web
1563343008102,respond,q7550,sprint,b,web
1563343102783,respond,q7553,sprint,b,web
1563343142157,respond,q7554,sprint,c,web
1563343210091,respond,q7554,sprint,d,web
1563343249006,respond,q7552,sprint,c,web
1563343249927,submit,b5375,sprint,,web
1563963776784,enter,b4193,sprint,,web
1563963812972,respond,q5661,sprint,c,web
1563963816735,submit,b4193,sprint,,web
1563963822786,enter,b4217,sprint,,web
1563963841532,respond,q5685,sprint,c,web
1563963844598,respond,q5685,sprint,b,web
1563963850253,submit,b4217,sprint,,web
1564373993560,enter,b759,sprint,,web
1564374013522,respond,q759,sprint,a,web
1564374014700,submit,b759,sprint,,web
1564374026605,enter,b11755,sprint,,web
1564374044250,respond,q17638,sprint,c,web
1564374044933,submit,b11755,sprint,,web
1564374051198,enter,b271,sprint,,web
1564374073872,respond,q271,sprint,a,web
1564374075614,respond,q271,sprint,c,web
1564374076310,submit,b271,sprint,,web
1564374085400,enter,b1044,sprint,,web
1564374100814,respond,q1044,sprint,c,web
1564374102258,submit,b1044,sprint,,web
1564374115150,enter,b927,sprint,,web
1564374132593,respond,q927,sprint,b,web
1564374133382,submit,b927,sprint,,web
1564374142264,enter,b11765,sprint,,web
1564374163257,respond,q17648,sprint,a,web
1564374164253,submit,b11765,sprint,,web
1564374170394,enter,b606,sprint,,web
1564374189058,respond,q606,sprint,c,web
1564374190484,submit,b606,sprint,,web
1564374200306,enter,b499,sprint,,web
1564374217822,respond,q499,sprint,b,web
1564374218754,submit,b499,sprint,,web
1564374228208,enter,b238,sprint,,web
1564374240534,respond,q238,sprint,a,web
1564374242201,submit,b238,sprint,,web
1564374247236,enter,b11764,sprint,,web
1564374258900,respond,q17647,sprint,b,web
1564374265473,respond,q17647,sprint,c,web
1564374266706,submit,b11764,sprint,,web
1564374273270,enter,b442,sprint,,web
1564374290637,respond,q442,sprint,c,web
1564374291666,submit,b442,sprint,,web
1564374297046,enter,b1239,sprint,,web
1564374313821,respond,q1239,sprint,c,web
1564374319050,respond,q1239,sprint,b,web
1564374319494,respond,q1239,sprint,a,web
1564374320250,submit,b1239,sprint,,web
1564374333742,enter,b1192,sprint,,web
1564374354508,respond,q1192,sprint,c,web
1564374356605,submit,b1192,sprint,,web
1564374363100,enter,b11702,sprint,,web
1564374382682,respond,q17547,sprint,c,web
1564374384961,respond,q17547,sprint,b,web
1564374385694,submit,b11702,sprint,,web
1564374391742,enter,b881,sprint,,web
1564374408320,respond,q881,sprint,b,web
1564374412026,submit,b881,sprint,,web
1564374417796,enter,b932,sprint,,web
1564374438550,respond,q932,sprint,b,web
1564374439462,submit,b932,sprint,,web
1564374446194,enter,b502,sprint,,web
1564374466930,respond,q502,sprint,b,web
1564374467878,submit,b502,sprint,,web
1564374473790,enter,b11758,sprint,,web
1564374492601,respond,q17641,sprint,b,web
1564374494418,submit,b11758,sprint,,web
1564374499718,enter,b497,sprint,,web
1564374515032,respond,q497,sprint,b,web
1564374516392,submit,b497,sprint,,web
1564374522262,enter,b1388,sprint,,web
1564374536644,respond,q1388,sprint,b,web
1564374537774,submit,b1388,sprint,,web
1564374546478,enter,b762,sprint,,web
1564374566573,respond,q762,sprint,b,web
1564374570741,submit,b762,sprint,,web
1564374585213,enter,b11756,sprint,,web
1564374607418,respond,q17639,sprint,c,web
1564374608278,submit,b11756,sprint,,web
1564374616222,enter,b1186,sprint,,web
1564374626338,respond,q1186,sprint,a,web
1564374633701,submit,b1186,sprint,,web
1564374659586,enter,b448,sprint,,web
1564374674801,respond,q448,sprint,a,web
1564374678944,submit,b448,sprint,,web
1564374706164,enter,b289,sprint,,web
1564374722822,respond,q289,sprint,b,web
1564374723725,submit,b289,sprint,,web
1564374731136,enter,b11696,sprint,,web
1564374748266,respond,q17541,sprint,c,web
1564374749600,submit,b11696,sprint,,web
1564374755986,enter,b1151,sprint,,web
1564374771642,respond,q1151,sprint,a,web
1564374772736,submit,b1151,sprint,,web
1564374778174,enter,b639,sprint,,web
1564374795321,respond,q639,sprint,b,web
1564374799177,submit,b639,sprint,,web
1564374807714,enter,b613,sprint,,web
1564374826180,respond,q613,sprint,b,web
1564374827101,submit,b613,sprint,,web
1564374832806,enter,b11761,sprint,,web
1564374857402,respond,q17644,sprint,a,web
1564374858102,submit,b11761,sprint,,web
1564375565755,enter,b1050,sprint,,web
1564375583923,respond,q1050,sprint,a,web
1564375584772,submit,b1050,sprint,,web
1564375593678,enter,b310,sprint,,web
1564375614663,respond,q310,sprint,a,web
1564375615949,submit,b310,sprint,,web
1564375624674,enter,b259,sprint,,web
1564375645257,respond,q259,sprint,c,web
1564375646718,respond,q259,sprint,b,web
1564375647682,submit,b259,sprint,,web
1564375658052,enter,b11767,sprint,,web
1564375660746,respond,q17650,sprint,c,web
1564375672956,respond,q17650,sprint,b,web
1564375673725,submit,b11767,sprint,,web
1564375679192,enter,b791,sprint,,web
1564375697525,respond,q791,sprint,c,web
1564375698489,submit,b791,sprint,,web
1564375704194,enter,b712,sprint,,web
1564375723021,respond,q712,sprint,c,web
1564375724459,submit,b712,sprint,,web
1564375729348,enter,b1257,sprint,,web
1564375742392,respond,q1257,sprint,a,web
1564375746077,submit,b1257,sprint,,web
1564375751450,enter,b11753,sprint,,web
1564375767003,respond,q17636,sprint,b,web
1564375767722,submit,b11753,sprint,,web
1564375774690,enter,b1308,sprint,,web
1564375795534,respond,q1308,sprint,a,web
1564375796384,submit,b1308,sprint,,web
1564375802632,enter,b506,sprint,,web
1564375820807,respond,q506,sprint,b,web
1564375821732,submit,b506,sprint,,web
1564375827757,enter,b466,sprint,,web
1564375839399,respond,q466,sprint,a,web
1564375843513,submit,b466,sprint,,web
1564375850204,enter,b11763,sprint,,web
1564375864145,respond,q17646,sprint,a,web
1564375869255,submit,b11763,sprint,,web
1564375876385,enter,b1175,sprint,,web
1564375897008,respond,q1175,sprint,a,web
1564375897808,submit,b1175,sprint,,web
1564375904667,enter,b426,sprint,,web
1564375918709,respond,q426,sprint,a,web
1564375926172,submit,b426,sprint,,web
1564375935786,enter,b620,sprint,,web
1564375950922,respond,q620,sprint,a,web
1564375952707,submit,b620,sprint,,web
1564375960623,enter,b11704,sprint,,web
1564375981799,respond,q17549,sprint,a,web
1564375982742,submit,b11704,sprint,,web
1564375991684,enter,b1193,sprint,,web
1564376011112,respond,q1193,sprint,c,web
1564376013427,submit,b1193,sprint,,web
1564376018222,enter,b655,sprint,,web
1564376035253,respond,q655,sprint,a,web
1564376036121,submit,b655,sprint,,web
1564376041078,enter,b1113,sprint,,web
1564376062083,respond,q1113,sprint,a,web
1564376063165,submit,b1113,sprint,,web
1564376071439,enter,b11773,sprint,,web
1564376090615,respond,q17656,sprint,b,web
1564376091499,submit,b11773,sprint,,web
1564376135063,enter,b1432,sprint,,web
1564376162459,respond,q1494,sprint,a,web
1564376172478,respond,q1495,sprint,d,web
1564376179116,respond,q1496,sprint,d,web
1564376187473,submit,b1432,sprint,,web
1564376198809,enter,b11789,sprint,,web
1564376225694,respond,q17698,sprint,c,web
1564376254735,respond,q17699,sprint,b,web
1564376263573,respond,q17700,sprint,d,web
1564376269034,respond,q17699,sprint,a,web
1564376271797,respond,q17699,sprint,c,web
1564376277625,submit,b11789,sprint,,web
1564376289922,enter,b1698,sprint,,web
1564376342693,respond,q2293,sprint,a,web
1564376345206,respond,q2292,sprint,d,web
1564376366977,respond,q2294,sprint,a,web
1564376368098,submit,b1698,sprint,,web
1564376412691,enter,b1666,sprint,,web
1564376434519,respond,q2196,sprint,b,web
1564376463586,respond,q2197,sprint,c,web
1564376472362,respond,q2198,sprint,a,web
1564376473271,submit,b1666,sprint,,web
1564376491908,enter,b1687,sprint,,web
1564376528962,respond,q2260,sprint,d,web
1564376540951,respond,q2261,sprint,a,web
1564376556230,respond,q2259,sprint,d,web
1564376562823,respond,q2259,sprint,a,web
1564376564474,respond,q2259,sprint,b,web
1564376566179,submit,b1687,sprint,,web
1564376577760,enter,b11746,sprint,,web
1564376601362,respond,q17619,sprint,b,web
1564376610601,respond,q17620,sprint,c,web
1564376631324,respond,q17621,sprint,d,web
1564376632943,submit,b11746,sprint,,web
1564376644229,enter,b1515,sprint,,web
1564376673960,respond,q1743,sprint,a,web
1564376702968,respond,q1745,sprint,d,web
1564376709983,respond,q1744,sprint,a,web
1564376710847,submit,b1515,sprint,,web
1564376723525,enter,b1674,sprint,,web
1564376768871,respond,q2222,sprint,c,web
1564376775759,respond,q2221,sprint,a,web
1564376783176,respond,q2220,sprint,c,web
1564376784108,submit,b1674,sprint,,web
1564470494847,enter,b2005,sprint,,web
1564470567661,respond,q3214,sprint,c,web
1564470575529,respond,q3214,sprint,d,web
1564470584478,respond,q3213,sprint,a,web
1564470585488,respond,q3213,sprint,b,web
1564470591516,respond,q3215,sprint,b,web
1564470593631,submit,b2005,sprint,,web
1564470611721,enter,b2063,sprint,,web
1564470676854,submit,b2063,sprint,,web
1564470699083,enter,b2063,sprint,,web
1564470751183,respond,q3389,sprint,d,web
1564470755439,respond,q3388,sprint,a,web
1564470762187,respond,q3388,sprint,c,web
1564470767209,respond,q3387,sprint,c,web
1564470768439,submit,b2063,sprint,,web
1564470811390,enter,b11668,sprint,,web
1564470855905,respond,q17474,sprint,c,web
1564470886338,respond,q17475,sprint,b,web
1564470902424,respond,q17476,sprint,b,web
1564470904681,respond,q17476,sprint,d,web
1564470906792,respond,q17476,sprint,b,web
1564470907527,submit,b11668,sprint,,web
1564470937116,enter,b1931,sprint,,web
1564470991907,respond,q2991,sprint,b,web
1564470998196,respond,q2992,sprint,b,web
1564471005803,respond,q2993,sprint,a,web
1564471006517,submit,b1931,sprint,,web
1564471130347,enter,b1616,sprint,,web
1564471155145,respond,q2046,sprint,a,web
1564471175319,respond,q2047,sprint,c,web
1564471179504,respond,q2047,sprint,a,web
1564471185473,respond,q2048,sprint,a,web
1564471186536,submit,b1616,sprint,,web
1564471202360,enter,b11798,sprint,,web
1564471224553,respond,q17725,sprint,b,web
1564471261708,respond,q17727,sprint,d,web
1564471267008,respond,q17726,sprint,d,web
1564471274464,submit,b11798,sprint,,web
1564471329861,enter,b1732,sprint,,web
1564471357755,respond,q2394,sprint,d,web
1564471387045,respond,q2396,sprint,d,web
1564471391552,respond,q2395,sprint,b,web
1564471392672,submit,b1732,sprint,,web
1564471458508,enter,b1601,sprint,,web
1564471505588,respond,q2002,sprint,c,web
1564471520766,respond,q2003,sprint,c,web
1564471526344,respond,q2001,sprint,b,web
1564471527809,submit,b1601,sprint,,web
1564471551515,enter,b1412,sprint,,web
1564471575430,respond,q1434,sprint,a,web
1564471580482,respond,q1435,sprint,c,web
1564471587824,respond,q1436,sprint,d,web
1564471590567,submit,b1412,sprint,,web
1564471601891,enter,b11786,sprint,,web
1564471627939,respond,q17689,sprint,b,web
1564471646889,respond,q17691,sprint,c,web
1564471654037,respond,q17690,sprint,d,web
1564471654808,submit,b11786,sprint,,web
1564471811566,enter,b1489,sprint,,web
1564471832495,respond,q1665,sprint,a,web
1564471840522,respond,q1666,sprint,a,web
1564471865365,respond,q1667,sprint,b,web
1564471866179,submit,b1489,sprint,,web
1564471881683,enter,b1512,sprint,,web
1564471933853,respond,q1736,sprint,d,web
1564471940520,respond,q1734,sprint,d,web
1564471955804,respond,q1735,sprint,d,web
1564471956564,submit,b1512,sprint,,web
1564472478333,enter,b1656,sprint,,web
1564472506577,respond,q2166,sprint,d,web
1564472525944,submit,b1656,sprint,,web
1564472540184,enter,b1014,sprint,,web
1564472559338,respond,q1014,sprint,b,web
1564472559982,submit,b1014,sprint,,web
1564472567661,enter,b507,sprint,,web
1564472583017,respond,q507,sprint,c,web
1564472584368,submit,b507,sprint,,web
1564472590363,enter,b968,sprint,,web
1564472611431,respond,q968,sprint,a,web
1564472612245,submit,b968,sprint,,web
1564472618150,enter,b11775,sprint,,web
1564472637829,respond,q17658,sprint,b,web
1564472638605,submit,b11775,sprint,,web
1564472643235,enter,b1003,sprint,,web
1564472655772,respond,q1003,sprint,b,web
1564472659767,respond,q1003,sprint,c,web
1564472661011,respond,q1003,sprint,b,web
1564472662743,respond,q1003,sprint,c,web
1564472663534,submit,b1003,sprint,,web
1564472669212,enter,b1124,sprint,,web
1564472687810,respond,q1124,sprint,c,web
1564472689388,submit,b1124,sprint,,web
1564472695233,enter,b417,sprint,,web
1564472708760,respond,q417,sprint,a,web
1564472712874,submit,b417,sprint,,web
1564472720720,enter,b11770,sprint,,web
1564472739484,respond,q17653,sprint,a,web
1564472740261,submit,b11770,sprint,,web
1564472745951,enter,b1224,sprint,,web
1564472765922,respond,q1224,sprint,c,web
1564472766574,submit,b1224,sprint,,web
1564472771990,enter,b424,sprint,,web
1564472782811,respond,q424,sprint,a,web
1564472789737,submit,b424,sprint,,web
1564472795405,enter,b423,sprint,,web
1564472813407,respond,q423,sprint,a,web
1564472814243,submit,b423,sprint,,web
1564472819562,enter,b11771,sprint,,web
1564472839441,respond,q17654,sprint,a,web
1564472840564,submit,b11771,sprint,,web
1564472847116,enter,b696,sprint,,web
1564472850477,respond,q696,sprint,c,web
1564472868715,respond,q696,sprint,a,web
1564472870076,submit,b696,sprint,,web
1564472899236,enter,b565,sprint,,web
1564472920059,respond,q565,sprint,b,web
1564472921786,submit,b565,sprint,,web
1564472928248,enter,b1384,sprint,,web
1564472947059,respond,q1384,sprint,b,web
1564472948386,submit,b1384,sprint,,web
1564472956934,enter,b11760,sprint,,web
1564472968395,respond,q17643,sprint,a,web
1564472969477,submit,b11760,sprint,,web
1564472974230,enter,b578,sprint,,web
1564472993904,respond,q578,sprint,a,web
1564472995401,submit,b578,sprint,,web
1564473000432,enter,b398,sprint,,web
1564473003267,respond,q398,sprint,b,web
1564473015142,respond,q398,sprint,c,web
1564473016469,submit,b398,sprint,,web
1564473022463,enter,b600,sprint,,web
1564473039214,respond,q600,sprint,a,web
1564473041791,submit,b600,sprint,,web
1564473209702,enter,b11768,sprint,,web
1564473227963,respond,q17651,sprint,c,web
1564473228694,submit,b11768,sprint,,web
1564473235641,enter,b596,sprint,,web
1564473255183,respond,q596,sprint,c,web
1564473255824,submit,b596,sprint,,web
1564473262786,enter,b1170,sprint,,web
1564473273583,respond,q1170,sprint,a,web
1564473281064,submit,b1170,sprint,,web
1564473286748,enter,b577,sprint,,web
1564473305355,respond,q577,sprint,a,web
1564473306327,submit,b577,sprint,,web
1564473313084,enter,b11697,sprint,,web
1564473326169,respond,q17542,sprint,a,web
1564473328654,submit,b11697,sprint,,web
1564473334275,enter,b1108,sprint,,web
1564473344530,respond,q1108,sprint,a,web
1564473345743,submit,b1108,sprint,,web
1564473351150,enter,b1101,sprint,,web
1564473373139,respond,q1101,sprint,b,web
1564473373952,submit,b1101,sprint,,web
1564473431833,enter,b820,sprint,,web
1564473443705,respond,q820,sprint,a,web
1564473444898,submit,b820,sprint,,web
1564473449705,enter,b11751,sprint,,web
1564473462590,respond,q17634,sprint,b,web
1564473463354,submit,b11751,sprint,,web
1564473469004,enter,b692,sprint,,web
1564473483867,respond,q692,sprint,c,web
1564473489399,submit,b692,sprint,,web
1564473494950,enter,b1289,sprint,,web
1564473509385,respond,q1289,sprint,a,web
1564473511785,submit,b1289,sprint,,web
1564739132557,enter,b7947,sprint,,web
1564739151694,respond,q10732,sprint,a,web
1564739174426,respond,q10733,sprint,d,web
1564739194734,respond,q10734,sprint,a,web
1564739207913,respond,q10735,sprint,b,web
1564739209213,submit,b7947,sprint,,web
1564739235628,enter,b7986,sprint,,web
1564739254169,respond,q10888,sprint,d,web
1564739263886,respond,q10889,sprint,b,web
1564739276218,respond,q10890,sprint,d,web
1564739317145,respond,q10891,sprint,c,web
1564739318757,submit,b7986,sprint,,web
1564739335020,enter,b8511,sprint,,web
1564739366904,respond,q11712,sprint,d,web
1564739380910,respond,q11713,sprint,d,web
1564739440000,respond,q11711,sprint,a,web
1564739493433,respond,q11714,sprint,b,web
1564739498790,submit,b8511,sprint,,web
1564739509378,enter,b7693,sprint,,web
1564739547101,respond,q10360,sprint,d,web
1564739583016,respond,q10361,sprint,b,web
1564739584269,respond,q10361,sprint,c,web
1564739585208,respond,q10361,sprint,b,web
1564739585645,respond,q10361,sprint,c,web
1564739587893,respond,q10361,sprint,d,web
1564739651905,respond,q10363,sprint,b,web
1564739663226,respond,q10362,sprint,c,web
1564739663893,respond,q10362,sprint,d,web
1564739728129,submit,b7693,sprint,,web
1564739827120,enter,b7966,sprint,,web
1564739842000,respond,q10808,sprint,b,web
1564739853358,respond,q10809,sprint,c,web
1564739889154,respond,q10810,sprint,d,web
1564739900273,respond,q10810,sprint,b,web
1564739915290,respond,q10811,sprint,d,web
1564739920829,submit,b7966,sprint,,web
1564739937644,enter,b8505,sprint,,web
1564739962153,respond,q11688,sprint,b,web
1564739986337,respond,q11687,sprint,c,web
1564739998130,respond,q11689,sprint,c,web
1564740019381,respond,q11690,sprint,d,web
1564740022757,submit,b8505,sprint,,web
1564740036429,enter,b8548,sprint,,web
1564740044545,respond,q11859,sprint,b,web
1564740063966,respond,q11860,sprint,c,web
1564740085373,respond,q11861,sprint,b,web
1564740130646,respond,q11862,sprint,a,web
1564740131670,submit,b8548,sprint,,web
1564740140058,enter,b8499,sprint,,web
1564740153694,respond,q11663,sprint,b,web
1564740161485,respond,q11664,sprint,a,web
1564740205537,respond,q11665,sprint,b,web
1564740221342,respond,q11666,sprint,d,web
1564740222344,submit,b8499,sprint,,web
1564740980817,enter,b8477,sprint,,web
1564741004901,respond,q11575,sprint,a,web
1564741028196,respond,q11576,sprint,a,web
1564741052097,respond,q11577,sprint,a,web
1564741072968,respond,q11578,sprint,a,web
1564741078466,submit,b8477,sprint,,web
1564741107137,enter,b7940,sprint,,web
1564741131149,respond,q10704,sprint,a,web
1564741131921,respond,q10704,sprint,b,web
1564741134361,respond,q10704,sprint,c,web
1564741148917,respond,q10705,sprint,d,web
1564741164772,respond,q10706,sprint,c,web
1564741172577,respond,q10706,sprint,a,web
1564741219245,respond,q10707,sprint,a,web
1564741220174,submit,b7940,sprint,,web
1564741273329,enter,b8550,sprint,,web
1564741324000,respond,q11868,sprint,c,web
1564741337432,respond,q11869,sprint,d,web
1564741344958,respond,q11870,sprint,a,web
1564741365485,respond,q11867,sprint,c,web
1564741366920,submit,b8550,sprint,,web
1564741394753,enter,b5091,sprint,,web
1564741437560,respond,q6577,sprint,c,web
1564741440797,respond,q6577,sprint,d,web
1564741445956,respond,q6577,sprint,c,web
1564741455168,respond,q6577,sprint,a,web
1564741484253,respond,q6578,sprint,a,web
1564741546989,respond,q6579,sprint,a,web
1564741549900,respond,q6579,sprint,b,web
1564741550357,respond,q6579,sprint,c,web
1564741550830,respond,q6579,sprint,d,web
1564741586505,respond,q6580,sprint,a,web
1564741587997,submit,b5091,sprint,,web
1564741670021,enter,b8544,sprint,,web
1564741683381,respond,q11843,sprint,b,web
1564741694309,respond,q11844,sprint,d,web
1564741730552,respond,q11846,sprint,a,web
1564741783329,respond,q11845,sprint,c,web
1564741809409,respond,q11845,sprint,d,web
1564741810217,submit,b8544,sprint,,web
1564741825165,enter,b7941,sprint,,web
1564741874577,respond,q10708,sprint,d,web
1564741905393,respond,q10708,sprint,c,web
1564741936438,respond,q10709,sprint,a,web
1564741961869,respond,q10710,sprint,b,web
1564741974485,respond,q10711,sprint,b,web
1564741975365,submit,b7941,sprint,,web
1564742001217,enter,b8494,sprint,,web
1564742020421,respond,q11643,sprint,c,web
1564742047053,respond,q11644,sprint,a,web
1564742067473,respond,q11645,sprint,b,web
1564742083248,respond,q11646,sprint,b,web
1564742090421,submit,b8494,sprint,,web
1564742096093,enter,b7978,sprint,,web
1564742104294,respond,q10856,sprint,c,web
1564742122165,respond,q10856,sprint,a,web
1564742152516,respond,q10857,sprint,c,web
1564742170418,respond,q10858,sprint,d,web
1564742181789,respond,q10859,sprint,b,web
1564742189078,respond,q10856,sprint,d,web
1564742211465,respond,q10856,sprint,a,web
1564742218266,submit,b7978,sprint,,web
1564742320584,enter,b5215,sprint,,web
1564742349521,respond,q6953,sprint,a,web
1564742358313,respond,q6954,sprint,c,web
1564742385093,respond,q6955,sprint,d,web
1564742393832,respond,q6955,sprint,b,web
1564742428452,respond,q6956,sprint,b,web
1564742430373,submit,b5215,sprint,,web
1564900331493,enter,b1656,sprint,,web
1564900371612,respond,q2168,sprint,b,web
1564900381397,respond,q2167,sprint,a,web
1564900385997,respond,q2166,sprint,c,web
1564900387248,respond,q2166,sprint,b,web
1564900390868,submit,b1656,sprint,,web
1564900414142,enter,b1441,sprint,,web
1564900459102,respond,q1522,sprint,d,web
1564900471443,respond,q1523,sprint,a,web
1564900481296,respond,q1521,sprint,b,web
1564900482621,submit,b1441,sprint,,web
1564900504984,enter,b1565,sprint,,web
1564900550295,respond,q1894,sprint,c,web
1564900557919,respond,q1895,sprint,d,web
1564900565157,respond,q1894,sprint,b,web
1564900568953,respond,q1893,sprint,a,web
1564900569917,submit,b1565,sprint,,web
1564900584467,enter,b1710,sprint,,web
1564900611545,respond,q2328,sprint,c,web
1564900637965,respond,q2330,sprint,c,web
1564900645578,respond,q2329,sprint,d,web
1564900649131,submit,b1710,sprint,,web
1564900678037,enter,b1619,sprint,,web
1564900711005,respond,q2055,sprint,d,web
1564900732359,respond,q2056,sprint,b,web
1564900735614,respond,q2056,sprint,a,web
1564900743072,respond,q2057,sprint,c,web
1564900743590,submit,b1619,sprint,,web
1564900759528,enter,b1630,sprint,,web
1564900793025,respond,q2089,sprint,b,web
1564900816254,respond,q2090,sprint,b,web
1564900830502,respond,q2088,sprint,d,web
1564900839401,submit,b1630,sprint,,web
1564900860288,enter,b1539,sprint,,web
1564900884517,respond,q1815,sprint,b,web
1564900902310,respond,q1816,sprint,a,web
1564900934078,respond,q1817,sprint,d,web
1564900947699,respond,q1817,sprint,b,web
1564900963722,submit,b1539,sprint,,web
1564901052601,enter,b1700,sprint,,web
1564901087896,respond,q2299,sprint,b,web
1564901107988,respond,q2300,sprint,d,web
1564901113746,respond,q2298,sprint,a,web
1564901115057,submit,b1700,sprint,,web
1564901131828,enter,b1415,sprint,,web
1564901162948,respond,q1443,sprint,d,web
1564901179028,respond,q1445,sprint,a,web
1564901181480,respond,q1444,sprint,d,web
1564901183735,submit,b1415,sprint,,web
1564901201915,enter,b1576,sprint,,web
1564901226009,respond,q1926,sprint,c,web
1564901247518,respond,q1928,sprint,b,web
1564901256997,respond,q1927,sprint,b,web
1564901264384,submit,b1576,sprint,,web
1564901287376,enter,b1478,sprint,,web
1564901314522,respond,q1632,sprint,b,web
1564901342695,respond,q1634,sprint,c,web
1564901345859,respond,q1633,sprint,a,web
1564901346477,respond,q1633,sprint,b,web
1564901347041,respond,q1633,sprint,a,web
1564901347658,respond,q1633,sprint,b,web
1564901348356,respond,q1633,sprint,a,web
1564901354280,respond,q1633,sprint,c,web
1564901367131,respond,q1634,sprint,a,web
1564901369274,submit,b1478,sprint,,web
1564901409284,enter,b1974,sprint,,web
1564901450311,respond,q3121,sprint,d,web
1564901468115,respond,q3122,sprint,c,web
1564901483380,respond,q3120,sprint,b,web
1564901484449,submit,b1974,sprint,,web
1564901522323,enter,b2070,sprint,,web
1564901560428,respond,q3408,sprint,c,web
1564901583472,respond,q3410,sprint,c,web
1564901585002,respond,q3410,sprint,d,web
1564901594231,respond,q3409,sprint,b,web
1564901595751,submit,b2070,sprint,,web
1564901611292,enter,b1869,sprint,,web
1564901640984,respond,q2805,sprint,c,web
1564901646118,respond,q2806,sprint,b,web
1564901686437,respond,q2807,sprint,d,web
1564901689230,respond,q2807,sprint,b,web
1564901690792,respond,q2807,sprint,d,web
1564901691895,respond,q2807,sprint,b,web
1564901692681,submit,b1869,sprint,,web
1564901707090,enter,b2061,sprint,,web
1564901740703,respond,q3382,sprint,b,web
1564901758957,respond,q3383,sprint,a,web
1564901766197,respond,q3381,sprint,a,web
1564901769005,submit,b2061,sprint,,web
1564901785602,enter,b1798,sprint,,web
1564901819621,respond,q2592,sprint,c,web
1564901828490,respond,q2593,sprint,c,web
1564901843201,respond,q2594,sprint,d,web
1564901844048,submit,b1798,sprint,,web
1564901856388,enter,b2119,sprint,,web
1564901887971,respond,q3555,sprint,b,web
1564901911002,respond,q3557,sprint,d,web
1564901918379,respond,q3556,sprint,b,web
1564901919316,submit,b2119,sprint,,web
1564901929610,enter,b1950,sprint,,web
1564901983272,respond,q3050,sprint,b,web
1564902002832,respond,q3049,sprint,a,web
1564902011155,respond,q3048,sprint,d,web
1564902011967,submit,b1950,sprint,,web
1564902024061,enter,b2008,sprint,,web
1564902050881,respond,q3222,sprint,a,web
1564902057524,respond,q3223,sprint,c,web
1564902073481,respond,q3224,sprint,d,web
1564902074205,submit,b2008,sprint,,web
1564902696389,enter,b521,sprint,,web
1564902717089,respond,q521,sprint,c,web
1564902717770,submit,b521,sprint,,web
1564902740554,enter,b288,sprint,,web
1564902757601,respond,q288,sprint,c,web
1564902758538,submit,b288,sprint,,web
1564902764782,enter,b736,sprint,,web
1564902784029,respond,q736,sprint,b,web
1564902784647,submit,b736,sprint,,web
1565747394061,enter,b8556,sprint,,web
1565747405541,respond,q11891,sprint,c,web
1565747417387,respond,q11892,sprint,b,web
1565747455268,respond,q11893,sprint,b,web
1565747468300,respond,q11894,sprint,d,web
1565747468967,submit,b8556,sprint,,web
1565747487486,enter,b5102,sprint,,web
1565747527011,respond,q6621,sprint,c,web
1565747545983,respond,q6622,sprint,c,web
1565747562767,respond,q6623,sprint,b,web
1565747581688,respond,q6624,sprint,c,web
1565747584819,submit,b5102,sprint,,web
1565747599160,enter,b8510,sprint,,web
1565747615132,respond,q11707,sprint,d,web
1565747626975,respond,q11708,sprint,b,web
1565747650245,respond,q11709,sprint,c,web
1565747657571,respond,q11710,sprint,a,web
1565747663084,submit,b8510,sprint,,web
1565747668785,enter,b8464,sprint,,web
1565747684291,respond,q11523,sprint,a,web
1565747726472,respond,q11524,sprint,d,web
1565747740561,respond,q11525,sprint,b,web
1565747755650,respond,q11526,sprint,a,web
1565747756646,submit,b8464,sprint,,web
1565747781541,enter,b7961,sprint,,web
1565747798354,respond,q10788,sprint,a,web
1565747831942,respond,q10790,sprint,b,web
1565747867086,respond,q10789,sprint,d,web
1565747870505,respond,q10789,sprint,b,web
1565747886049,respond,q10790,sprint,d,web
1565747897734,respond,q10791,sprint,c,web
1565747899484,submit,b7961,sprint,,web
1565747926148,enter,b7924,sprint,,web
1565747969104,respond,q10651,sprint,d,web
1565748006041,respond,q10653,sprint,a,web
1565748018975,respond,q10650,sprint,c,web
1565748035243,respond,q10652,sprint,a,web
1565748077849,respond,q10652,sprint,b,web
1565748081365,submit,b7924,sprint,,web
1573208515745,enter,b4257,sprint,,web
1573208535009,respond,q5725,sprint,c,web
1573208541886,respond,q5725,sprint,d,web
1573208546764,respond,q5725,sprint,c,web
1573208547935,submit,b4257,sprint,,web
1573208566265,enter,b11433,sprint,,web
1573208591596,respond,q17196,sprint,d,web
1573208592527,submit,b11433,sprint,,web
1573208693693,enter,b11587,sprint,,web
1573208714372,respond,q17350,sprint,c,web
1573208715008,submit,b11587,sprint,,web
1573208722238,enter,b11482,sprint,,web
1573208752644,respond,q17245,sprint,d,web
1573208755173,submit,b11482,sprint,,web
1573208761812,enter,b4030,sprint,,web
1573208790846,respond,q5498,sprint,b,web
1573208794193,submit,b4030,sprint,,web
1573374652530,enter,b8539,sprint,,web
1573374678312,respond,q11823,sprint,a,web
1573374713650,respond,q11824,sprint,b,web
1573374758080,respond,q11826,sprint,d,web
1573374778527,respond,q11825,sprint,a,web
1573374780181,submit,b8539,sprint,,web
