timestamp,action_type,item_id,source,user_answer,platform
1553135015815,enter,b3587,diagnosis,,mobile
1553135037826,respond,q5055,diagnosis,b,mobile
1553135042154,submit,b3587,diagnosis,,mobile
1553135042246,enter,b1277,diagnosis,,mobile
1553135056393,respond,q1277,diagnosis,a,mobile
1553135061310,submit,b1277,diagnosis,,mobile
1553135061391,enter,b326,diagnosis,,mobile
1553135063614,submit,b326,diagnosis,,mobile
1553219233700,enter,b326,diagnosis,,mobile
1553219245876,submit,b326,diagnosis,,mobile
1553219254387,enter,b326,diagnosis,,mobile
1553219272169,respond,q326,diagnosis,c,mobile
1553219277600,submit,b326,diagnosis,,mobile
1553219277691,enter,b2656,diagnosis,,mobile
1553219302682,respond,q4124,diagnosis,a,mobile
1553219307039,submit,b2656,diagnosis,,mobile
1553219307096,enter,b3125,diagnosis,,mobile
1553219325086,respond,q4593,diagnosis,a,mobile
1553219334995,submit,b3125,diagnosis,,mobile
1553219335057,enter,b2246,diagnosis,,mobile
1553219361603,respond,q3714,diagnosis,c,mobile
1553219366519,submit,b2246,diagnosis,,mobile
1553219366563,enter,b3985,diagnosis,,mobile
1553219384390,respond,q5453,diagnosis,b,mobile
1553219388576,submit,b3985,diagnosis,,mobile
1553219388638,enter,b3767,diagnosis,,mobile
1553219407482,respond,q5235,diagnosis,b,mobile
1553219414072,submit,b3767,diagnosis,,mobile
1553219414126,enter,b2347,diagnosis,,mobile
1553219450164,respond,q3815,diagnosis,d,mobile
1553219454814,submit,b2347,diagnosis,,mobile
1553219454873,enter,b3780,diagnosis,,mobile
1553219477653,respond,q5248,diagnosis,d,mobile
1553219483186,submit,b3780,diagnosis,,mobile
1553219483237,enter,b2823,diagnosis,,mobile
1553219510586,respond,q4291,diagnosis,b,mobile
1553219516057,submit,b2823,diagnosis,,mobile
1553219604775,enter,b4787,sprint,,mobile
1553219620899,respond,q6255,sprint,b,mobile
1553219624723,submit,b4787,sprint,,mobile
1553219678011,enter,b3635,sprint,,mobile
1553219694521,respond,q5103,sprint,b,mobile
1553219698114,submit,b3635,sprint,,mobile
1553219716192,enter,b2563,sprint,,mobile
1553219739246,respond,q4031,sprint,b,mobile
1553219742448,submit,b2563,sprint,,mobile
1553219748761,enter,b6355,sprint,,mobile
1553219759478,respond,q9004,sprint,a,mobile
1553219763743,submit,b6355,sprint,,mobile
1553219784159,enter,b3581,sprint,,mobile
1553219793887,respond,q5049,sprint,a,mobile
1553219797549,submit,b3581,sprint,,mobile
1553219804869,enter,b3010,sprint,,mobile
1553219828286,respond,q4478,sprint,a,mobile
1553219832234,respond,q4478,sprint,b,mobile
1553219835743,submit,b3010,sprint,,mobile
1553219847425,enter,b4885,sprint,,mobile
1553219853543,respond,q6353,sprint,a,mobile
1553219864219,submit,b4885,sprint,,mobile
1553219874970,enter,b7108,sprint,,mobile
1553219896107,respond,q9757,sprint,a,mobile
1553219900683,submit,b7108,sprint,,mobile
1553219927042,enter,b3852,sprint,,mobile
1553219941453,respond,q5320,sprint,c,mobile
1553219946123,submit,b3852,sprint,,mobile
1553219973896,enter,b3089,sprint,,mobile
1553219987168,respond,q4557,sprint,b,mobile
1553219991255,submit,b3089,sprint,,mobile
1553240425977,enter,b5633,sprint,,mobile
1553240441907,submit,b5633,sprint,,mobile
1553244981014,enter,b5633,sprint,,mobile
1553244997018,respond,q8162,sprint,b,mobile
1553245000916,submit,b5633,sprint,,mobile
1553245037539,enter,b150,sprint,,mobile
1553245053692,respond,q150,sprint,b,mobile
1553245056733,submit,b150,sprint,,mobile
1553245095050,enter,b84,sprint,,mobile
1553245118229,respond,q84,sprint,c,mobile
1553245121616,submit,b84,sprint,,mobile
1553245126552,enter,b8165,sprint,,mobile
1553245142061,respond,q11112,sprint,b,mobile
1553245145367,submit,b8165,sprint,,mobile
1553245150015,enter,b158,sprint,,mobile
1553245171566,respond,q158,sprint,c,mobile
1553245174534,submit,b158,sprint,,mobile
1553245180955,enter,b5643,sprint,,mobile
1553245203785,respond,q8172,sprint,a,mobile
1553245207009,submit,b5643,sprint,,mobile
1553245212155,enter,b57,sprint,,mobile
1553245235520,respond,q57,sprint,c,mobile
1553245240413,submit,b57,sprint,,mobile
1553245422388,enter,b8235,sprint,,mobile
1553245443848,respond,q11182,sprint,d,mobile
1553245447021,submit,b8235,sprint,,mobile
1553245452205,enter,b5572,sprint,,mobile
1553245473967,respond,q8101,sprint,c,mobile
1553245478156,submit,b5572,sprint,,mobile
1553245677089,enter,b5573,sprint,,mobile
1553245711298,respond,q8102,sprint,b,mobile
1553245714486,submit,b5573,sprint,,mobile
1553245843978,enter,b8275,sprint,,mobile
1553245868384,respond,q11222,sprint,d,mobile
1553245872006,submit,b8275,sprint,,mobile
1553245883803,enter,b5589,sprint,,mobile
1553245913678,respond,q8118,sprint,a,mobile
1553245917137,submit,b5589,sprint,,mobile
1553246114226,enter,b5645,sprint,,mobile
1553246138266,respond,q8174,sprint,d,mobile
1553246142211,submit,b5645,sprint,,mobile
1553246418152,enter,b150,adaptive_offer,,mobile
1553246419611,submit,b150,adaptive_offer,,mobile
1553246419665,enter,b150,adaptive_offer,,mobile
1553246421144,submit,b150,adaptive_offer,,mobile
1553247567827,enter,b150,adaptive_offer,,mobile
1553247591979,submit,b150,adaptive_offer,,mobile
1553247608079,enter,b5645,adaptive_offer,,mobile
1553247630040,respond,q8174,adaptive_offer,d,mobile
1553247633536,submit,b5645,adaptive_offer,,mobile
1553247654845,enter,b10,sprint,,mobile
1553247679109,respond,q10,sprint,d,mobile
1553247682435,submit,b10,sprint,,mobile
1553247770435,enter,b8177,sprint,,mobile
1553247792679,respond,q11124,sprint,d,mobile
1553247795904,submit,b8177,sprint,,mobile
1553247809161,enter,b5561,sprint,,mobile
1553247831311,respond,q8090,sprint,d,mobile
1553247835325,submit,b5561,sprint,,mobile
1553247849219,enter,b5532,sprint,,mobile
1553247869460,respond,q8061,sprint,b,mobile
1553247872694,submit,b5532,sprint,,mobile
1553247880532,enter,b11,sprint,,mobile
1553247904462,respond,q11,sprint,b,mobile
1553247907403,submit,b11,sprint,,mobile
1553247916068,enter,b8174,sprint,,mobile
1553247941410,submit,b8174,sprint,,mobile
1553247960931,enter,b5611,sprint,,mobile
1553247968854,submit,b5611,sprint,,mobile
1553261802058,enter,b2025,sprint,,mobile
1553261845399,submit,b2025,sprint,,mobile
1553265978038,enter,b2025,sprint,,mobile
1553266088172,respond,q3273,sprint,c,mobile
1553266093407,submit,b2025,sprint,,mobile
1553266137327,enter,b2002,sprint,,mobile
1553266226579,respond,q3204,sprint,c,mobile
1553266233852,submit,b2002,sprint,,mobile
1553266294975,enter,b1809,sprint,,mobile
1553266384638,respond,q2625,sprint,d,mobile
1553266392683,submit,b1809,sprint,,mobile
1553266397067,enter,b1984,sprint,,mobile
1553266508679,respond,q3150,sprint,a,mobile
1553266511224,respond,q3150,sprint,a,mobile
1553266517398,submit,b1984,sprint,,mobile
1553266592323,enter,b1798,sprint,,mobile
1553266671175,respond,q2592,sprint,c,mobile
1553266689812,respond,q2592,sprint,b,mobile
1553266691996,respond,q2592,sprint,c,mobile
1553266696549,respond,q2592,sprint,b,mobile
1553266702770,submit,b1798,sprint,,mobile
1553266812046,enter,b1818,sprint,,mobile
1553266894962,respond,q2652,sprint,d,mobile
1553266901396,submit,b1818,sprint,,mobile
1553266979223,enter,b1818,adaptive_offer,,mobile
1553266993918,respond,q2652,adaptive_offer,d,mobile
1553266997648,submit,b1818,adaptive_offer,,mobile
1553304155760,enter,b3226,sprint,,mobile
1553304170117,respond,q4694,sprint,a,mobile
1553304173361,submit,b3226,sprint,,mobile
1553326730516,enter,b6477,sprint,,mobile
1553326740693,respond,q9126,sprint,b,mobile
1553326744101,submit,b6477,sprint,,mobile
1553333860668,enter,b3020,sprint,,mobile
1553333884336,respond,q4488,sprint,a,mobile
1553333887235,submit,b3020,sprint,,mobile
1553333947003,enter,b4270,sprint,,mobile
1553333977262,respond,q5738,sprint,a,mobile
1553333980154,submit,b4270,sprint,,mobile
1553334124027,enter,b3942,sprint,,mobile
1553334137705,respond,q5410,sprint,b,mobile
1553334141170,submit,b3942,sprint,,mobile
1553334167876,enter,b4664,sprint,,mobile
1553334183451,respond,q6132,sprint,a,mobile
1553334187408,respond,q6132,sprint,d,mobile
1553334191960,submit,b4664,sprint,,mobile
1553334198210,enter,b2808,sprint,,mobile
1553334203870,respond,q4276,sprint,c,mobile
1553334210070,submit,b2808,sprint,,mobile
1553334219763,enter,b3642,sprint,,mobile
1553334232265,respond,q5110,sprint,a,mobile
1553334237243,submit,b3642,sprint,,mobile
1553334248341,enter,b4273,sprint,,mobile
1553334253991,respond,q5741,sprint,d,mobile
1553334257395,submit,b4273,sprint,,mobile
1553334289918,enter,b7555,sprint,,mobile
1553334300831,respond,q10204,sprint,c,mobile
1553334308249,respond,q10204,sprint,b,mobile
1553334317630,submit,b7555,sprint,,mobile
1553334369895,enter,b3067,sprint,,mobile
1553334394671,respond,q4535,sprint,c,mobile
1553334397677,respond,q4535,sprint,d,mobile
1553334403517,submit,b3067,sprint,,mobile
1553334462423,enter,b2533,sprint,,mobile
1553334466649,respond,q4001,sprint,b,mobile
1553334469661,submit,b2533,sprint,,mobile
1553334475972,enter,b3049,sprint,,mobile
1553334483377,respond,q4517,sprint,a,mobile
1553334494745,submit,b3049,sprint,,mobile
1553334560739,enter,b6243,sprint,,mobile
1553334576995,respond,q8892,sprint,b,mobile
1553334581058,submit,b6243,sprint,,mobile
1553334600774,enter,b3090,sprint,,mobile
1553334614194,respond,q4558,sprint,b,mobile
1553334618029,submit,b3090,sprint,,mobile
1553334633834,enter,b5151,sprint,,mobile
1553334650372,respond,q6745,sprint,c,mobile
1553334659604,submit,b5151,sprint,,mobile
1553334680117,enter,b4009,sprint,,mobile
1553334693312,respond,q5477,sprint,a,mobile
1553334697691,submit,b4009,sprint,,mobile
1553334713912,enter,b5657,sprint,,mobile
1553334746439,respond,q8186,sprint,d,mobile
1553334750224,submit,b5657,sprint,,mobile
1553334764511,enter,b4762,sprint,,mobile
1553334776534,respond,q6230,sprint,b,mobile
1553334777900,respond,q6230,sprint,d,mobile
1553334784940,submit,b4762,sprint,,mobile
1553334796562,enter,b3761,sprint,,mobile
1553334802634,respond,q5229,sprint,a,mobile
1553334804630,respond,q5229,sprint,c,mobile
1553334808581,submit,b3761,sprint,,mobile
1553334817474,enter,b3924,sprint,,mobile
1553334855501,respond,q5392,sprint,a,mobile
1553334858369,submit,b3924,sprint,,mobile
1553334904392,enter,b6800,sprint,,mobile
1553334920586,respond,q9449,sprint,a,mobile
1553334922563,respond,q9449,sprint,d,mobile
1553334927385,submit,b6800,sprint,,mobile
1553335083692,enter,b2832,sprint,,mobile
1553335090472,respond,q4300,sprint,c,mobile
1553335153417,respond,q4300,sprint,d,mobile
1553335159519,submit,b2832,sprint,,mobile
1553341561355,enter,b3777,sprint,,mobile
1553341681065,respond,q5245,sprint,a,mobile
1553341687440,submit,b3777,sprint,,mobile
1553342885102,enter,b4267,sprint,,mobile
1553342896614,respond,q5735,sprint,c,mobile
1553342897074,submit,b4267,sprint,,mobile
1553343246770,enter,b4267,sprint,,mobile
1553343273293,respond,q5735,sprint,b,mobile
1553343277119,submit,b4267,sprint,,mobile
1553343375029,enter,b7156,sprint,,mobile
1553343386741,respond,q9805,sprint,b,mobile
1553343393131,respond,q9805,sprint,d,mobile
1553343395936,respond,q9805,sprint,c,mobile
1553343396948,respond,q9805,sprint,b,mobile
1553343401735,submit,b7156,sprint,,mobile
1553343629981,enter,b4895,sprint,,mobile
1553343697665,respond,q6363,sprint,a,mobile
1553343709371,respond,q6363,sprint,c,mobile
1553343711021,respond,q6363,sprint,b,mobile
1553343715061,submit,b4895,sprint,,mobile
1553343773707,enter,b4104,sprint,,mobile
1553343781680,respond,q5572,sprint,d,mobile
1553343785614,submit,b4104,sprint,,mobile
1553343814957,enter,b2467,sprint,,mobile
1553343824027,respond,q3935,sprint,b,mobile
1553343833838,submit,b2467,sprint,,mobile
1553343864099,enter,b7111,sprint,,mobile
1553343881061,respond,q9760,sprint,b,mobile
1553343887537,submit,b7111,sprint,,mobile
1553344037982,enter,b3071,sprint,,mobile
1553344045376,respond,q4539,sprint,b,mobile
1553344058095,submit,b3071,sprint,,mobile
1553344137206,enter,b3051,sprint,,mobile
1553344148322,respond,q4519,sprint,b,mobile
1553344149046,respond,q4519,sprint,c,mobile
1553344155180,submit,b3051,sprint,,mobile
1553401284324,enter,b3863,sprint,,mobile
1553401296260,respond,q5331,sprint,a,mobile
1553401299709,submit,b3863,sprint,,mobile
1553401312314,enter,b6404,sprint,,mobile
1553401330557,respond,q9053,sprint,d,mobile
1553401333839,submit,b6404,sprint,,mobile
1553401342599,enter,b2335,sprint,,mobile
1553401363550,respond,q3803,sprint,b,mobile
1553401367099,submit,b2335,sprint,,mobile
1553401374931,enter,b2829,sprint,,mobile
1553401394202,respond,q4297,sprint,a,mobile
1553401397455,respond,q4297,sprint,c,mobile
1553401400806,submit,b2829,sprint,,mobile
1553401412496,enter,b4588,sprint,,mobile
1553401442228,respond,q6056,sprint,d,mobile
1553401447369,submit,b4588,sprint,,mobile
1553401475351,enter,b6313,sprint,,mobile
1553401513430,respond,q8962,sprint,a,mobile
1553401516895,submit,b6313,sprint,,mobile
1553401522314,enter,b3165,sprint,,mobile
1553401541297,respond,q4633,sprint,a,mobile
1553401544677,submit,b3165,sprint,,mobile
1553401558877,enter,b3858,sprint,,mobile
1553401567310,respond,q5326,sprint,c,mobile
1553401573659,submit,b3858,sprint,,mobile
1553401588807,enter,b3774,sprint,,mobile
1553401597644,respond,q5242,sprint,a,mobile
1553401609866,submit,b3774,sprint,,mobile
1553401617274,enter,b5725,sprint,,mobile
1553401638864,respond,q8374,sprint,d,mobile
1553401641990,submit,b5725,sprint,,mobile
1553410372465,enter,b3317,sprint,,mobile
1553410392692,respond,q4785,sprint,c,mobile
1553410398744,submit,b3317,sprint,,mobile
1553410418310,enter,b2719,sprint,,mobile
1553410433809,respond,q4187,sprint,a,mobile
1553410444872,submit,b2719,sprint,,mobile
1553410473194,enter,b3592,sprint,,mobile
1553410489448,respond,q5060,sprint,c,mobile
1553410496776,submit,b3592,sprint,,mobile
1553410507429,enter,b6544,sprint,,mobile
1553410528466,respond,q9193,sprint,b,mobile
1553410531504,submit,b6544,sprint,,mobile
1553410592283,enter,b4100,sprint,,mobile
1553410596657,respond,q5568,sprint,a,mobile
1553410600538,submit,b4100,sprint,,mobile
1553410606767,enter,b3041,sprint,,mobile
1553410623299,respond,q4509,sprint,b,mobile
1553410626694,submit,b3041,sprint,,mobile
1553410639868,enter,b3000,sprint,,mobile
1553410658551,respond,q4468,sprint,c,mobile
1553410667209,respond,q4468,sprint,d,mobile
1553410673096,submit,b3000,sprint,,mobile
1553420045764,enter,b6770,sprint,,mobile
1553420051141,respond,q9419,sprint,b,mobile
1553420057645,submit,b6770,sprint,,mobile
1553420065580,enter,b4497,sprint,,mobile
1553420071320,respond,q5965,sprint,d,mobile
1553420076179,submit,b4497,sprint,,mobile
1553420129964,enter,b2708,sprint,,mobile
1553420144718,respond,q4176,sprint,c,mobile
1553420148118,submit,b2708,sprint,,mobile
1553420459810,enter,b4864,sprint,,mobile
1553420470027,respond,q6332,sprint,c,mobile
1553420473717,submit,b4864,sprint,,mobile
1553420481096,enter,b7564,sprint,,mobile
1553420491503,respond,q10213,sprint,c,mobile
1553420496830,submit,b7564,sprint,,mobile
1553420540903,enter,b3412,sprint,,mobile
1553420563864,respond,q4880,sprint,c,mobile
1553420566784,submit,b3412,sprint,,mobile
1553420630888,enter,b3404,sprint,,mobile
1553420645800,respond,q4872,sprint,d,mobile
1553420649398,submit,b3404,sprint,,mobile
1553421117589,enter,b4062,sprint,,mobile
1553421138464,respond,q5530,sprint,b,mobile
1553421142568,submit,b4062,sprint,,mobile
1553421148524,enter,b6740,sprint,,mobile
1553421154691,respond,q9389,sprint,c,mobile
1553421158610,submit,b6740,sprint,,mobile
1553421164568,enter,b4618,sprint,,mobile
1553421220022,respond,q6086,sprint,c,mobile
1553421223128,submit,b4618,sprint,,mobile
1553470900675,enter,b4950,sprint,,web
1553470908791,respond,q6418,sprint,c,web
1553470909809,submit,b4950,sprint,,web
1553470915536,enter,b2732,sprint,,web
1553470928583,respond,q4200,sprint,a,web
1553470929529,submit,b2732,sprint,,web
1553470934423,enter,b6043,sprint,,web
1553470950015,respond,q8692,sprint,c,web
1553470950825,submit,b6043,sprint,,web
1553470977995,enter,b7046,sprint,,web
1553470985056,respond,q9695,sprint,a,web
1553470986225,submit,b7046,sprint,,web
1553470992089,enter,b2534,sprint,,web
1553470998391,respond,q4002,sprint,b,web
1553470999679,respond,q4002,sprint,d,web
1553471000393,submit,b2534,sprint,,web
1553471005454,enter,b3926,sprint,,web
1553471016167,respond,q5394,sprint,d,web
1553471018680,submit,b3926,sprint,,web
1553471025731,enter,b4925,sprint,,web
1553471039972,respond,q6393,sprint,c,web
1553471041673,submit,b4925,sprint,,web
1553471047667,enter,b7104,sprint,,web
1553471055847,respond,q9753,sprint,c,web
1553471056880,submit,b7104,sprint,,web
1553471062939,enter,b4530,sprint,,web
1553471074647,respond,q5998,sprint,a,web
1553471077080,submit,b4530,sprint,,web
1553471082996,enter,b3308,sprint,,web
1553471087856,respond,q4776,sprint,d,web
1553471090075,submit,b3308,sprint,,web
1553471105718,enter,b4953,sprint,,web
1553471117455,respond,q6421,sprint,d,web
1553471118303,respond,q6421,sprint,a,web
1553471119153,submit,b4953,sprint,,web
1553471127250,enter,b6148,sprint,,web
1553471135134,respond,q8797,sprint,a,web
1553471137543,submit,b6148,sprint,,web
1553471143740,enter,b4279,sprint,,web
1553471154294,respond,q5747,sprint,d,web
1553471156658,submit,b4279,sprint,,web
1553471165007,enter,b4034,sprint,,web
1553471168911,respond,q5502,sprint,a,web
1553471169543,respond,q5502,sprint,b,web
1553471170817,submit,b4034,sprint,,web
1553471178274,enter,b3755,sprint,,web
1553471185792,respond,q5223,sprint,a,web
1553471186890,submit,b3755,sprint,,web
1553471192521,enter,b5929,sprint,,web
1553471201399,respond,q8578,sprint,b,web
1553471203743,respond,q8578,sprint,d,web
1553471204767,respond,q8578,sprint,b,web
1553471206968,submit,b5929,sprint,,web
1553471217896,enter,b2849,sprint,,web
1553471240135,respond,q4317,sprint,c,web
1553471241696,submit,b2849,sprint,,web
1553471247210,enter,b2659,sprint,,web
1553471261935,respond,q4127,sprint,a,web
1553471262920,submit,b2659,sprint,,web
1553471268918,enter,b3167,sprint,,web
1553471279966,respond,q4635,sprint,a,web
1553471282112,submit,b3167,sprint,,web
1553471288898,enter,b7450,sprint,,web
1553471301904,respond,q10099,sprint,c,web
1553471308798,respond,q10099,sprint,a,web
1553471309998,respond,q10099,sprint,c,web
1553471311073,submit,b7450,sprint,,web
1553471333426,enter,b4756,sprint,,web
1553471341440,respond,q6224,sprint,c,web
1553471342216,submit,b4756,sprint,,web
1553473670134,enter,b3585,sprint,,web
1553473672887,respond,q5053,sprint,a,web
1553473677816,submit,b3585,sprint,,web
1553473685114,enter,b4641,sprint,,web
1553473687983,respond,q6109,sprint,d,web
1553473696968,submit,b4641,sprint,,web
1553473709489,enter,b7211,sprint,,web
1553473723071,respond,q9860,sprint,a,web
1553473725136,submit,b7211,sprint,,web
1553473731329,enter,b2956,sprint,,web
1553473743687,respond,q4424,sprint,a,web
1553473753905,submit,b2956,sprint,,web
1553473759294,enter,b5806,sprint,,web
1553473795695,respond,q8455,sprint,d,web
1553473806368,submit,b5806,sprint,,web
1553473820245,enter,b4180,sprint,,web
1553473835472,respond,q5648,sprint,d,web
1553473837512,submit,b4180,sprint,,web
1553473846730,enter,b6412,sprint,,web
1553473886727,respond,q9061,sprint,a,web
1553473888306,submit,b6412,sprint,,web
1553474210144,enter,b2191,sprint,,web
1553474224194,respond,q3659,sprint,a,web
1553474225937,submit,b2191,sprint,,web
1553474236723,enter,b5146,sprint,,web
1553474256151,respond,q6740,sprint,c,web
1553474268113,submit,b5146,sprint,,web
1553474275857,enter,b4747,sprint,,web
1553474300455,respond,q6215,sprint,b,web
1553474301520,submit,b4747,sprint,,web
1553474307062,enter,b6700,sprint,,web
1553474317183,respond,q9349,sprint,d,web
1553474318176,submit,b6700,sprint,,web
1553474324830,enter,b3577,sprint,,web
1553474337951,respond,q5045,sprint,b,web
1553474341495,respond,q5045,sprint,c,web
1553474344336,submit,b3577,sprint,,web
1553474354543,enter,b2828,sprint,,web
1553474370663,respond,q4296,sprint,d,web
1553474373178,submit,b2828,sprint,,web
1553474378953,enter,b2883,sprint,,web
1553474385680,respond,q4351,sprint,d,web
1553474387873,submit,b2883,sprint,,web
1553474402444,enter,b7478,sprint,,web
1553474415336,respond,q10127,sprint,b,web
1553474416579,submit,b7478,sprint,,web
1553474425728,enter,b4707,sprint,,web
1553474435016,respond,q6175,sprint,b,web
1553474442488,respond,q6175,sprint,a,web
1553474447079,respond,q6175,sprint,d,web
1553474447754,submit,b4707,sprint,,web
1553474454793,enter,b3276,sprint,,web
1553474469912,respond,q4744,sprint,b,web
1553474471081,submit,b3276,sprint,,web
1553474479402,enter,b3299,sprint,,web
1553474485241,respond,q4767,sprint,a,web
1553474490576,respond,q4767,sprint,b,web
1553474491432,respond,q4767,sprint,a,web
1553474492353,submit,b3299,sprint,,web
1553474497592,enter,b6837,sprint,,web
1553474505120,respond,q9486,sprint,d,web
1553474512873,submit,b6837,sprint,,web
1553474535315,enter,b2453,sprint,,web
1553474543320,respond,q3921,sprint,c,web
1553474546249,submit,b2453,sprint,,web
1553474559063,enter,b2517,sprint,,web
1553474563328,respond,q3985,sprint,a,web
1553474567593,respond,q3985,sprint,d,web
1553474568593,submit,b2517,sprint,,web
1553474578114,enter,b2816,sprint,,web
1553474596304,respond,q4284,sprint,c,web
1553474600057,submit,b2816,sprint,,web
1553474607451,enter,b6718,sprint,,web
1553474613551,respond,q9367,sprint,a,web
1553474615808,submit,b6718,sprint,,web
1553474623042,enter,b2368,sprint,,web
1553474637336,respond,q3836,sprint,a,web
1553474639137,submit,b2368,sprint,,web
1553474644993,enter,b3123,sprint,,web
1553474663664,respond,q4591,sprint,b,web
1553474666416,respond,q4591,sprint,a,web
1553474667761,submit,b3123,sprint,,web
1553477328500,enter,b7943,sprint,,web
1553477353320,respond,q10716,sprint,b,web
1553477369396,respond,q10717,sprint,b,web
1553477389935,respond,q10718,sprint,d,web
1553477413737,respond,q10719,sprint,c,web
1553477415135,submit,b7943,sprint,,web
1553477427656,enter,b5181,sprint,,web
1553477454322,respond,q6817,sprint,c,web
1553477492243,respond,q6818,sprint,d,web
1553477549047,respond,q6820,sprint,a,web
1553477602418,respond,q6819,sprint,a,web
1553477604637,submit,b5181,sprint,,web
1553954962697,enter,b3123,adaptive_offer,,web
1553954975475,respond,q4591,adaptive_offer,a,web
1553954976482,submit,b3123,adaptive_offer,,web
1553954999408,enter,b3051,adaptive_offer,,web
1553955005512,respond,q4519,adaptive_offer,a,web
1553955006593,submit,b3051,adaptive_offer,,web
1553955015983,enter,b2313,sprint,,web
1553955026003,respond,q3781,sprint,a,web
1553955026816,submit,b2313,sprint,,web
1553955115765,enter,b6792,sprint,,web
1553955127096,respond,q9441,sprint,d,web
1553955127758,submit,b6792,sprint,,web
1553955133155,enter,b3751,sprint,,web
1553955140748,respond,q5219,sprint,b,web
1553955168887,submit,b3751,sprint,,web
1553955190577,enter,b4290,sprint,,web
1553955201429,respond,q5758,sprint,b,web
1553955202218,submit,b4290,sprint,,web
1553955208726,enter,b4260,sprint,,web
1553955227560,respond,q5728,sprint,b,web
1553955229205,submit,b4260,sprint,,web
1553955240952,enter,b5976,sprint,,web
1553955262383,respond,q8625,sprint,d,web
1553955263214,submit,b5976,sprint,,web
1553955308851,enter,b4365,sprint,,web
1553955321547,respond,q5833,sprint,a,web
1553955324105,respond,q5833,sprint,c,web
1553955324796,submit,b4365,sprint,,web
1553955364440,enter,b5813,sprint,,web
1553955379893,respond,q8462,sprint,a,web
1553955380576,submit,b5813,sprint,,web
1553955443740,enter,b4775,sprint,,web
1553955459226,respond,q6243,sprint,d,web
1553955462859,submit,b4775,sprint,,web
1553955594128,enter,b7075,sprint,,web
1553955614583,respond,q9724,sprint,b,web
1553955615612,submit,b7075,sprint,,web
1553955657506,enter,b3845,sprint,,web
1553955670195,respond,q5313,sprint,c,web
1553955671502,submit,b3845,sprint,,web
1553955687921,enter,b4069,sprint,,web
1553955698931,respond,q5537,sprint,b,web
1553955700480,submit,b4069,sprint,,web
1553955708078,enter,b5043,sprint,,web
1553955719945,respond,q6511,sprint,a,web
1553955720821,submit,b5043,sprint,,web
1553956243821,enter,b6881,sprint,,web
1553956265159,respond,q9530,sprint,a,web
1553956267045,respond,q9530,sprint,d,web
1553956267537,submit,b6881,sprint,,web
1553956280156,enter,b4562,sprint,,web
1553956293739,respond,q6030,sprint,b,web
1553956295042,submit,b4562,sprint,,web
1553956333988,enter,b2809,sprint,,web
1553956343064,respond,q4277,sprint,b,web
1553956357646,submit,b2809,sprint,,web
1553956378094,enter,b4268,sprint,,web
1553956397241,respond,q5736,sprint,a,web
1553956398384,submit,b4268,sprint,,web
1553956581259,enter,b6402,sprint,,web
1553956586561,respond,q9051,sprint,d,web
1553956588816,submit,b6402,sprint,,web
1554187122695,enter,b2719,adaptive_offer,,mobile
1554187130174,respond,q4187,adaptive_offer,a,mobile
1554187132979,respond,q4187,adaptive_offer,d,mobile
1554187136564,submit,b2719,adaptive_offer,,mobile
1554187149768,enter,b3933,sprint,,mobile
1554187176702,respond,q5401,sprint,d,mobile
1554187181244,submit,b3933,sprint,,mobile
1554307825291,enter,b4725,sprint,,mobile
1554307840695,respond,q6193,sprint,c,mobile
1554307843416,respond,q6193,sprint,a,mobile
1554307856413,submit,b4725,sprint,,mobile
1554308016154,enter,b6193,sprint,,mobile
1554308028508,respond,q8842,sprint,c,mobile
1554308033339,submit,b6193,sprint,,mobile
1554308098214,enter,b4199,sprint,,mobile
1554308110309,respond,q5667,sprint,c,mobile
1554308119770,submit,b4199,sprint,,mobile
1554308129321,enter,b2221,sprint,,mobile
1554308154564,respond,q3689,sprint,d,mobile
1554308158275,submit,b2221,sprint,,mobile
1554308168679,enter,b2361,sprint,,mobile
1554308173354,respond,q3829,sprint,b,mobile
1554308174773,respond,q3829,sprint,d,mobile
1554308176161,respond,q3829,sprint,b,mobile
1554308177244,respond,q3829,sprint,d,mobile
1554308181506,submit,b2361,sprint,,mobile
1554308189860,enter,b5713,sprint,,mobile
1554308195723,respond,q8362,sprint,a,mobile
1554308202688,submit,b5713,sprint,,mobile
1554308212518,enter,b5765,sprint,,mobile
1554308225037,respond,q8414,sprint,b,mobile
1554308239685,respond,q8414,sprint,a,mobile
1554308247260,submit,b5765,sprint,,mobile
1554308253442,enter,b4734,sprint,,mobile
1554308262657,respond,q6202,sprint,b,mobile
1554308276643,submit,b4734,sprint,,mobile
1554308282533,enter,b2972,sprint,,mobile
1554308305089,respond,q4440,sprint,d,mobile
1554308317189,submit,b2972,sprint,,mobile
1554331112827,enter,b7059,sprint,,mobile
1554331119125,respond,q9708,sprint,c,mobile
1554331122605,submit,b7059,sprint,,mobile
1554331129435,enter,b4709,sprint,,mobile
1554331142842,respond,q6177,sprint,d,mobile
1554331146663,submit,b4709,sprint,,mobile
1554331152072,enter,b3932,sprint,,mobile
1554331161336,respond,q5400,sprint,d,mobile
1554331164999,submit,b3932,sprint,,mobile
1554334290410,enter,b4226,sprint,,mobile
1554334327864,respond,q5694,sprint,a,mobile
1554334333033,submit,b4226,sprint,,mobile
1554334340255,enter,b6442,sprint,,mobile
1554334352018,respond,q9091,sprint,a,mobile
1554334353470,respond,q9091,sprint,c,mobile
1554334356876,respond,q9091,sprint,d,mobile
1554334360676,submit,b6442,sprint,,mobile
1554334366562,enter,b4297,sprint,,mobile
1554334390642,respond,q5765,sprint,c,mobile
1554334391699,respond,q5765,sprint,b,mobile
1554334392717,respond,q5765,sprint,c,mobile
1554334403075,respond,q5765,sprint,a,mobile
1554334409503,submit,b4297,sprint,,mobile
1554334472163,enter,b2441,sprint,,mobile
1554334484029,respond,q3909,sprint,a,mobile
1554334489635,submit,b2441,sprint,,mobile
1554334518846,enter,b4263,sprint,,mobile
1554334528931,respond,q5731,sprint,c,mobile
1554334540491,submit,b4263,sprint,,mobile
1554334570216,enter,b6692,sprint,,mobile
1554334579165,respond,q9341,sprint,d,mobile
1554334587819,respond,q9341,sprint,b,mobile
1554334591685,submit,b6692,sprint,,mobile
1554334615904,enter,b2731,sprint,,mobile
1554334631385,respond,q4199,sprint,c,mobile
1554334635184,submit,b2731,sprint,,mobile
1554381592926,enter,b5224,adaptive_offer,,mobile
1554381691448,respond,q6992,adaptive_offer,b,mobile
1554381692831,respond,q6992,adaptive_offer,c,mobile
1554381700222,submit,b5224,adaptive_offer,,mobile
1554388923399,enter,b994,sprint,,web
1554388929631,submit,b994,sprint,,web
1554475998630,enter,b994,sprint,,mobile
1554476018130,respond,q994,sprint,c,mobile
1554476021854,submit,b994,sprint,,mobile
1554476027211,enter,b576,sprint,,mobile
1554476043970,respond,q576,sprint,c,mobile
1554476047631,submit,b576,sprint,,mobile
1554476056829,enter,b722,sprint,,mobile
1554476075596,respond,q722,sprint,a,mobile
1554476079901,submit,b722,sprint,,mobile
1554476093386,enter,b8302,sprint,,mobile
1554476114540,respond,q11249,sprint,b,mobile
1554476118212,submit,b8302,sprint,,mobile
1554476122865,enter,b1052,sprint,,mobile
1554476143276,respond,q1052,sprint,a,mobile
1554476146866,submit,b1052,sprint,,mobile
1554476158205,enter,b400,sprint,,mobile
1554476170339,respond,q400,sprint,b,mobile
1554476173504,submit,b400,sprint,,mobile
1554476178268,enter,b235,sprint,,mobile
1554476197322,respond,q235,sprint,b,mobile
1554476200843,submit,b235,sprint,,mobile
1554476206448,enter,b8314,sprint,,mobile
1554476225581,respond,q11261,sprint,b,mobile
1554476228790,submit,b8314,sprint,,mobile
1554476245758,enter,b1375,sprint,,mobile
1554476268596,respond,q1375,sprint,c,mobile
1554476273835,submit,b1375,sprint,,mobile
1554476284230,enter,b515,sprint,,mobile
1554476303556,respond,q515,sprint,b,mobile
1554476307140,submit,b515,sprint,,mobile
1554560099592,enter,b668,sprint,,mobile
1554560122802,submit,b668,sprint,,mobile
1554560129619,enter,b295,sprint,,mobile
1554560145309,respond,q295,sprint,c,mobile
1554560148491,submit,b295,sprint,,mobile
1554560157242,enter,b577,sprint,,mobile
1554560172041,respond,q577,sprint,b,mobile
1554560176223,submit,b577,sprint,,mobile
1554560184593,enter,b997,sprint,,mobile
1554560202793,respond,q997,sprint,b,mobile
1554560205939,submit,b997,sprint,,mobile
1554560212229,enter,b472,sprint,,mobile
1554560229774,respond,q472,sprint,b,mobile
1554560236970,submit,b472,sprint,,mobile
1554560263871,enter,b8312,sprint,,mobile
1554560286142,respond,q11259,sprint,c,mobile
1554560289909,submit,b8312,sprint,,mobile
1554560300064,enter,b266,sprint,,mobile
1554560309626,respond,q266,sprint,a,mobile
1554560320934,submit,b266,sprint,,mobile
1554560325686,enter,b847,sprint,,mobile
1554560334924,respond,q847,sprint,a,mobile
1554560343356,respond,q847,sprint,a,mobile
1554560346477,submit,b847,sprint,,mobile
1554560351905,enter,b550,sprint,,mobile
1554560374521,respond,q550,sprint,a,mobile
1554560383183,submit,b550,sprint,,mobile
1554560425726,enter,b8316,sprint,,mobile
1554560443615,respond,q11263,sprint,a,mobile
1554560446974,submit,b8316,sprint,,mobile
1554560482179,enter,b277,sprint,,mobile
1554560498571,respond,q277,sprint,c,mobile
1554560501643,submit,b277,sprint,,mobile
1554560511961,enter,b500,sprint,,mobile
1554560524426,respond,q500,sprint,b,mobile
1554560530535,submit,b500,sprint,,mobile
1554560537687,enter,b1347,sprint,,mobile
1554560549610,respond,q1347,sprint,b,mobile
1554560556770,submit,b1347,sprint,,mobile
1554560563347,enter,b8315,sprint,,mobile
1554560572823,respond,q11262,sprint,a,mobile
1554560576853,submit,b8315,sprint,,mobile
1554560581682,enter,b1161,sprint,,mobile
1554560595350,respond,q1161,sprint,b,mobile
1554560598524,respond,q1161,sprint,c,mobile
1554560602025,submit,b1161,sprint,,mobile
1554560628631,enter,b1357,sprint,,mobile
1554560646837,respond,q1357,sprint,a,mobile
1554560650139,submit,b1357,sprint,,mobile
1554560666584,enter,b712,sprint,,mobile
1554560682680,respond,q712,sprint,c,mobile
1554560691988,submit,b712,sprint,,mobile
1554560707936,enter,b245,sprint,,mobile
1554560722958,respond,q245,sprint,c,mobile
1554560726432,submit,b245,sprint,,mobile
1554560733151,enter,b764,sprint,,mobile
1554560748849,respond,q764,sprint,c,mobile
1554560750170,respond,q764,sprint,c,mobile
1554560753268,submit,b764,sprint,,mobile
1554560766128,enter,b1104,sprint,,mobile
1554560776618,respond,q1104,sprint,a,mobile
1554560789613,submit,b1104,sprint,,mobile
1554560798573,enter,b534,sprint,,mobile
1554560807368,respond,q534,sprint,a,mobile
1554560813761,respond,q534,sprint,a,mobile
1554560816953,submit,b534,sprint,,mobile
1554560821510,enter,b1310,sprint,,mobile
1554560830980,respond,q1310,sprint,a,mobile
1554560836454,respond,q1310,sprint,a,mobile
1554560842964,submit,b1310,sprint,,mobile
1554560848327,enter,b537,sprint,,mobile
1554560865885,respond,q537,sprint,a,mobile
1554560869907,submit,b537,sprint,,mobile
1554560901692,enter,b887,sprint,,mobile
1554560921844,respond,q887,sprint,b,mobile
1554560926402,submit,b887,sprint,,mobile
1554560934248,enter,b771,sprint,,mobile
1554560952102,submit,b771,sprint,,mobile
1554560956979,enter,b1248,sprint,,mobile
1554560963042,respond,q1248,sprint,a,mobile
1554560972784,respond,q1248,sprint,b,mobile
1554560974259,respond,q1248,sprint,c,mobile
1554560975558,respond,q1248,sprint,b,mobile
1554560990724,submit,b1248,sprint,,mobile
1554652746048,enter,b283,sprint,,mobile
1554652762392,respond,q283,sprint,b,mobile
1554652766074,submit,b283,sprint,,mobile
1554652960534,enter,b764,adaptive_offer,,mobile
1554652971332,respond,q764,adaptive_offer,b,mobile
1554652977741,submit,b764,adaptive_offer,,mobile
1554652991310,enter,b1161,adaptive_offer,,mobile
1554653007482,respond,q1161,adaptive_offer,b,mobile
1554653010820,submit,b1161,adaptive_offer,,mobile
1554653033595,enter,b973,sprint,,mobile
1554653051198,respond,q973,sprint,b,mobile
1554653054834,submit,b973,sprint,,mobile
1554653063298,enter,b952,sprint,,mobile
1554653071224,respond,q952,sprint,a,mobile
1554653076833,respond,q952,sprint,b,mobile
1554653080328,submit,b952,sprint,,mobile
1554653085513,enter,b539,sprint,,mobile
1554653101859,respond,q539,sprint,b,mobile
1554653106547,submit,b539,sprint,,mobile
1554653128319,enter,b1384,sprint,,mobile
1554653141158,respond,q1384,sprint,a,mobile
1554653145075,respond,q1384,sprint,a,mobile
1554653148254,submit,b1384,sprint,,mobile
1554679857354,enter,b940,sprint,,mobile
1554679871746,respond,q940,sprint,b,mobile
1554679875472,submit,b940,sprint,,mobile
1554679880334,enter,b825,sprint,,mobile
1554679894725,respond,q825,sprint,b,mobile
1554679900050,submit,b825,sprint,,mobile
1554679905319,enter,b439,sprint,,mobile
1554679924927,submit,b439,sprint,,mobile
1554679929184,enter,b205,sprint,,mobile
1554679938934,respond,q205,sprint,a,mobile
1554679944700,submit,b205,sprint,,mobile
1554679949030,enter,b763,sprint,,mobile
1554679967492,respond,q763,sprint,c,mobile
1554679971426,submit,b763,sprint,,mobile
1554679985402,enter,b256,sprint,,mobile
1554680004413,respond,q256,sprint,c,mobile
1554680008384,submit,b256,sprint,,mobile
1554680014869,enter,b406,sprint,,mobile
1554680024543,respond,q406,sprint,a,mobile
1554680034220,respond,q406,sprint,a,mobile
1554680037367,submit,b406,sprint,,mobile
1554680047752,enter,b422,sprint,,mobile
1554680062890,respond,q422,sprint,a,mobile
1554680067259,submit,b422,sprint,,mobile
1554680260476,enter,b764,adaptive_offer,,mobile
1554680270817,respond,q764,adaptive_offer,b,mobile
1554680274413,submit,b764,adaptive_offer,,mobile
1554680279574,enter,b422,adaptive_offer,,mobile
1554680294571,respond,q422,adaptive_offer,b,mobile
1554680299770,submit,b422,adaptive_offer,,mobile
1554680318200,enter,b292,sprint,,mobile
1554680336154,submit,b292,sprint,,mobile
1554680341122,enter,b280,sprint,,mobile
1554680359172,respond,q280,sprint,b,mobile
1554680362680,submit,b280,sprint,,mobile
1554680377678,enter,b1314,sprint,,mobile
1554680394952,respond,q1314,sprint,c,mobile
1554680398172,submit,b1314,sprint,,mobile
1554711271347,enter,b3750,sprint,,mobile
1554711279215,respond,q5218,sprint,a,mobile
1554711285042,respond,q5218,sprint,d,mobile
1554711292564,submit,b3750,sprint,,mobile
1554711384788,enter,b3060,sprint,,mobile
1554711457064,respond,q4528,sprint,b,mobile
1554711464368,submit,b3060,sprint,,mobile
1554711490233,enter,b7443,sprint,,mobile
1554711512944,respond,q10092,sprint,c,mobile
1554711517336,submit,b7443,sprint,,mobile
1554731821373,enter,b1101,sprint,,mobile
1554731835297,respond,q1101,sprint,b,mobile
1554731839071,respond,q1101,sprint,c,mobile
1554731843923,submit,b1101,sprint,,mobile
1554732031115,enter,b283,adaptive_offer,,mobile
1554732031456,submit,b283,adaptive_offer,,mobile
1554732055523,enter,b1161,adaptive_offer,,mobile
1554732067712,respond,q1161,adaptive_offer,b,mobile
1554732071132,submit,b1161,adaptive_offer,,mobile
1554732421399,enter,b336,sprint,,mobile
1554732442404,respond,q336,sprint,c,mobile
1554732445650,respond,q336,sprint,b,mobile
1554732446640,respond,q336,sprint,c,mobile
1554732447003,respond,q336,sprint,b,mobile
1554732447853,respond,q336,sprint,c,mobile
1554732451773,submit,b336,sprint,,mobile
1554732465734,enter,b1193,sprint,,mobile
1554732478585,respond,q1193,sprint,b,mobile
1554732485331,submit,b1193,sprint,,mobile
1554732491128,enter,b588,sprint,,mobile
1554732500758,respond,q588,sprint,a,mobile
1554732504637,respond,q588,sprint,b,mobile
1554732508094,respond,q588,sprint,a,mobile
1554732512252,submit,b588,sprint,,mobile
1554732518150,enter,b1316,sprint,,mobile
1554732535034,respond,q1316,sprint,b,mobile
1554732540012,submit,b1316,sprint,,mobile
1554732544797,enter,b336,adaptive_offer,,mobile
1554732553646,respond,q336,adaptive_offer,b,mobile
1554732565088,submit,b336,adaptive_offer,,mobile
1554732569447,enter,b1316,adaptive_offer,,mobile
1554732587247,respond,q1316,adaptive_offer,c,mobile
1554732590296,submit,b1316,adaptive_offer,,mobile
1554732621884,enter,b788,sprint,,mobile
1554732637330,respond,q788,sprint,c,mobile
1554732638232,respond,q788,sprint,b,mobile
1554732643440,submit,b788,sprint,,mobile
1554732658132,enter,b878,sprint,,mobile
1554732671493,respond,q878,sprint,b,mobile
1554732678743,submit,b878,sprint,,mobile
1554732688856,enter,b1360,sprint,,mobile
1554732701428,respond,q1360,sprint,b,mobile
1554732707536,submit,b1360,sprint,,mobile
1554734285427,enter,b788,adaptive_offer,,mobile
1554734303324,submit,b788,adaptive_offer,,mobile
1554734309053,enter,b1360,adaptive_offer,,mobile
1554734327455,respond,q1360,adaptive_offer,b,mobile
1554734345242,respond,q1360,adaptive_offer,c,mobile
1554734349096,submit,b1360,adaptive_offer,,mobile
1554734371960,enter,b1240,sprint,,mobile
1554734384457,respond,q1240,sprint,b,mobile
1554734387491,submit,b1240,sprint,,mobile
1554734392043,enter,b835,sprint,,mobile
1554734404600,respond,q835,sprint,b,mobile
1554734417523,submit,b835,sprint,,mobile
1554734437418,enter,b902,sprint,,mobile
1554734446849,respond,q902,sprint,a,mobile
1554734453541,submit,b902,sprint,,mobile
1554734458611,enter,b448,sprint,,mobile
1554734478633,respond,q448,sprint,c,mobile
1554734482009,submit,b448,sprint,,mobile
1554734505050,enter,b666,sprint,,mobile
1554734522897,respond,q666,sprint,b,mobile
1554734526151,submit,b666,sprint,,mobile
1554734563784,enter,b447,sprint,,mobile
1554734573081,respond,q447,sprint,a,mobile
1554734576429,submit,b447,sprint,,mobile
1554734580552,enter,b968,sprint,,mobile
1554734593631,respond,q968,sprint,a,mobile
1554734599361,submit,b968,sprint,,mobile
1554734622394,enter,b2082,sprint,,mobile
1554734707047,respond,q3444,sprint,c,mobile
1554734711591,submit,b2082,sprint,,mobile
1554769393674,enter,b3061,sprint,,mobile
1554769400771,respond,q4529,sprint,c,mobile
1554769411494,respond,q4529,sprint,d,mobile
1554769418924,respond,q4529,sprint,c,mobile
1554769423849,submit,b3061,sprint,,mobile
1554769652439,enter,b3061,adaptive_offer,,mobile
1554769656196,respond,q4529,adaptive_offer,d,mobile
1554769660572,submit,b3061,adaptive_offer,,mobile
1554769665894,enter,b3060,adaptive_offer,,mobile
1554769668053,respond,q4528,adaptive_offer,c,mobile
1554769676679,submit,b3060,adaptive_offer,,mobile
1554769689291,enter,b5833,sprint,,mobile
1554769690602,respond,q8482,sprint,d,mobile
1554769696080,respond,q8482,sprint,b,mobile
1554769701071,submit,b5833,sprint,,mobile
1554769856472,enter,b3000,adaptive_offer,,mobile
1554769863901,respond,q4468,adaptive_offer,c,mobile
1554769881827,submit,b3000,adaptive_offer,,mobile
1554769908625,enter,b5833,adaptive_offer,,mobile
1554769911952,respond,q8482,adaptive_offer,a,mobile
1554769917110,submit,b5833,adaptive_offer,,mobile
1554769930263,enter,b3781,sprint,,mobile
1554769940401,respond,q5249,sprint,b,mobile
1554769945417,submit,b3781,sprint,,mobile
1554781621602,enter,b3781,adaptive_offer,,mobile
1554781630414,respond,q5249,adaptive_offer,b,mobile
1554781633991,respond,q5249,adaptive_offer,c,mobile
1554781643863,submit,b3781,adaptive_offer,,mobile
1554781654854,enter,b4588,adaptive_offer,,mobile
1554781671418,respond,q6056,adaptive_offer,b,mobile
1554781693214,submit,b4588,adaptive_offer,,mobile
1554781711078,enter,b7632,sprint,,mobile
1554781726249,respond,q10281,sprint,d,mobile
1554781729636,respond,q10281,sprint,a,mobile
1554781730869,respond,q10281,sprint,d,mobile
1554781734262,submit,b7632,sprint,,mobile
1554781769090,enter,b4312,sprint,,mobile
1554781779575,respond,q5780,sprint,b,mobile
1554781787626,submit,b4312,sprint,,mobile
1554781795657,enter,b3062,sprint,,mobile
1554781804859,respond,q4530,sprint,b,mobile
1554781814049,submit,b3062,sprint,,mobile
1554792943734,enter,b4199,adaptive_offer,,mobile
1554792949264,respond,q5667,adaptive_offer,b,mobile
1554792956070,submit,b4199,adaptive_offer,,mobile
1554792963894,enter,b3062,adaptive_offer,,mobile
1554792973089,respond,q4530,adaptive_offer,b,mobile
1554792981257,submit,b3062,adaptive_offer,,mobile
1554793070389,enter,b3096,sprint,,mobile
1554793077731,respond,q4564,sprint,a,mobile
1554793083234,submit,b3096,sprint,,mobile
1554793095491,enter,b6458,sprint,,mobile
1554793106424,respond,q9107,sprint,c,mobile
1554793110165,submit,b6458,sprint,,mobile
1554798378414,enter,b3937,sprint,,mobile
1554798392390,respond,q5405,sprint,b,mobile
1554798397501,submit,b3937,sprint,,mobile
1554817565718,enter,b3337,sprint,,mobile
1554817576113,respond,q4805,sprint,b,mobile
1554817588114,submit,b3337,sprint,,mobile
1554817934163,enter,b2640,sprint,,mobile
1554817948247,respond,q4108,sprint,b,mobile
1554817953676,respond,q4108,sprint,a,mobile
1554817957878,submit,b2640,sprint,,mobile
1554818073042,enter,b5987,sprint,,mobile
1554818087600,respond,q8636,sprint,d,mobile
1554818092733,submit,b5987,sprint,,mobile
1554818224707,enter,b4170,sprint,,mobile
1554818238221,respond,q5638,sprint,d,mobile
1554818241934,submit,b4170,sprint,,mobile
1554818278242,enter,b2442,sprint,,mobile
1554818288691,respond,q3910,sprint,c,mobile
1554818296597,submit,b2442,sprint,,mobile
1554818371735,enter,b3938,sprint,,mobile
1554818392240,respond,q5406,sprint,a,mobile
1554818396472,submit,b3938,sprint,,mobile
1554818435020,enter,b5908,sprint,,mobile
1554818446261,respond,q8557,sprint,d,mobile
1554818454121,submit,b5908,sprint,,mobile
1554818486530,enter,b4718,sprint,,mobile
1554818494841,respond,q6186,sprint,d,mobile
1554818501923,submit,b4718,sprint,,mobile
1554818576709,enter,b2315,sprint,,mobile
1554818596571,respond,q3783,sprint,b,mobile
1554818602181,submit,b2315,sprint,,mobile
1554818680256,enter,b4688,sprint,,mobile
1554818688270,respond,q6156,sprint,c,mobile
1554818692604,submit,b4688,sprint,,mobile
1554818785625,enter,b6081,sprint,,mobile
1554818792650,respond,q8730,sprint,a,mobile
1554818798063,submit,b6081,sprint,,mobile
1554818805909,enter,b3101,sprint,,mobile
1554818824930,respond,q4569,sprint,a,mobile
1554818830054,respond,q4569,sprint,b,mobile
1554818835444,submit,b3101,sprint,,mobile
1554818841985,enter,b2282,sprint,,mobile
1554818852118,respond,q3750,sprint,b,mobile
1554818856230,submit,b2282,sprint,,mobile
1554818870098,enter,b4213,sprint,,mobile
1554818876614,respond,q5681,sprint,d,mobile
1554818884282,submit,b4213,sprint,,mobile
1554818931123,enter,b7110,sprint,,mobile
1554818943437,respond,q9759,sprint,c,mobile
1554818948918,submit,b7110,sprint,,mobile
1554818955605,enter,b3573,sprint,,mobile
1554818964234,respond,q5041,sprint,c,mobile
1554818988005,respond,q5041,sprint,d,mobile
1554818991407,submit,b3573,sprint,,mobile
1554819050018,enter,b4852,sprint,,mobile
1554819061579,respond,q6320,sprint,b,mobile
1554819065250,respond,q6320,sprint,d,mobile
1554819070755,submit,b4852,sprint,,mobile
1554819091715,enter,b5130,sprint,,mobile
1554819100528,respond,q6724,sprint,a,mobile
1554819110793,respond,q6724,sprint,b,mobile
1554819113369,respond,q6724,sprint,a,mobile
1554819118382,submit,b5130,sprint,,mobile
1554819127540,enter,b7255,sprint,,mobile
1554819143987,respond,q9904,sprint,b,mobile
1554819148485,submit,b7255,sprint,,mobile
1554819173510,enter,b2440,sprint,,mobile
1554819186960,respond,q3908,sprint,b,mobile
1554819190333,respond,q3908,sprint,d,mobile
1554819194514,submit,b2440,sprint,,mobile
1554819226151,enter,b4677,sprint,,mobile
1554819235423,respond,q6145,sprint,d,mobile
1554819238080,respond,q6145,sprint,b,mobile
1554819244837,submit,b4677,sprint,,mobile
1554819256464,enter,b3789,sprint,,mobile
1554819258901,respond,q5257,sprint,a,mobile
1554819267248,submit,b3789,sprint,,mobile
1554819273046,enter,b7223,sprint,,mobile
1554819295922,respond,q9872,sprint,c,mobile
1554819298974,respond,q9872,sprint,a,mobile
1554819301131,respond,q9872,sprint,c,mobile
1554819304425,submit,b7223,sprint,,mobile
1554819320344,enter,b5003,sprint,,mobile
1554819333055,respond,q6471,sprint,a,mobile
1554819337205,submit,b5003,sprint,,mobile
1554819356026,enter,b3782,sprint,,mobile
1554819362137,respond,q5250,sprint,c,mobile
1554819363674,respond,q5250,sprint,a,mobile
1554819368636,submit,b3782,sprint,,mobile
1554819377894,enter,b3377,sprint,,mobile
1554819385488,respond,q4845,sprint,d,mobile
1554819390343,submit,b3377,sprint,,mobile
1554819398089,enter,b6283,sprint,,mobile
1554819409514,respond,q8932,sprint,d,mobile
1554819410260,respond,q8932,sprint,b,mobile
1554819414105,submit,b6283,sprint,,mobile
1554819420285,enter,b4589,sprint,,mobile
1554819425180,respond,q6057,sprint,c,mobile
1554819437494,respond,q6057,sprint,b,mobile
1554819438997,respond,q6057,sprint,c,mobile
1554819444211,submit,b4589,sprint,,mobile
1554819450406,enter,b5030,sprint,,mobile
1554819457725,respond,q6498,sprint,d,mobile
1554819461496,respond,q6498,sprint,b,mobile
1554819464895,submit,b5030,sprint,,mobile
1554819484302,enter,b2784,sprint,,mobile
1554819496517,respond,q4252,sprint,c,mobile
1554819501662,submit,b2784,sprint,,mobile
1554819507831,enter,b6352,sprint,,mobile
1554819515542,respond,q9001,sprint,a,mobile
1554819524956,submit,b6352,sprint,,mobile
1554819530473,enter,b5051,sprint,,mobile
1554819542258,respond,q6519,sprint,b,mobile
1554819546202,submit,b5051,sprint,,mobile
1554819552905,enter,b3626,sprint,,mobile
1554819564315,respond,q5094,sprint,a,mobile
1554819569751,submit,b3626,sprint,,mobile
1554819578618,enter,b2742,sprint,,mobile
1554819587922,respond,q4210,sprint,c,mobile
1554819592367,respond,q4210,sprint,d,mobile
1554819595462,submit,b2742,sprint,,mobile
1554819602156,enter,b6734,sprint,,mobile
1554819607772,respond,q9383,sprint,d,mobile
1554819611638,submit,b6734,sprint,,mobile
1554819619866,enter,b4178,sprint,,mobile
1554819629854,respond,q5646,sprint,c,mobile
1554819635651,respond,q5646,sprint,d,mobile
1554819636155,respond,q5646,sprint,a,mobile
1554819637504,respond,q5646,sprint,d,mobile
1554819642346,submit,b4178,sprint,,mobile
1554820177142,enter,b4895,adaptive_offer,,mobile
1554820204218,respond,q6363,adaptive_offer,d,mobile
1554820212499,submit,b4895,adaptive_offer,,mobile
1554820229321,enter,b4178,adaptive_offer,,mobile
1554820241080,respond,q5646,adaptive_offer,c,mobile
1554820249191,respond,q5646,adaptive_offer,a,mobile
1554820252446,submit,b4178,adaptive_offer,,mobile
1554820276022,enter,b5010,sprint,,mobile
1554820291824,respond,q6478,sprint,c,mobile
1554820292627,respond,q6478,sprint,b,mobile
1554820298916,submit,b5010,sprint,,mobile
1554820321086,enter,b2876,sprint,,mobile
1554820325875,respond,q4344,sprint,c,mobile
1554820330460,submit,b2876,sprint,,mobile
1554820337255,enter,b7452,sprint,,mobile
1554820347088,respond,q10101,sprint,c,mobile
1554820351857,submit,b7452,sprint,,mobile
1554820357735,enter,b4317,sprint,,mobile
1554820377563,respond,q5785,sprint,b,mobile
1554820382533,submit,b4317,sprint,,mobile
1554820411897,enter,b2444,sprint,,mobile
1554820424863,respond,q3912,sprint,a,mobile
1554820429498,submit,b2444,sprint,,mobile
1554820447536,enter,b4039,sprint,,mobile
1554820455930,respond,q5507,sprint,d,mobile
1554820458993,respond,q5507,sprint,b,mobile
1554820462550,submit,b4039,sprint,,mobile
1554820468837,enter,b5874,sprint,,mobile
1554820487570,respond,q8523,sprint,c,mobile
1554820494296,submit,b5874,sprint,,mobile
1554820510202,enter,b6037,sprint,,mobile
1554820531041,respond,q8686,sprint,b,mobile
1554820536075,submit,b6037,sprint,,mobile
1554820543174,enter,b6929,sprint,,mobile
1554820554196,respond,q9578,sprint,c,mobile
1554820560021,respond,q9578,sprint,d,mobile
1554820563424,submit,b6929,sprint,,mobile
1554820569394,enter,b2999,sprint,,mobile
1554820587610,respond,q4467,sprint,a,mobile
1554820598917,submit,b2999,sprint,,mobile
1554820604106,enter,b7517,sprint,,mobile
1554820614651,respond,q10166,sprint,d,mobile
1554820617895,submit,b7517,sprint,,mobile
1554820625727,enter,b4164,sprint,,mobile
1554820636786,respond,q5632,sprint,a,mobile
1554820639660,respond,q5632,sprint,c,mobile
1554820645949,submit,b4164,sprint,,mobile
1554820653557,enter,b3019,sprint,,mobile
1554820662405,respond,q4487,sprint,b,mobile
1554820667247,submit,b3019,sprint,,mobile
1554820673128,enter,b2678,sprint,,mobile
1554820680983,respond,q4146,sprint,b,mobile
1554820697866,submit,b2678,sprint,,mobile
1554881388011,enter,b3049,adaptive_offer,,mobile
1554881392182,respond,q4517,adaptive_offer,d,mobile
1554881400075,submit,b3049,adaptive_offer,,mobile
1554881408121,enter,b2678,adaptive_offer,,mobile
1554881414936,respond,q4146,adaptive_offer,c,mobile
1554881422633,respond,q4146,adaptive_offer,a,mobile
1554881431664,respond,q4146,adaptive_offer,c,mobile
1554881433006,respond,q4146,adaptive_offer,a,mobile
1554881441609,respond,q4146,adaptive_offer,a,mobile
1554881444613,submit,b2678,adaptive_offer,,mobile
1554882169508,enter,b507,sprint,,mobile
1554882187563,submit,b507,sprint,,mobile
1554882194516,enter,b1339,sprint,,mobile
1554882213966,respond,q1339,sprint,b,mobile
1554882217451,submit,b1339,sprint,,mobile
1554882237078,enter,b725,sprint,,mobile
1554882245931,respond,q725,sprint,a,mobile
1554882257183,submit,b725,sprint,,mobile
1554882268639,enter,b739,sprint,,mobile
1554882277935,respond,q739,sprint,a,mobile
1554882288754,respond,q739,sprint,a,mobile
1554882292102,submit,b739,sprint,,mobile
1554882302551,enter,b243,sprint,,mobile
1554882322091,submit,b243,sprint,,mobile
1554882327181,enter,b1331,sprint,,mobile
1554882341201,respond,q1331,sprint,b,mobile
1554882348630,submit,b1331,sprint,,mobile
1554882357686,enter,b1166,sprint,,mobile
1554882375823,respond,q1166,sprint,b,mobile
1554882379441,submit,b1166,sprint,,mobile
1554882392091,enter,b590,sprint,,mobile
1554882404800,respond,q590,sprint,b,mobile
1554882411652,respond,q590,sprint,c,mobile
1554882415397,submit,b590,sprint,,mobile
1554882428999,enter,b740,sprint,,mobile
1554882439075,respond,q740,sprint,a,mobile
1554882442061,respond,q740,sprint,b,mobile
1554882449419,submit,b740,sprint,,mobile
1554882458973,enter,b1390,sprint,,mobile
1554882477428,respond,q1390,sprint,c,mobile
1554882479994,respond,q1390,sprint,a,mobile
1554882483579,submit,b1390,sprint,,mobile
1554882579184,enter,b1076,sprint,,mobile
1554882595271,respond,q1076,sprint,c,mobile
1554882598794,submit,b1076,sprint,,mobile
1554882628130,enter,b1115,sprint,,mobile
1554882637864,respond,q1115,sprint,a,mobile
1554882643555,respond,q1115,sprint,c,mobile
1554882648194,submit,b1115,sprint,,mobile
1554882653414,enter,b200,sprint,,mobile
1554882664334,respond,q200,sprint,b,mobile
1554882672764,submit,b200,sprint,,mobile
1554882723068,enter,b1297,sprint,,mobile
1554882753187,submit,b1297,sprint,,mobile
1555084832897,enter,b6423,sprint,,mobile
1555084843358,respond,q9072,sprint,d,mobile
1555084847999,submit,b6423,sprint,,mobile
1555084854266,enter,b3070,sprint,,mobile
1555084871301,respond,q4538,sprint,b,mobile
1555084886919,submit,b3070,sprint,,mobile
1555280187141,enter,b3031,sprint,,mobile
1555280232706,respond,q4499,sprint,d,mobile
1555280236390,submit,b3031,sprint,,mobile
1555280243225,enter,b6339,sprint,,mobile
1555280261367,respond,q8988,sprint,a,mobile
1555280272510,respond,q8988,sprint,d,mobile
1555280276130,submit,b6339,sprint,,mobile
1555280282891,enter,b4658,sprint,,mobile
1555280291901,respond,q6126,sprint,a,mobile
1555280299048,submit,b4658,sprint,,mobile
1555280304995,enter,b3842,sprint,,mobile
1555280320608,respond,q5310,sprint,a,mobile
1555280322048,respond,q5310,sprint,b,mobile
1555280323599,respond,q5310,sprint,a,mobile
1555280327532,submit,b3842,sprint,,mobile
1555280369549,enter,b4934,sprint,,mobile
1555280375242,respond,q6402,sprint,b,mobile
1555280379604,respond,q6402,sprint,a,mobile
1555280384917,submit,b4934,sprint,,mobile
1555280396387,enter,b6468,sprint,,mobile
1555280409695,respond,q9117,sprint,c,mobile
1555280420110,respond,q9117,sprint,a,mobile
1555280431561,submit,b6468,sprint,,mobile
1555280442701,enter,b4596,sprint,,mobile
1555280459630,respond,q6064,sprint,d,mobile
1555280464949,submit,b4596,sprint,,mobile
1555280470776,enter,b3770,sprint,,mobile
1555280480527,respond,q5238,sprint,b,mobile
1555280487166,submit,b3770,sprint,,mobile
1555280502674,enter,b3008,sprint,,mobile
1555280508570,respond,q4476,sprint,c,mobile
1555280514083,submit,b3008,sprint,,mobile
1555280522932,enter,b7239,sprint,,mobile
1555280532508,respond,q9888,sprint,d,mobile
1555280535998,submit,b7239,sprint,,mobile
1555280555704,enter,b3261,sprint,,mobile
1555280565824,respond,q4729,sprint,c,mobile
1555280570719,submit,b3261,sprint,,mobile
1555487762669,enter,b3602,sprint,,mobile
1555487769421,respond,q5070,sprint,a,mobile
1555487773920,submit,b3602,sprint,,mobile
1555487823402,enter,b4594,sprint,,mobile
1555487836494,respond,q6062,sprint,d,mobile
1555487839910,submit,b4594,sprint,,mobile
1555487846821,enter,b6831,sprint,,mobile
1555487852543,respond,q9480,sprint,c,mobile
1555487857618,submit,b6831,sprint,,mobile
1555487862530,enter,b4692,sprint,,mobile
1555487874899,respond,q6160,sprint,a,mobile
1555487878213,submit,b4692,sprint,,mobile
1555487883394,enter,b5768,sprint,,mobile
1555487913123,respond,q8417,sprint,d,mobile
1555487934518,respond,q8417,sprint,b,mobile
1555487944230,submit,b5768,sprint,,mobile
1555540307242,enter,b3842,adaptive_offer,,mobile
1555540323897,respond,q5310,adaptive_offer,c,mobile
1555540328032,submit,b3842,adaptive_offer,,mobile
1555540368396,enter,b5768,adaptive_offer,,mobile
1555540375445,respond,q8417,adaptive_offer,d,mobile
1555540385158,submit,b5768,adaptive_offer,,mobile
1555540428721,enter,b6963,sprint,,mobile
1555540447987,respond,q9612,sprint,a,mobile
1555540453038,submit,b6963,sprint,,mobile
1555540460455,enter,b7061,sprint,,mobile
1555540489672,respond,q9710,sprint,d,mobile
1555540496350,submit,b7061,sprint,,mobile
1555989392149,enter,b4854,sprint,,mobile
1555989396838,respond,q6322,sprint,a,mobile
1555989401617,submit,b4854,sprint,,mobile
1555989409356,enter,b2710,sprint,,mobile
1555989430571,respond,q4178,sprint,b,mobile
1555989434152,submit,b2710,sprint,,mobile
1555989444045,enter,b5026,sprint,,mobile
1555989454391,respond,q6494,sprint,b,mobile
1555989458837,submit,b5026,sprint,,mobile
1555989472715,enter,b7039,sprint,,mobile
1555989486505,respond,q9688,sprint,d,mobile
1555989492623,respond,q9688,sprint,c,mobile
1555989496032,submit,b7039,sprint,,mobile
1556170429108,enter,b4720,sprint,,mobile
1556170438306,respond,q6188,sprint,c,mobile
1556170442143,submit,b4720,sprint,,mobile
1556170473813,enter,b2814,sprint,,mobile
1556170480574,respond,q4282,sprint,c,mobile
1556170484171,submit,b2814,sprint,,mobile
1556170493948,enter,b7463,sprint,,mobile
1556170508527,respond,q10112,sprint,b,mobile
1556170511951,respond,q10112,sprint,d,mobile
1556170518729,submit,b7463,sprint,,mobile
1556248062668,enter,b5034,sprint,,mobile
1556248091757,respond,q6502,sprint,b,mobile
1556248117047,respond,q6502,sprint,c,mobile
1556248127587,submit,b5034,sprint,,mobile
1556436970959,enter,b5034,adaptive_offer,,mobile
1556436975941,respond,q6502,adaptive_offer,d,mobile
1556436979286,submit,b5034,adaptive_offer,,mobile
1556436985638,enter,b5026,adaptive_offer,,mobile
1556436989939,respond,q6494,adaptive_offer,c,mobile
1556436994526,submit,b5026,adaptive_offer,,mobile
1556437007670,enter,b3050,sprint,,mobile
1556437017452,respond,q4518,sprint,b,mobile
1556437026662,submit,b3050,sprint,,mobile
