timestamp,action_type,item_id,source,user_answer,platform
1565155442412,enter,b3558,diagnosis,,mobile
1565155505978,respond,q5026,diagnosis,a,mobile
1565155513194,submit,b3558,diagnosis,,mobile
1565155513307,enter,b126,diagnosis,,mobile
1565155539705,respond,q126,diagnosis,c,mobile
1565155543666,submit,b126,diagnosis,,mobile
1565155543745,enter,b4480,diagnosis,,mobile
1565155574757,respond,q5948,diagnosis,c,mobile
1565155578891,submit,b4480,diagnosis,,mobile
1565155578975,enter,b2557,diagnosis,,mobile
1565155616405,respond,q4025,diagnosis,d,mobile
1565155620810,submit,b2557,diagnosis,,mobile
1565155620925,enter,b2823,diagnosis,,mobile
1565155648435,respond,q4291,diagnosis,a,mobile
1565155653137,submit,b2823,diagnosis,,mobile
1565155653235,enter,b3852,diagnosis,,mobile
1565155688029,respond,q5320,diagnosis,b,mobile
1565155692799,submit,b3852,diagnosis,,mobile
1565155692862,enter,b3916,diagnosis,,mobile
1565155714141,respond,q5384,diagnosis,b,mobile
1565155718074,submit,b3916,diagnosis,,mobile
1565155718148,enter,b2165,diagnosis,,mobile
1565155755665,respond,q3633,diagnosis,a,mobile
1565155761882,submit,b2165,diagnosis,,mobile
1565155761965,enter,b2575,diagnosis,,mobile
1565155802581,respond,q4043,diagnosis,b,mobile
1565155811854,submit,b2575,diagnosis,,mobile
1565155811939,enter,b4252,diagnosis,,mobile
1565155843142,respond,q5720,diagnosis,b,mobile
1565155849664,submit,b4252,diagnosis,,mobile
1565155849753,enter,b4801,diagnosis,,mobile
1565155872329,respond,q6269,diagnosis,b,mobile
1565155879328,submit,b4801,diagnosis,,mobile
1565267496239,enter,b188,sprint,,mobile
1565267536449,respond,q188,sprint,c,mobile
1565267561579,submit,b188,sprint,,mobile
1565267589220,enter,b5643,sprint,,mobile
1565267624724,respond,q8172,sprint,a,mobile
1565267628136,submit,b5643,sprint,,mobile
1565267661735,enter,b10,sprint,,mobile
1565267705140,respond,q10,sprint,d,mobile
1565267708934,submit,b10,sprint,,mobile
1565267732085,enter,b8228,sprint,,mobile
1565267756244,respond,q11175,sprint,c,mobile
1565267761957,submit,b8228,sprint,,mobile
1565267774393,enter,b78,sprint,,mobile
1565267809377,respond,q78,sprint,d,mobile
1565267819341,submit,b78,sprint,,mobile
1565267841217,enter,b7,sprint,,mobile
1565267846572,submit,b7,sprint,,mobile
1565747555335,enter,b5697,tutor,,mobile
1565747860300,respond,q8286,tutor,a,mobile
1565747867352,submit,b5697,tutor,,mobile
1565747932980,enter,b4638,tutor,,mobile
1565747953558,respond,q6106,tutor,d,mobile
1565747956615,submit,b4638,tutor,,mobile
1565747968148,enter,b5460,tutor,,mobile
1565748112687,respond,q7822,tutor,d,mobile
1565748117206,submit,b5460,tutor,,mobile
1565748145307,enter,b1455,tutor,,mobile
1565748239007,respond,q1563,tutor,d,mobile
1565748245144,submit,b1455,tutor,,mobile
1565748282855,enter,b1439,tutor,,mobile
1565748399557,respond,q1515,tutor,a,mobile
1565748403698,submit,b1439,tutor,,mobile
1565748462353,enter,b5057,tutor,,mobile
1565748477208,respond,q6525,tutor,a,mobile
1565748480284,submit,b5057,tutor,,mobile
1565748773636,enter,b5383,tutor,,mobile
1565748943163,respond,q7575,tutor,b,mobile
1565748949759,submit,b5383,tutor,,mobile
1565749046127,enter,b25,sprint,,mobile
1565749068754,respond,q25,sprint,c,mobile
1565749071341,submit,b25,sprint,,mobile
1565749077582,enter,b35,sprint,,mobile
1565749100553,respond,q35,sprint,b,mobile
1565749103292,submit,b35,sprint,,mobile
1565749120027,enter,b8015,sprint,,mobile
1565749140387,respond,q10962,sprint,b,mobile
1565749143347,submit,b8015,sprint,,mobile
1565749148947,enter,b195,sprint,,mobile
1565749171356,respond,q195,sprint,c,mobile
1565749173844,submit,b195,sprint,,mobile
1565749184239,enter,b5633,sprint,,mobile
1565749204120,respond,q8162,sprint,b,mobile
1565749213066,respond,q8162,sprint,d,mobile
1565749215740,submit,b5633,sprint,,mobile
1565749225134,enter,b164,sprint,,mobile
1565749243757,respond,q164,sprint,c,mobile
1565749249417,submit,b164,sprint,,mobile
1565749254813,enter,b8243,sprint,,mobile
1565749275344,respond,q11190,sprint,d,mobile
1565749279514,submit,b8243,sprint,,mobile
1565749290367,enter,b166,sprint,,mobile
1565749309642,respond,q166,sprint,c,mobile
1565749314238,submit,b166,sprint,,mobile
1565749321806,enter,b187,sprint,,mobile
1565749342685,respond,q187,sprint,c,mobile
1565749345334,submit,b187,sprint,,mobile
1565749359778,enter,b3,sprint,,mobile
1565749386008,respond,q3,sprint,c,mobile
1565749388674,submit,b3,sprint,,mobile
1565749397474,enter,b8076,sprint,,mobile
1565749400919,submit,b8076,sprint,,mobile
1565764213862,enter,b8289,sprint,,mobile
1565764236808,respond,q11236,sprint,d,mobile
1565764239439,submit,b8289,sprint,,mobile
1565764250871,enter,b79,sprint,,mobile
1565764263593,respond,q79,sprint,a,mobile
1565764277390,submit,b79,sprint,,mobile
1565764283717,enter,b186,sprint,,mobile
1565764307251,respond,q186,sprint,b,mobile
1565764310141,submit,b186,sprint,,mobile
1565764323356,enter,b5579,sprint,,mobile
1565764345563,respond,q8108,sprint,d,mobile
1565764348496,submit,b5579,sprint,,mobile
1565764361469,enter,b8064,sprint,,mobile
1565764376143,respond,q11011,sprint,b,mobile
1565764387576,submit,b8064,sprint,,mobile
1565764419686,enter,b5632,sprint,,mobile
1565764441419,respond,q8161,sprint,d,mobile
1565764446963,submit,b5632,sprint,,mobile
1565764501117,enter,b40,sprint,,mobile
1565764508235,submit,b40,sprint,,mobile
1565764557886,enter,b1250,sprint,,mobile
1565764576405,respond,q1250,sprint,c,mobile
1565764579680,submit,b1250,sprint,,mobile
1565764590965,enter,b1374,sprint,,mobile
1565764608794,respond,q1374,sprint,c,mobile
1565764611031,submit,b1374,sprint,,mobile
1565764629095,enter,b1110,sprint,,mobile
1565764647677,respond,q1110,sprint,c,mobile
1565764650630,submit,b1110,sprint,,mobile
1565764660611,enter,b8316,sprint,,mobile
1565764690455,respond,q11263,sprint,b,mobile
1565764693631,submit,b8316,sprint,,mobile
1565764716956,enter,b1316,sprint,,mobile
1565764735795,respond,q1316,sprint,c,mobile
1565764738752,submit,b1316,sprint,,mobile
1565764806502,enter,b626,sprint,,mobile
1565764825051,respond,q626,sprint,b,mobile
1565764827571,submit,b626,sprint,,mobile
1565764852730,enter,b590,sprint,,mobile
1565764870286,respond,q590,sprint,b,mobile
1565764873101,submit,b590,sprint,,mobile
1565764921224,enter,b8312,sprint,,mobile
1565764946899,respond,q11259,sprint,b,mobile
1565764951201,submit,b8312,sprint,,mobile
1565764998755,enter,b312,sprint,,mobile
1565765014425,respond,q312,sprint,c,mobile
1565765018475,submit,b312,sprint,,mobile
1565765027196,enter,b448,sprint,,mobile
1565765047458,respond,q448,sprint,c,mobile
1565765051739,submit,b448,sprint,,mobile
1565765070889,enter,b878,sprint,,mobile
1565765093277,respond,q878,sprint,b,mobile
1565765093824,respond,q878,sprint,c,mobile
1565765096162,submit,b878,sprint,,mobile
1565765115185,enter,b8314,sprint,,mobile
1565765133815,respond,q11261,sprint,c,mobile
1565765138228,submit,b8314,sprint,,mobile
1565765155790,enter,b763,sprint,,mobile
1565765175173,respond,q763,sprint,c,mobile
1565765178425,submit,b763,sprint,,mobile
1565765417690,enter,b809,sprint,,mobile
1565765437410,respond,q809,sprint,b,mobile
1565765440312,submit,b809,sprint,,mobile
1565765455466,enter,b1335,sprint,,mobile
1565765531555,respond,q1335,sprint,b,mobile
1565765534429,submit,b1335,sprint,,mobile
1565765559004,enter,b8315,sprint,,mobile
1565765569820,respond,q11262,sprint,a,mobile
1565765580461,submit,b8315,sprint,,mobile
1565765586487,enter,b280,sprint,,mobile
1565765605504,respond,q280,sprint,b,mobile
1565765608478,submit,b280,sprint,,mobile
1565765630605,enter,b291,sprint,,mobile
1565765648959,respond,q291,sprint,a,mobile
1565765652101,submit,b291,sprint,,mobile
1565765661606,enter,b666,sprint,,mobile
1565765685840,respond,q666,sprint,b,mobile
1565765689822,respond,q666,sprint,c,mobile
1565765692695,submit,b666,sprint,,mobile
1565765763414,enter,b295,sprint,,mobile
1565765780766,respond,q295,sprint,c,mobile
1565765783487,submit,b295,sprint,,mobile
1565765798942,enter,b1390,sprint,,mobile
1565765819154,respond,q1390,sprint,c,mobile
1565765819785,respond,q1390,sprint,a,mobile
1565765822069,submit,b1390,sprint,,mobile
1565765840081,enter,b1292,sprint,,mobile
1565765858882,respond,q1292,sprint,a,mobile
1565765862393,submit,b1292,sprint,,mobile
1565765894904,enter,b626,adaptive_offer,,mobile
1565765903569,respond,q626,adaptive_offer,a,mobile
1565765906054,submit,b626,adaptive_offer,,mobile
1565765909497,enter,b1292,adaptive_offer,,mobile
1565765917249,respond,q1292,adaptive_offer,c,mobile
1565765919410,submit,b1292,adaptive_offer,,mobile
1565765938977,enter,b921,sprint,,mobile
1565765956822,respond,q921,sprint,b,mobile
1565765959922,submit,b921,sprint,,mobile
1565765996101,enter,b8302,sprint,,mobile
1565766020004,respond,q11249,sprint,b,mobile
1565766023305,submit,b8302,sprint,,mobile
1565766090606,enter,b413,sprint,,mobile
1565766109973,respond,q413,sprint,b,mobile
1565766112836,submit,b413,sprint,,mobile
1565766155472,enter,b835,sprint,,mobile
1565766158690,submit,b835,sprint,,mobile
1565766516644,enter,b1772,sprint,,mobile
1565766629072,respond,q2514,sprint,a,mobile
1565766633205,submit,b1772,sprint,,mobile
1565766682999,enter,b1530,sprint,,mobile
1565766758560,respond,q1788,sprint,c,mobile
1565766761965,submit,b1530,sprint,,mobile
1565766801393,enter,b1557,sprint,,mobile
1565766899580,respond,q1869,sprint,b,mobile
1565766908120,submit,b1557,sprint,,mobile
1565767010166,enter,b1604,sprint,,mobile
1565767104829,respond,q2010,sprint,a,mobile
1565767110134,submit,b1604,sprint,,mobile
1565767176826,enter,b1573,sprint,,mobile
1565767276743,respond,q1917,sprint,d,mobile
1565767280378,submit,b1573,sprint,,mobile
1565767370629,enter,b1644,sprint,,mobile
1565767451433,respond,q2130,sprint,c,mobile
1565767455014,submit,b1644,sprint,,mobile
1565767510138,enter,b1775,sprint,,mobile
1565767618261,respond,q2523,sprint,a,mobile
1565767624067,submit,b1775,sprint,,mobile
1565768054383,enter,b1421,sprint,,mobile
1565768119249,respond,q1461,sprint,d,mobile
1565768124285,submit,b1421,sprint,,mobile
1565768130436,enter,b1702,sprint,,mobile
1565768213838,respond,q2304,sprint,d,mobile
1565768218017,submit,b1702,sprint,,mobile
1565768894964,enter,b1446,sprint,,mobile
1565768979058,respond,q1536,sprint,a,mobile
1565768983148,submit,b1446,sprint,,mobile
1565769020176,enter,b1534,sprint,,mobile
1565769104679,respond,q1800,sprint,c,mobile
1565769108209,submit,b1534,sprint,,mobile
1565769153865,enter,b1511,sprint,,mobile
1565769238351,respond,q1731,sprint,b,mobile
1565769242063,submit,b1511,sprint,,mobile
1565769292720,enter,b1473,sprint,,mobile
1565769385649,respond,q1617,sprint,a,mobile
1565769391262,submit,b1473,sprint,,mobile
1565769478400,enter,b1534,adaptive_offer,,mobile
1565769510705,respond,q1800,adaptive_offer,c,mobile
1565769513481,submit,b1534,adaptive_offer,,mobile
1565771403786,enter,b2103,sprint,,mobile
1565771489619,respond,q3507,sprint,d,mobile
1565771494682,submit,b2103,sprint,,mobile
1565771519576,enter,b1925,sprint,,mobile
1565771594199,respond,q2973,sprint,a,mobile
1565771597782,submit,b1925,sprint,,mobile
1565771631161,enter,b1808,sprint,,mobile
1565771701063,respond,q2622,sprint,a,mobile
1565771705641,submit,b1808,sprint,,mobile
1565771820735,enter,b2077,sprint,,mobile
1565771892584,respond,q3429,sprint,a,mobile
1565771896733,submit,b2077,sprint,,mobile
1565771990576,enter,b1834,sprint,,mobile
1565772050918,respond,q2700,sprint,b,mobile
1565772055091,submit,b1834,sprint,,mobile
1565772106412,enter,b2009,sprint,,mobile
1565772181886,respond,q3225,sprint,c,mobile
1565772185128,submit,b2009,sprint,,mobile
1565772225183,enter,b1993,sprint,,mobile
1565772332320,respond,q3177,sprint,b,mobile
1565772335514,submit,b1993,sprint,,mobile
1565772353301,enter,b1993,adaptive_offer,,mobile
1565772396937,respond,q3177,adaptive_offer,b,mobile
1565772398432,respond,q3177,adaptive_offer,b,mobile
1565772402845,submit,b1993,adaptive_offer,,mobile
1565772448587,enter,b2125,sprint,,mobile
1565772524971,respond,q3573,sprint,a,mobile
1565772527155,respond,q3573,sprint,b,mobile
1565772530514,submit,b2125,sprint,,mobile
1565772554840,enter,b1811,sprint,,mobile
1565772651049,respond,q2631,sprint,d,mobile
1565772654650,submit,b1811,sprint,,mobile
1565772732178,enter,b2040,sprint,,mobile
1565772839811,respond,q3318,sprint,b,mobile
1565772843642,submit,b2040,sprint,,mobile
1565823624489,enter,b4195,sprint,,mobile
1565823650827,respond,q5663,sprint,b,mobile
1565823656436,submit,b4195,sprint,,mobile
1565823710568,enter,b3772,sprint,,mobile
1565823732411,respond,q5240,sprint,c,mobile
1565823735283,submit,b3772,sprint,,mobile
1565823759539,enter,b4528,sprint,,mobile
1565823784929,respond,q5996,sprint,c,mobile
1565823787811,submit,b4528,sprint,,mobile
1565823833044,enter,b7071,sprint,,mobile
1565823847854,respond,q9720,sprint,c,mobile
1565823852736,submit,b7071,sprint,,mobile
1565823856699,enter,b2572,sprint,,mobile
1565823877486,respond,q4040,sprint,c,mobile
1565823880897,submit,b2572,sprint,,mobile
1565823926019,enter,b4775,sprint,,mobile
1565823947299,respond,q6243,sprint,d,mobile
1565823951458,submit,b4775,sprint,,mobile
1565823986737,enter,b2653,sprint,,mobile
1565824020051,respond,q4121,sprint,b,mobile
1565824021353,respond,q4121,sprint,a,mobile
1565824023956,submit,b2653,sprint,,mobile
1565824062842,enter,b6736,sprint,,mobile
1565824082058,respond,q9385,sprint,d,mobile
1565824084067,submit,b6736,sprint,,mobile
1565824090350,enter,b3418,sprint,,mobile
1565824108086,respond,q4886,sprint,d,mobile
1565824111516,submit,b3418,sprint,,mobile
1565824119362,enter,b3879,sprint,,mobile
1565824144939,respond,q5347,sprint,c,mobile
1565824149190,submit,b3879,sprint,,mobile
1565824571698,enter,b973,sprint,,mobile
1565824592013,respond,q973,sprint,b,mobile
1565824595288,submit,b973,sprint,,mobile
1565824617793,enter,b968,sprint,,mobile
1565824636242,respond,q968,sprint,a,mobile
1565824638975,submit,b968,sprint,,mobile
1565824657395,enter,b1224,sprint,,mobile
1565824675234,respond,q1224,sprint,c,mobile
1565824678013,submit,b1224,sprint,,mobile
1565824692727,enter,b483,sprint,,mobile
1565824709516,respond,q483,sprint,b,mobile
1565824713219,submit,b483,sprint,,mobile
1565824733476,enter,b1240,sprint,,mobile
1565824751825,respond,q1240,sprint,b,mobile
1565824754802,submit,b1240,sprint,,mobile
1565824762853,enter,b600,sprint,,mobile
1565824784391,respond,q600,sprint,a,mobile
1565824787369,submit,b600,sprint,,mobile
1565824807434,enter,b561,sprint,,mobile
1565824825353,respond,q561,sprint,a,mobile
1565824828339,submit,b561,sprint,,mobile
1565824844846,enter,b413,adaptive_offer,,mobile
1565824863351,respond,q413,adaptive_offer,c,mobile
1565824866069,submit,b413,adaptive_offer,,mobile
1565824870881,enter,b561,adaptive_offer,,mobile
1565824885689,respond,q561,adaptive_offer,b,mobile
1565824892755,submit,b561,adaptive_offer,,mobile
1565824915630,enter,b825,sprint,,mobile
1565824934387,respond,q825,sprint,c,mobile
1565824938417,submit,b825,sprint,,mobile
1565824956553,enter,b835,sprint,,mobile
1565824976882,respond,q835,sprint,b,mobile
1565824981304,submit,b835,sprint,,mobile
1565824990673,enter,b590,adaptive_offer,,mobile
1565825007574,respond,q590,adaptive_offer,c,mobile
1565825011510,submit,b590,adaptive_offer,,mobile
1565825026013,enter,b835,adaptive_offer,,mobile
1565825041316,respond,q835,adaptive_offer,c,mobile
1565825045356,submit,b835,adaptive_offer,,mobile
1565825092522,enter,b285,sprint,,mobile
1565825108735,respond,q285,sprint,a,mobile
1565825114834,submit,b285,sprint,,mobile
1565825147618,enter,b878,adaptive_offer,,mobile
1565825166484,respond,q878,adaptive_offer,a,mobile
1565825169211,submit,b878,adaptive_offer,,mobile
1565963516584,enter,b554,sprint,,mobile
1565963534481,respond,q554,sprint,c,mobile
1565963537525,submit,b554,sprint,,mobile
1565963555664,enter,b749,sprint,,mobile
1565963573356,respond,q749,sprint,a,mobile
1565963576926,submit,b749,sprint,,mobile
1565963604991,enter,b669,sprint,,mobile
1565963627819,respond,q669,sprint,b,mobile
1565963631101,submit,b669,sprint,,mobile
1565963655177,enter,b961,sprint,,mobile
1565963672730,respond,q961,sprint,a,mobile
1565963675645,submit,b961,sprint,,mobile
1565963710174,enter,b526,sprint,,mobile
1565963729044,respond,q526,sprint,b,mobile
1565963733092,submit,b526,sprint,,mobile
1565963765153,enter,b982,sprint,,mobile
1565963786685,respond,q982,sprint,a,mobile
1565963789927,submit,b982,sprint,,mobile
1565963806172,enter,b982,adaptive_offer,,mobile
1565963825724,respond,q982,adaptive_offer,c,mobile
1565963828487,submit,b982,adaptive_offer,,mobile
1565963879035,enter,b626,adaptive_offer,,mobile
1565963895114,respond,q626,adaptive_offer,a,mobile
1565963898769,submit,b626,adaptive_offer,,mobile
1565964006310,enter,b952,sprint,,mobile
1565964020847,respond,q952,sprint,b,mobile
1565964020847,respond,q952,sprint,b,mobile
1565964020847,respond,q952,sprint,b,mobile
1565964020847,respond,q952,sprint,b,mobile
1565964020847,respond,q952,sprint,b,mobile
1565964020847,respond,q952,sprint,b,mobile
1565964020847,respond,q952,sprint,b,mobile
1565964020847,respond,q952,sprint,b,mobile
1565964020847,respond,q952,sprint,b,mobile
1565964023502,submit,b952,sprint,,mobile
1566014343371,enter,b3758,sprint,,mobile
1566014369269,respond,q5226,sprint,b,mobile
1566014372010,submit,b3758,sprint,,mobile
1566014392416,enter,b4215,sprint,,mobile
1566014404621,respond,q5683,sprint,a,mobile
1566014408975,submit,b4215,sprint,,mobile
1566014417869,enter,b4850,sprint,,mobile
1566014433859,respond,q6318,sprint,a,mobile
1566014436942,submit,b4850,sprint,,mobile
1566014476967,enter,b7168,sprint,,mobile
1566014504657,respond,q9817,sprint,a,mobile
1566014507285,submit,b7168,sprint,,mobile
1566014545999,enter,b2654,sprint,,mobile
1566014566804,respond,q4122,sprint,d,mobile
1566014569740,submit,b2654,sprint,,mobile
1566014585548,enter,b3059,sprint,,mobile
1566014606608,respond,q4527,sprint,b,mobile
1566014610092,submit,b3059,sprint,,mobile
1566014630552,enter,b3011,sprint,,mobile
1566014648730,respond,q4479,sprint,a,mobile
1566014654437,submit,b3011,sprint,,mobile
1566014703729,enter,b7184,sprint,,mobile
1566014721671,respond,q9833,sprint,c,mobile
1566014727895,submit,b7184,sprint,,mobile
1566014772331,enter,b4150,adaptive_offer,,mobile
1566014775912,respond,q5618,adaptive_offer,b,mobile
1566014778178,submit,b4150,adaptive_offer,,mobile
1566112119779,enter,b739,sprint,,mobile
1566112138414,respond,q739,sprint,b,mobile
1566112140958,submit,b739,sprint,,mobile
1566112164124,enter,b998,sprint,,mobile
1566112180808,respond,q998,sprint,c,mobile
1566112183844,submit,b998,sprint,,mobile
1566112190711,enter,b762,sprint,,mobile
1566112206728,respond,q762,sprint,b,mobile
1566112210581,submit,b762,sprint,,mobile
1566112217178,enter,b856,sprint,,mobile
1566112231786,respond,q856,sprint,a,mobile
1566112234738,submit,b856,sprint,,mobile
1566112274940,enter,b539,sprint,,mobile
1566112292676,respond,q539,sprint,a,mobile
1566112295287,submit,b539,sprint,,mobile
1566112312066,enter,b758,sprint,,mobile
1566112328645,respond,q758,sprint,c,mobile
1566112331012,submit,b758,sprint,,mobile
1566112339128,enter,b767,sprint,,mobile
1566112353754,respond,q767,sprint,c,mobile
1566112357108,submit,b767,sprint,,mobile
1566112381190,enter,b294,sprint,,mobile
1566112397644,respond,q294,sprint,a,mobile
1566112400630,submit,b294,sprint,,mobile
1566112409474,enter,b810,sprint,,mobile
1566112432779,respond,q810,sprint,a,mobile
1566112435961,submit,b810,sprint,,mobile
1566112453280,enter,b588,sprint,,mobile
1566112471043,respond,q588,sprint,c,mobile
1566112473863,submit,b588,sprint,,mobile
1566112487244,enter,b739,adaptive_offer,,mobile
1566112497523,respond,q739,adaptive_offer,a,mobile
1566112504978,submit,b739,adaptive_offer,,mobile
1566112509688,enter,b588,adaptive_offer,,mobile
1566112527248,respond,q588,adaptive_offer,b,mobile
1566112529862,submit,b588,adaptive_offer,,mobile
1566404992823,enter,b6957,sprint,,mobile
1566405006172,respond,q9606,sprint,a,mobile
1566405011888,submit,b6957,sprint,,mobile
1566405031630,enter,b6717,sprint,,mobile
1566405049419,respond,q9366,sprint,b,mobile
1566405052810,submit,b6717,sprint,,mobile
1566405061670,enter,b2197,sprint,,mobile
1566405068662,respond,q3665,sprint,b,mobile
1566405071582,submit,b2197,sprint,,mobile
1566405078997,enter,b4191,sprint,,mobile
1566405106798,respond,q5659,sprint,c,mobile
1566405110167,submit,b4191,sprint,,mobile
1566405161740,enter,b3134,sprint,,mobile
1566405185409,respond,q4602,sprint,c,mobile
1566405187986,submit,b3134,sprint,,mobile
1566405199103,enter,b11619,sprint,,mobile
1566405213136,respond,q17382,sprint,b,mobile
1566405218288,submit,b11619,sprint,,mobile
1566405251253,enter,b3598,sprint,,mobile
1566405262771,respond,q5066,sprint,a,mobile
1566405265496,submit,b3598,sprint,,mobile
1566405273565,enter,b3589,sprint,,mobile
1566405290468,respond,q5057,sprint,b,mobile
1566405298375,submit,b3589,sprint,,mobile
1566405337586,enter,b3774,sprint,,mobile
1566405348923,respond,q5242,sprint,a,mobile
1566405371283,submit,b3774,sprint,,mobile
1566405390462,enter,b6438,sprint,,mobile
1566405402608,respond,q9087,sprint,c,mobile
1566405405080,submit,b6438,sprint,,mobile
1566406543664,enter,b5118,adaptive_offer,,mobile
1566406603737,respond,q6688,adaptive_offer,a,mobile
1566406609628,submit,b5118,adaptive_offer,,mobile
1566406615575,enter,b5203,sprint,,mobile
1566406742961,respond,q6908,sprint,d,mobile
1566406748899,submit,b5203,sprint,,mobile
1566406817099,enter,b7921,sprint,,mobile
1566406892375,respond,q10641,sprint,a,mobile
1566406897600,submit,b7921,sprint,,mobile
1566406927957,enter,b5171,sprint,,mobile
1566407028780,respond,q6780,sprint,a,mobile
1566407034392,submit,b5171,sprint,,mobile
1566407099168,enter,b7911,sprint,,mobile
1566407243872,respond,q10601,sprint,a,mobile
1566407248123,submit,b7911,sprint,,mobile
1566407313656,enter,b7922,sprint,,mobile
1566407411858,respond,q10645,sprint,d,mobile
1566407418193,submit,b7922,sprint,,mobile
1566407445016,enter,b5198,adaptive_offer,,mobile
1566407531387,respond,q6888,adaptive_offer,b,mobile
1566407535643,submit,b5198,adaptive_offer,,mobile
1566407598248,enter,b5089,sprint,,mobile
1566407724644,respond,q6572,sprint,b,mobile
1566407729107,submit,b5089,sprint,,mobile
1566407752607,enter,b5184,sprint,,mobile
1566407857386,respond,q6832,sprint,a,mobile
1566407861924,submit,b5184,sprint,,mobile
1566408477423,enter,b5089,adaptive_offer,,mobile
1566408514528,respond,q6572,adaptive_offer,c,mobile
1566408518196,submit,b5089,adaptive_offer,,mobile
1566408603359,enter,b5205,sprint,,mobile
1566408709377,respond,q6916,sprint,d,mobile
1566408729491,submit,b5205,sprint,,mobile
1566687885230,enter,b256,sprint,,mobile
1566687902962,respond,q256,sprint,a,mobile
1566687906727,respond,q256,sprint,c,mobile
1566687909884,submit,b256,sprint,,mobile
1566687945525,enter,b924,sprint,,mobile
1566687966474,respond,q924,sprint,c,mobile
1566687969383,submit,b924,sprint,,mobile
1566687978017,enter,b788,sprint,,mobile
1566687995426,respond,q788,sprint,b,mobile
1566687997845,submit,b788,sprint,,mobile
1566688050385,enter,b1112,sprint,,mobile
1566688067623,respond,q1112,sprint,c,mobile
1566688070448,submit,b1112,sprint,,mobile
1566688086045,enter,b1327,sprint,,mobile
1566688108172,respond,q1327,sprint,a,mobile
1566688110591,submit,b1327,sprint,,mobile
1566688128440,enter,b1159,sprint,,mobile
1566688154731,respond,q1159,sprint,c,mobile
1566688156904,submit,b1159,sprint,,mobile
1566688171237,enter,b447,sprint,,mobile
1566688189374,respond,q447,sprint,b,mobile
1566688189958,respond,q447,sprint,a,mobile
1566688193332,submit,b447,sprint,,mobile
1566688198804,enter,b1185,sprint,,mobile
1566688214341,respond,q1185,sprint,a,mobile
1566688221176,submit,b1185,sprint,,mobile
1566688239008,enter,b652,sprint,,mobile
1566688258230,respond,q652,sprint,a,mobile
1566688262038,submit,b652,sprint,,mobile
1566688273141,enter,b652,adaptive_offer,,mobile
1566688287172,respond,q652,adaptive_offer,c,mobile
1566688293994,submit,b652,adaptive_offer,,mobile
1566688324913,enter,b1328,adaptive_offer,,mobile
1566688337248,respond,q1328,adaptive_offer,b,mobile
1566688343231,submit,b1328,adaptive_offer,,mobile
1566688348183,enter,b1187,adaptive_offer,,mobile
1566688358972,respond,q1187,adaptive_offer,a,mobile
1566688366988,submit,b1187,adaptive_offer,,mobile
1566688378070,enter,b1084,sprint,,mobile
1566688392566,respond,q1084,sprint,b,mobile
1566688396822,submit,b1084,sprint,,mobile
1566688524580,enter,b5195,sprint,,mobile
1566688630008,respond,q6876,sprint,a,mobile
1566688634951,submit,b5195,sprint,,mobile
1566690221273,enter,b1887,sprint,,mobile
1566690279368,respond,q2859,sprint,a,mobile
1566690286657,submit,b1887,sprint,,mobile
