timestamp,action_type,item_id,source,user_answer,platform
1545122292066,enter,b5790,diagnosis,,mobile
1545122323026,respond,q8439,diagnosis,a,mobile
1545122326826,submit,b5790,diagnosis,,mobile
1545122326898,enter,b243,diagnosis,,mobile
1545122345018,respond,q243,diagnosis,a,mobile
1545122348338,submit,b243,diagnosis,,mobile
1545122348383,enter,b4109,diagnosis,,mobile
1545122371417,respond,q5577,diagnosis,c,mobile
1545122374541,submit,b4109,diagnosis,,mobile
1545122374596,enter,b6931,diagnosis,,mobile
1545122381215,respond,q9580,diagnosis,b,mobile
1545122385499,submit,b6931,diagnosis,,mobile
1545122385552,enter,b4079,diagnosis,,mobile
1545122410620,respond,q5547,diagnosis,c,mobile
1545122421962,submit,b4079,diagnosis,,mobile
1545122422011,enter,b3720,diagnosis,,mobile
1545122441438,respond,q5188,diagnosis,a,mobile
1545122445767,submit,b3720,diagnosis,,mobile
1545122445818,enter,b3956,diagnosis,,mobile
1545122465325,respond,q5424,diagnosis,d,mobile
1545122469211,submit,b3956,diagnosis,,mobile
1545122469252,enter,b5013,diagnosis,,mobile
1545122494088,respond,q6481,diagnosis,c,mobile
1545122498454,submit,b5013,diagnosis,,mobile
1545122498510,enter,b2940,diagnosis,,mobile
1545122512911,respond,q4408,diagnosis,c,mobile
1545122519971,submit,b2940,diagnosis,,mobile
1545122893736,enter,b6931,review_quiz,,mobile
1545122903701,respond,q9580,review_quiz,b,mobile
1545122906551,submit,b6931,review_quiz,,mobile
1545122929862,enter,b243,review_quiz,,mobile
1545122947447,respond,q243,review_quiz,c,mobile
1545122950298,submit,b243,review_quiz,,mobile
1545122981628,enter,b5790,review_quiz,,mobile
1545123003886,respond,q8439,review_quiz,c,mobile
1545123005592,respond,q8439,review_quiz,d,mobile
1545123009526,submit,b5790,review_quiz,,mobile
1545123024724,enter,b2940,review_quiz,,mobile
1545123041393,respond,q4408,review_quiz,b,mobile
1545123054350,submit,b2940,review_quiz,,mobile
1545123070115,enter,b5013,review_quiz,,mobile
1545123079340,respond,q6481,review_quiz,b,mobile
1545123081770,submit,b5013,review_quiz,,mobile
1545123088218,enter,b4079,review_quiz,,mobile
1545123093064,respond,q5547,review_quiz,d,mobile
1545123095174,submit,b4079,review_quiz,,mobile
1545242078606,enter,b4199,sprint,,mobile
1545242087856,respond,q5667,sprint,b,mobile
1545242091689,submit,b4199,sprint,,mobile
1545242130913,enter,b3129,sprint,,mobile
1545242155425,respond,q4597,sprint,a,mobile
1545242171567,submit,b3129,sprint,,mobile
1545242215705,enter,b4720,sprint,,mobile
1545242234037,respond,q6188,sprint,d,mobile
1545242262004,submit,b4720,sprint,,mobile
1545242316031,enter,b7280,sprint,,mobile
1545242344461,respond,q9929,sprint,b,mobile
1545242360925,submit,b7280,sprint,,mobile
1545242446714,enter,b2864,sprint,,mobile
1545242483728,respond,q4332,sprint,a,mobile
1545242486231,submit,b2864,sprint,,mobile
1545242538419,enter,b2460,sprint,,mobile
1545242570726,respond,q3928,sprint,c,mobile
1545242576483,respond,q3928,sprint,a,mobile
1545242579945,submit,b2460,sprint,,mobile
1545242637117,enter,b4167,sprint,,mobile
1545242655620,respond,q5635,sprint,d,mobile
1545242672619,respond,q5635,sprint,c,mobile
1545242681884,respond,q5635,sprint,a,mobile
1545242691343,respond,q5635,sprint,c,mobile
1545242699958,submit,b4167,sprint,,mobile
1545242744716,enter,b7302,sprint,,mobile
1545242769386,respond,q9951,sprint,c,mobile
1545242777991,submit,b7302,sprint,,mobile
1545242847404,enter,b4209,sprint,,mobile
1545242887788,respond,q5677,sprint,b,mobile
1545242893654,submit,b4209,sprint,,mobile
1545242950544,enter,b4606,sprint,,mobile
1545242973115,respond,q6074,sprint,b,mobile
1545242986522,respond,q6074,sprint,c,mobile
1545243018258,submit,b4606,sprint,,mobile
1545243097662,enter,b4884,sprint,,mobile
1545243126073,respond,q6352,sprint,a,mobile
1545243140902,submit,b4884,sprint,,mobile
1545243188828,enter,b7494,sprint,,mobile
1545243218829,respond,q10143,sprint,c,mobile
1545243235467,submit,b7494,sprint,,mobile
1545243293555,enter,b3629,sprint,,mobile
1545243320382,respond,q5097,sprint,c,mobile
1545243330416,respond,q5097,sprint,a,mobile
1545243334269,submit,b3629,sprint,,mobile
1545243399945,enter,b5057,sprint,,mobile
1545243433489,respond,q6525,sprint,b,mobile
1545243453501,submit,b5057,sprint,,mobile
1545243550082,enter,b3612,sprint,,mobile
1545243592614,respond,q5080,sprint,c,mobile
1545243600551,respond,q5080,sprint,d,mobile
1545243605240,submit,b3612,sprint,,mobile
1545243666289,enter,b6340,sprint,,mobile
1545243699679,respond,q8989,sprint,b,mobile
1545243704256,submit,b6340,sprint,,mobile
1545243756086,enter,b3352,sprint,,mobile
1545243798796,respond,q4820,sprint,c,mobile
1545243814336,respond,q4820,sprint,d,mobile
1545243823701,submit,b3352,sprint,,mobile
1545243904236,enter,b2636,sprint,,mobile
1545243943813,respond,q4104,sprint,d,mobile
1545243950920,respond,q4104,sprint,b,mobile
1545243965389,submit,b2636,sprint,,mobile
1545244015816,enter,b4123,sprint,,mobile
1545244056241,respond,q5591,sprint,a,mobile
1545244059662,submit,b4123,sprint,,mobile
1545244119537,enter,b7237,sprint,,mobile
1545244148488,respond,q9886,sprint,d,mobile
1545244187608,respond,q9886,sprint,a,mobile
1545244202319,submit,b7237,sprint,,mobile
1545244303515,enter,b5026,sprint,,mobile
1545244332089,respond,q6494,sprint,d,mobile
1545244335277,respond,q6494,sprint,b,mobile
1545244337418,respond,q6494,sprint,a,mobile
1545244350085,respond,q6494,sprint,b,mobile
1545244352123,respond,q6494,sprint,d,mobile
1545244354366,respond,q6494,sprint,b,mobile
1545244357462,submit,b5026,sprint,,mobile
1545244406429,enter,b5071,sprint,,mobile
1545244448327,respond,q6539,sprint,b,mobile
1545244463310,submit,b5071,sprint,,mobile
1545244558459,enter,b3002,sprint,,mobile
1545244574430,respond,q4470,sprint,a,mobile
1545244578556,submit,b3002,sprint,,mobile
1545244713782,enter,b7680,sprint,,mobile
1545244762922,respond,q10329,sprint,d,mobile
1545244766566,submit,b7680,sprint,,mobile
1545244855038,enter,b4674,sprint,,mobile
1545244886758,respond,q6142,sprint,b,mobile
1545244901948,respond,q6142,sprint,a,mobile
1545244905717,submit,b4674,sprint,,mobile
1545244971042,enter,b2644,sprint,,mobile
1545245001368,respond,q4112,sprint,c,mobile
1545245013076,respond,q4112,sprint,d,mobile
1545245030046,submit,b2644,sprint,,mobile
1545245306920,enter,b2644,adaptive_offer,,mobile
1545245342110,respond,q4112,adaptive_offer,b,mobile
1545245344782,submit,b2644,adaptive_offer,,mobile
1545245386746,enter,b2636,adaptive_offer,,mobile
1545245406131,respond,q4104,adaptive_offer,a,mobile
1545245413124,submit,b2636,adaptive_offer,,mobile
1545245457077,enter,b2467,sprint,,mobile
1545245505283,respond,q3935,sprint,a,mobile
1545245515535,respond,q3935,sprint,c,mobile
1545245536319,respond,q3935,sprint,b,mobile
1545245539229,submit,b2467,sprint,,mobile
1545245617884,enter,b7071,sprint,,mobile
1545245646557,respond,q9720,sprint,d,mobile
1545245676714,respond,q9720,sprint,b,mobile
1545245679673,submit,b7071,sprint,,mobile
1545245779794,enter,b4998,sprint,,mobile
1545245806535,respond,q6466,sprint,a,mobile
1545245810260,submit,b4998,sprint,,mobile
1545245895502,enter,b5017,sprint,,mobile
1545245914626,respond,q6485,sprint,b,mobile
1545245924728,submit,b5017,sprint,,mobile
1545245950098,enter,b2921,sprint,,mobile
1545245988797,respond,q4389,sprint,b,mobile
1545246000534,submit,b2921,sprint,,mobile
1545246031974,enter,b7415,sprint,,mobile
1545246078026,respond,q10064,sprint,a,mobile
1545246081267,submit,b7415,sprint,,mobile
1545246120167,enter,b4787,sprint,,mobile
1545246150137,respond,q6255,sprint,b,mobile
1545246158105,respond,q6255,sprint,c,mobile
1545246183403,submit,b4787,sprint,,mobile
1545246286254,enter,b2458,sprint,,mobile
1545246303848,respond,q3926,sprint,a,mobile
1545246321082,submit,b2458,sprint,,mobile
1545246365791,enter,b3316,sprint,,mobile
1545246382019,respond,q4784,sprint,a,mobile
1545246393297,submit,b3316,sprint,,mobile
1545246444654,enter,b6924,sprint,,mobile
1545246478847,respond,q9573,sprint,c,mobile
1545246486989,respond,q9573,sprint,b,mobile
1545246490392,submit,b6924,sprint,,mobile
1545246512421,enter,b3030,sprint,,mobile
1545246563590,respond,q4498,sprint,c,mobile
1545246570546,respond,q4498,sprint,a,mobile
1545246574430,respond,q4498,sprint,c,mobile
1545246577624,submit,b3030,sprint,,mobile
1545246629651,enter,b4922,sprint,,mobile
1545246678787,respond,q6390,sprint,a,mobile
1545246684814,submit,b4922,sprint,,mobile
1545246771971,enter,b6949,sprint,,mobile
1545246820308,respond,q9598,sprint,c,mobile
1545246823170,submit,b6949,sprint,,mobile
1545246908070,enter,b7233,sprint,,mobile
1545246936453,respond,q9882,sprint,b,mobile
1545246939628,submit,b7233,sprint,,mobile
1545246989250,enter,b4855,sprint,,mobile
1545247033658,respond,q6323,sprint,d,mobile
1545247038933,submit,b4855,sprint,,mobile
1545247057267,enter,b3163,sprint,,mobile
1545247099461,respond,q4631,sprint,b,mobile
1545247102664,submit,b3163,sprint,,mobile
1545247188782,enter,b2525,sprint,,mobile
1545247248194,respond,q3993,sprint,d,mobile
1545247251678,submit,b2525,sprint,,mobile
1545247301024,enter,b7493,sprint,,mobile
1545247362578,respond,q10142,sprint,c,mobile
1545247369911,submit,b7493,sprint,,mobile
1545247444585,enter,b4256,sprint,,mobile
1545247486109,respond,q5724,sprint,c,mobile
1545247497473,submit,b4256,sprint,,mobile
1545247555547,enter,b2306,sprint,,mobile
1545247574744,respond,q3774,sprint,d,mobile
1545247577780,submit,b2306,sprint,,mobile
1545247626490,enter,b4214,sprint,,mobile
1545247666568,respond,q5682,sprint,c,mobile
1545247669640,submit,b4214,sprint,,mobile
1545247715062,enter,b6341,sprint,,mobile
1545247738149,respond,q8990,sprint,b,mobile
1545247756075,submit,b6341,sprint,,mobile
1545247799620,enter,b3062,sprint,,mobile
1545247831227,respond,q4530,sprint,b,mobile
1545247843112,submit,b3062,sprint,,mobile
1545248220433,enter,b3062,adaptive_offer,,mobile
1545248238908,respond,q4530,adaptive_offer,d,mobile
1545248242730,submit,b3062,adaptive_offer,,mobile
1545248271448,enter,b5057,adaptive_offer,,mobile
1545248298659,respond,q6525,adaptive_offer,c,mobile
1545248302069,submit,b5057,adaptive_offer,,mobile
1545248350504,enter,b4890,sprint,,mobile
1545248381907,respond,q6358,sprint,c,mobile
1545248393142,submit,b4890,sprint,,mobile
1545248412547,enter,b3818,sprint,,mobile
1545248425492,respond,q5286,sprint,b,mobile
1545248428461,submit,b3818,sprint,,mobile
1545248454058,enter,b6098,sprint,,mobile
1545248459403,respond,q8747,sprint,a,mobile
1545248469137,respond,q8747,sprint,c,mobile
1545248471321,respond,q8747,sprint,d,mobile
1545248480698,respond,q8747,sprint,b,mobile
1545248483140,submit,b6098,sprint,,mobile
1545248509663,enter,b4492,sprint,,mobile
1545248526584,respond,q5960,sprint,c,mobile
1545248537870,submit,b4492,sprint,,mobile
1545248562989,enter,b4302,sprint,,mobile
1545248620360,respond,q5770,sprint,b,mobile
1545248632978,submit,b4302,sprint,,mobile
1545248657263,enter,b2206,sprint,,mobile
1545248719335,respond,q3674,sprint,c,mobile
1545248722623,submit,b2206,sprint,,mobile
1545248758244,enter,b6352,sprint,,mobile
1545248782566,respond,q9001,sprint,a,mobile
1545248786726,submit,b6352,sprint,,mobile
1545248813227,enter,b2695,sprint,,mobile
1545248850864,respond,q4163,sprint,b,mobile
1545248856294,submit,b2695,sprint,,mobile
1545248920180,enter,b2872,sprint,,mobile
1545248953605,respond,q4340,sprint,b,mobile
1545248957405,respond,q4340,sprint,a,mobile
1545248961953,submit,b2872,sprint,,mobile
1545249038599,enter,b4182,sprint,,mobile
1545249065126,respond,q5650,sprint,d,mobile
1545249076867,respond,q5650,sprint,a,mobile
1545249079953,submit,b4182,sprint,,mobile
1545265927821,enter,b6700,sprint,,mobile
1545265954084,respond,q9349,sprint,a,mobile
1545265964885,respond,q9349,sprint,b,mobile
1545265978802,submit,b6700,sprint,,mobile
1545266030293,enter,b4265,sprint,,mobile
1545266085350,respond,q5733,sprint,c,mobile
1545266090338,submit,b4265,sprint,,mobile
1545266130740,enter,b2559,sprint,,mobile
1545266192670,respond,q4027,sprint,a,mobile
1545266195830,submit,b2559,sprint,,mobile
1545266319782,enter,b3072,sprint,,mobile
1545266341940,respond,q4540,sprint,c,mobile
1545266366347,submit,b3072,sprint,,mobile
1545266410461,enter,b5668,sprint,,mobile
1545266442383,respond,q8197,sprint,a,mobile
1545266460511,respond,q8197,sprint,b,mobile
1545266461846,respond,q8197,sprint,a,mobile
1545266466723,submit,b5668,sprint,,mobile
1545274466873,enter,b4210,sprint,,mobile
1545274479272,respond,q5678,sprint,c,mobile
1545274489421,submit,b4210,sprint,,mobile
1545274517395,enter,b4962,sprint,,mobile
1545274538423,respond,q6430,sprint,b,mobile
1545274553968,submit,b4962,sprint,,mobile
1545274603734,enter,b4752,sprint,,mobile
1545274613651,respond,q6220,sprint,a,mobile
1545274618680,submit,b4752,sprint,,mobile
1545274647870,enter,b6460,sprint,,mobile
1545274687244,respond,q9109,sprint,c,mobile
1545274698515,submit,b6460,sprint,,mobile
1545274724220,enter,b3948,sprint,,mobile
1545274776245,respond,q5416,sprint,a,mobile
1545274829706,submit,b3948,sprint,,mobile
1545275158597,enter,b3948,sprint,,mobile
1545275165011,respond,q5416,sprint,a,mobile
1545275167736,submit,b3948,sprint,,mobile
1545275195091,enter,b5749,sprint,,mobile
1545275224863,respond,q8398,sprint,b,mobile
1545275233106,respond,q8398,sprint,a,mobile
1545275243848,submit,b5749,sprint,,mobile
1545275260310,enter,b3774,sprint,,mobile
1545275277934,respond,q5242,sprint,d,mobile
1545275284184,submit,b3774,sprint,,mobile
1545275302331,enter,b6509,sprint,,mobile
1545275316840,respond,q9158,sprint,a,mobile
1545275320175,submit,b6509,sprint,,mobile
1545275335719,enter,b2573,sprint,,mobile
1545275348927,respond,q4041,sprint,a,mobile
1545275358609,submit,b2573,sprint,,mobile
1545275386628,enter,b6043,sprint,,mobile
1545275415097,respond,q8692,sprint,b,mobile
1545275428248,submit,b6043,sprint,,mobile
1545275484203,enter,b6013,sprint,,mobile
1545275495563,respond,q8662,sprint,d,mobile
1545275523016,respond,q8662,sprint,b,mobile
1545275528314,submit,b6013,sprint,,mobile
1545275578642,enter,b6096,sprint,,mobile
1545275606024,respond,q8745,sprint,c,mobile
1545275612096,respond,q8745,sprint,d,mobile
1545275614920,respond,q8745,sprint,a,mobile
1545275617495,respond,q8745,sprint,d,mobile
1545275626740,respond,q8745,sprint,b,mobile
1545275629584,submit,b6096,sprint,,mobile
1545275646419,enter,b4725,sprint,,mobile
1545275657595,respond,q6193,sprint,c,mobile
1545275691790,respond,q6193,sprint,d,mobile
1545275695226,submit,b4725,sprint,,mobile
1545276151737,enter,b4725,adaptive_offer,,mobile
1545276171517,respond,q6193,adaptive_offer,a,mobile
1545276194042,submit,b4725,adaptive_offer,,mobile
1545276242156,enter,b4210,adaptive_offer,,mobile
1545276275108,respond,q5678,adaptive_offer,d,mobile
1545276289158,submit,b4210,adaptive_offer,,mobile
1545276338651,enter,b2320,sprint,,mobile
1545276364221,respond,q3788,sprint,c,mobile
1545276368928,submit,b2320,sprint,,mobile
1545276547537,enter,b2320,adaptive_offer,,mobile
1545276562884,respond,q3788,adaptive_offer,d,mobile
1545276565992,submit,b2320,adaptive_offer,,mobile
1545276586189,enter,b2306,adaptive_offer,,mobile
1545276599367,respond,q3774,adaptive_offer,b,mobile
1545276603462,respond,q3774,adaptive_offer,a,mobile
1545276607600,submit,b2306,adaptive_offer,,mobile
1545276638101,enter,b4306,sprint,,mobile
1545276657178,respond,q5774,sprint,d,mobile
1545276674347,respond,q5774,sprint,c,mobile
1545276679718,respond,q5774,sprint,a,mobile
1545276692833,submit,b4306,sprint,,mobile
1545276743941,enter,b5995,sprint,,mobile
1545276768127,respond,q8644,sprint,a,mobile
1545276780525,submit,b5995,sprint,,mobile
1545276811160,enter,b3388,sprint,,mobile
1545276834697,respond,q4856,sprint,a,mobile
1545276845971,respond,q4856,sprint,d,mobile
1545276849961,submit,b3388,sprint,,mobile
1545276886651,enter,b3627,sprint,,mobile
1545276913170,respond,q5095,sprint,b,mobile
1545276924216,respond,q5095,sprint,d,mobile
1545276928102,respond,q5095,sprint,a,mobile
1545276929431,respond,q5095,sprint,c,mobile
1545276934957,submit,b3627,sprint,,mobile
1545276957448,enter,b4756,sprint,,mobile
1545277005394,respond,q6224,sprint,d,mobile
1545277013429,submit,b4756,sprint,,mobile
1545277060367,enter,b6299,sprint,,mobile
1545277091819,respond,q8948,sprint,b,mobile
1545277099337,submit,b6299,sprint,,mobile
1545277117546,enter,b4707,sprint,,mobile
1545277146055,respond,q6175,sprint,b,mobile
1545277151183,respond,q6175,sprint,d,mobile
1545277154022,submit,b4707,sprint,,mobile
1545277192663,enter,b3536,sprint,,mobile
1545277198932,respond,q5004,sprint,b,mobile
1545277201897,submit,b3536,sprint,,mobile
1545277227529,enter,b4107,sprint,,mobile
1545277247658,respond,q5575,sprint,c,mobile
1545277261037,submit,b4107,sprint,,mobile
1545277302066,enter,b6125,sprint,,mobile
1545277326886,respond,q8774,sprint,b,mobile
1545277344114,respond,q8774,sprint,a,mobile
1545277347275,submit,b6125,sprint,,mobile
1545277380721,enter,b3397,sprint,,mobile
1545277399078,respond,q4865,sprint,b,mobile
1545277403047,respond,q4865,sprint,d,mobile
1545277407062,submit,b3397,sprint,,mobile
1545277708107,enter,b3397,adaptive_offer,,mobile
1545277730457,respond,q4865,adaptive_offer,a,mobile
1545277733120,submit,b3397,adaptive_offer,,mobile
1545277773381,enter,b3388,adaptive_offer,,mobile
1545277793400,respond,q4856,adaptive_offer,a,mobile
1545277798848,submit,b3388,adaptive_offer,,mobile
1545277828755,enter,b3816,sprint,,mobile
1545277860463,respond,q5284,sprint,d,mobile
1545277873018,respond,q5284,sprint,a,mobile
1545277878419,submit,b3816,sprint,,mobile
1545277942443,enter,b4256,adaptive_offer,,mobile
1545277967049,respond,q5724,adaptive_offer,c,mobile
1545277971968,submit,b4256,adaptive_offer,,mobile
1545278022962,enter,b3816,adaptive_offer,,mobile
1545278024719,respond,q5284,adaptive_offer,c,mobile
1545278027004,submit,b3816,adaptive_offer,,mobile
1545278071520,enter,b4793,sprint,,mobile
1545278085689,respond,q6261,sprint,b,mobile
1545278099298,submit,b4793,sprint,,mobile
1545278244152,enter,b4302,adaptive_offer,,mobile
1545278261228,respond,q5770,adaptive_offer,c,mobile
1545278264784,submit,b4302,adaptive_offer,,mobile
1545278319591,enter,b4793,adaptive_offer,,mobile
1545278324989,respond,q6261,adaptive_offer,b,mobile
1545278327161,respond,q6261,adaptive_offer,a,mobile
1545278330449,submit,b4793,adaptive_offer,,mobile
1545278374392,enter,b5654,sprint,,mobile
1545278389638,respond,q8183,sprint,d,mobile
1545278397405,submit,b5654,sprint,,mobile
1545278422406,enter,b2253,sprint,,mobile
1545278457553,respond,q3721,sprint,a,mobile
1545278462554,submit,b2253,sprint,,mobile
1545278487956,enter,b2442,sprint,,mobile
1545278507264,respond,q3910,sprint,b,mobile
1545278512244,submit,b2442,sprint,,mobile
1545278544774,enter,b2345,sprint,,mobile
1545278577723,respond,q3813,sprint,b,mobile
1545278584818,respond,q3813,sprint,d,mobile
1545278597729,submit,b2345,sprint,,mobile
1545278615402,enter,b7517,sprint,,mobile
1545278622519,respond,q10166,sprint,d,mobile
1545278637351,submit,b7517,sprint,,mobile
1545278652532,enter,b2731,sprint,,mobile
1545278683327,respond,q4199,sprint,c,mobile
1545278691492,respond,q4199,sprint,a,mobile
1545278697965,respond,q4199,sprint,b,mobile
1545278700295,submit,b2731,sprint,,mobile
1545278730328,enter,b4293,sprint,,mobile
1545278737692,respond,q5761,sprint,a,mobile
1545278741073,submit,b4293,sprint,,mobile
1545278758723,enter,b2177,sprint,,mobile
1545278771384,respond,q3645,sprint,a,mobile
1545278775715,submit,b2177,sprint,,mobile
1545278786267,enter,b6132,sprint,,mobile
1545278810672,respond,q8781,sprint,a,mobile
1545278813479,submit,b6132,sprint,,mobile
1545278833412,enter,b4853,sprint,,mobile
1545278843968,respond,q6321,sprint,b,mobile
1545278848534,respond,q6321,sprint,d,mobile
1545278855742,respond,q6321,sprint,a,mobile
1545278860457,submit,b4853,sprint,,mobile
1545279168195,enter,b4855,adaptive_offer,,mobile
1545279180752,respond,q6323,adaptive_offer,d,mobile
1545279184868,submit,b4855,adaptive_offer,,mobile
1545279200726,enter,b4853,adaptive_offer,,mobile
1545279213553,respond,q6321,adaptive_offer,b,mobile
1545279218475,submit,b4853,adaptive_offer,,mobile
1545279246404,enter,b5001,sprint,,mobile
1545279259120,respond,q6469,sprint,a,mobile
1545279262074,submit,b5001,sprint,,mobile
1545279278040,enter,b3922,sprint,,mobile
1545279311222,respond,q5390,sprint,b,mobile
1545279315513,submit,b3922,sprint,,mobile
1545279328137,enter,b5851,sprint,,mobile
1545279338666,respond,q8500,sprint,c,mobile
1545279346989,submit,b5851,sprint,,mobile
1545279358570,enter,b4883,sprint,,mobile
1545279382835,respond,q6351,sprint,d,mobile
1545279387312,submit,b4883,sprint,,mobile
1545279773302,enter,b4883,adaptive_offer,,mobile
1545279784658,respond,q6351,adaptive_offer,c,mobile
1545279787384,submit,b4883,adaptive_offer,,mobile
1545279799076,enter,b4890,adaptive_offer,,mobile
1545279814593,respond,q6358,adaptive_offer,a,mobile
1545279818529,submit,b4890,adaptive_offer,,mobile
1545279835342,enter,b3359,sprint,,mobile
1545279860195,respond,q4827,sprint,d,mobile
1545279864777,submit,b3359,sprint,,mobile
1545279887601,enter,b3307,sprint,,mobile
1545279912949,respond,q4775,sprint,a,mobile
1545279923775,respond,q4775,sprint,b,mobile
1545279933713,submit,b3307,sprint,,mobile
1545279971946,enter,b6905,sprint,,mobile
1545279981268,respond,q9554,sprint,d,mobile
1545279984092,submit,b6905,sprint,,mobile
1545280018029,enter,b4724,sprint,,mobile
1545280039325,respond,q6192,sprint,c,mobile
1545280051909,submit,b4724,sprint,,mobile
1545280079128,enter,b4889,sprint,,mobile
1545280100387,respond,q6357,sprint,c,mobile
1545280102727,submit,b4889,sprint,,mobile
1545280126397,enter,b4301,sprint,,mobile
1545280143236,respond,q5769,sprint,a,mobile
1545280146009,submit,b4301,sprint,,mobile
1545280158102,enter,b6248,sprint,,mobile
1545280176955,respond,q8897,sprint,b,mobile
1545280180309,submit,b6248,sprint,,mobile
1545280192008,enter,b2829,sprint,,mobile
1545280211897,respond,q4297,sprint,d,mobile
1545280215539,submit,b2829,sprint,,mobile
1545280511549,enter,b2829,adaptive_offer,,mobile
1545280521787,respond,q4297,adaptive_offer,c,mobile
1545280524574,submit,b2829,adaptive_offer,,mobile
1545280552260,enter,b4606,adaptive_offer,,mobile
1545280570877,respond,q6074,adaptive_offer,a,mobile
1545280579015,submit,b4606,adaptive_offer,,mobile
1545280618213,enter,b4721,sprint,,mobile
1545280627701,respond,q6189,sprint,c,mobile
1545280630596,submit,b4721,sprint,,mobile
1545280667500,enter,b4972,sprint,,mobile
1545280705084,respond,q6440,sprint,a,mobile
1545280707697,submit,b4972,sprint,,mobile
1545280718866,enter,b6069,sprint,,mobile
1545280742169,respond,q8718,sprint,b,mobile
1545280745309,submit,b6069,sprint,,mobile
1545280780023,enter,b3088,sprint,,mobile
1545280806346,respond,q4556,sprint,c,mobile
1545280808906,submit,b3088,sprint,,mobile
1545280837260,enter,b4273,sprint,,mobile
1545280852006,respond,q5741,sprint,d,mobile
1545280855239,submit,b4273,sprint,,mobile
1545280874123,enter,b5082,sprint,,mobile
1545280894605,respond,q6550,sprint,b,mobile
1545280904090,submit,b5082,sprint,,mobile
1545281072179,enter,b7462,sprint,,mobile
1545281084099,respond,q10111,sprint,c,mobile
1545281091034,submit,b7462,sprint,,mobile
1545281101198,enter,b5051,sprint,,mobile
1545281109264,respond,q6519,sprint,a,mobile
1545281111657,submit,b5051,sprint,,mobile
1545281181761,enter,b5581,sprint,,mobile
1545281203623,respond,q8110,sprint,a,mobile
1545281207021,submit,b5581,sprint,,mobile
1545281222965,enter,b114,sprint,,mobile
1545281246121,respond,q114,sprint,c,mobile
1545281249234,submit,b114,sprint,,mobile
1545281261901,enter,b71,sprint,,mobile
1545281277916,respond,q71,sprint,b,mobile
1545281284680,submit,b71,sprint,,mobile
1545281298985,enter,b8195,sprint,,mobile
1545281326375,respond,q11142,sprint,d,mobile
1545281330069,submit,b8195,sprint,,mobile
1545281344689,enter,b5602,sprint,,mobile
1545281376279,respond,q8131,sprint,c,mobile
1545281379042,submit,b5602,sprint,,mobile
1545281404799,enter,b5626,sprint,,mobile
1545281428196,respond,q8155,sprint,d,mobile
1545281431053,submit,b5626,sprint,,mobile
1545281444705,enter,b5554,sprint,,mobile
1545281468629,respond,q8083,sprint,c,mobile
1545281472200,submit,b5554,sprint,,mobile
1545281489166,enter,b8230,sprint,,mobile
1545281512085,respond,q11177,sprint,b,mobile
1545281514397,submit,b8230,sprint,,mobile
1545281556310,enter,b162,sprint,,mobile
1545281582201,respond,q162,sprint,a,mobile
1545281585217,submit,b162,sprint,,mobile
1545281601780,enter,b62,sprint,,mobile
1545281633089,respond,q62,sprint,b,mobile
1545281640787,respond,q62,sprint,c,mobile
1545281643248,submit,b62,sprint,,mobile
1545281663229,enter,b131,sprint,,mobile
1545281688955,respond,q131,sprint,c,mobile
1545281690695,respond,q131,sprint,d,mobile
1545281693706,submit,b131,sprint,,mobile
1545281740816,enter,b131,adaptive_offer,,mobile
1545281746972,respond,q131,adaptive_offer,c,mobile
1545281749217,submit,b131,adaptive_offer,,mobile
1545281767392,enter,b8126,sprint,,mobile
1545281790220,respond,q11073,sprint,d,mobile
1545281794739,respond,q11073,sprint,b,mobile
1545281797326,submit,b8126,sprint,,mobile
1545281815559,enter,b5617,sprint,,mobile
1545281831457,respond,q8146,sprint,b,mobile
1545281840886,submit,b5617,sprint,,mobile
1545281847307,enter,b80,sprint,,mobile
1545281869037,respond,q80,sprint,d,mobile
1545281872400,submit,b80,sprint,,mobile
1545281894264,enter,b66,sprint,,mobile
1545281924099,respond,q66,sprint,d,mobile
1545281927894,submit,b66,sprint,,mobile
1545281941007,enter,b8070,sprint,,mobile
1545281957114,respond,q11017,sprint,b,mobile
1545281965565,submit,b8070,sprint,,mobile
1545281975509,enter,b5631,sprint,,mobile
1545281996908,respond,q8160,sprint,c,mobile
1545282002353,submit,b5631,sprint,,mobile
1545282011315,enter,b85,sprint,,mobile
1545282035111,respond,q85,sprint,a,mobile
1545282037417,submit,b85,sprint,,mobile
1545282061018,enter,b84,sprint,,mobile
1545282086103,respond,q84,sprint,b,mobile
1545282088488,submit,b84,sprint,,mobile
1545282106877,enter,b8200,sprint,,mobile
1545282130125,respond,q11147,sprint,b,mobile
1545282132698,submit,b8200,sprint,,mobile
1545282156811,enter,b188,sprint,,mobile
1545282177707,respond,q188,sprint,c,mobile
1545282181583,submit,b188,sprint,,mobile
1545282205796,enter,b164,sprint,,mobile
1545282224198,respond,q164,sprint,c,mobile
1545282230593,submit,b164,sprint,,mobile
1545282248099,enter,b185,sprint,,mobile
1545282271844,respond,q185,sprint,a,mobile
1545282274614,submit,b185,sprint,,mobile
1545282291481,enter,b8150,sprint,,mobile
1545282306386,respond,q11097,sprint,b,mobile
1545282315671,submit,b8150,sprint,,mobile
1545282337425,enter,b5585,sprint,,mobile
1545282347642,respond,q8114,sprint,a,mobile
1545282360395,submit,b5585,sprint,,mobile
1545282376363,enter,b5624,sprint,,mobile
1545282392049,respond,q8153,sprint,c,mobile
1545282406451,submit,b5624,sprint,,mobile
1545282421099,enter,b5592,sprint,,mobile
1545282437948,respond,q8121,sprint,a,mobile
1545282444316,respond,q8121,sprint,d,mobile
1545282446520,submit,b5592,sprint,,mobile
1545282457754,enter,b8218,sprint,,mobile
1545282474692,respond,q11165,sprint,c,mobile
1545282480945,submit,b8218,sprint,,mobile
1545282489301,enter,b5547,sprint,,mobile
1545282505548,respond,q8076,sprint,b,mobile
1545282513000,respond,q8076,sprint,d,mobile
1545282518979,submit,b5547,sprint,,mobile
1545282530044,enter,b5596,sprint,,mobile
1545282555168,respond,q8125,sprint,a,mobile
1545282557652,submit,b5596,sprint,,mobile
1545282657209,enter,b5596,adaptive_offer,,mobile
1545282677179,respond,q8125,adaptive_offer,c,mobile
1545282682906,submit,b5596,adaptive_offer,,mobile
1545282720508,enter,b5602,adaptive_offer,,mobile
1545282745383,respond,q8131,adaptive_offer,d,mobile
1545282748636,submit,b5602,adaptive_offer,,mobile
1545282792655,enter,b169,sprint,,mobile
1545282809830,respond,q169,sprint,c,mobile
1545282814507,submit,b169,sprint,,mobile
1545282827930,enter,b8114,sprint,,mobile
1545282845085,respond,q11061,sprint,b,mobile
1545282853778,submit,b8114,sprint,,mobile
1545282875422,enter,b5560,sprint,,mobile
1545282887373,respond,q8089,sprint,a,mobile
1545282901056,respond,q8089,sprint,c,mobile
1545282903930,submit,b5560,sprint,,mobile
1545282928099,enter,b47,sprint,,mobile
1545282952595,respond,q47,sprint,d,mobile
1545282954862,submit,b47,sprint,,mobile
1545282969189,enter,b196,sprint,,mobile
1545282985421,respond,q196,sprint,b,mobile
1545282996304,submit,b196,sprint,,mobile
1545283015071,enter,b8225,sprint,,mobile
1545283028865,respond,q11172,sprint,b,mobile
1545283039440,submit,b8225,sprint,,mobile
1545283049950,enter,b5555,sprint,,mobile
1545283064942,respond,q8084,sprint,b,mobile
1545283076071,respond,q8084,sprint,c,mobile
1545283078794,submit,b5555,sprint,,mobile
1545283092918,enter,b5532,sprint,,mobile
1545283109923,respond,q8061,sprint,b,mobile
1545283116335,respond,q8061,sprint,d,mobile
1545283119537,submit,b5532,sprint,,mobile
1545283168714,enter,b5532,adaptive_offer,,mobile
1545283172279,respond,q8061,adaptive_offer,b,mobile
1545283174512,submit,b5532,adaptive_offer,,mobile
1545283194338,enter,b159,sprint,,mobile
1545283207239,respond,q159,sprint,a,mobile
1545283218705,submit,b159,sprint,,mobile
1545283286974,enter,b8005,sprint,,mobile
1545283302876,respond,q10952,sprint,b,mobile
1545283313059,submit,b8005,sprint,,mobile
1545283334386,enter,b179,sprint,,mobile
1545283350615,respond,q179,sprint,c,mobile
1545283356480,submit,b179,sprint,,mobile
1545283360358,enter,b136,sprint,,mobile
1545283378966,respond,q136,sprint,c,mobile
1545283384745,submit,b136,sprint,,mobile
1545283400356,enter,b5534,sprint,,mobile
1545283414975,respond,q8063,sprint,b,mobile
1545283423835,submit,b5534,sprint,,mobile
1545283452502,enter,b8206,sprint,,mobile
1545283476932,respond,q11153,sprint,d,mobile
1545283479376,submit,b8206,sprint,,mobile
1545283492621,enter,b189,sprint,,mobile
1545283506968,respond,q189,sprint,b,mobile
1545283513891,respond,q189,sprint,c,mobile
1545283517857,submit,b189,sprint,,mobile
1545283533519,enter,b5636,sprint,,mobile
1545283553133,respond,q8165,sprint,c,mobile
1545283563747,respond,q8165,sprint,d,mobile
1545283566920,submit,b5636,sprint,,mobile
1545283599785,enter,b5584,sprint,,mobile
1545283622737,respond,q8113,sprint,c,mobile
1545283624512,respond,q8113,sprint,a,mobile
1545283626789,submit,b5584,sprint,,mobile
1545283649438,enter,b8020,sprint,,mobile
1545283659985,respond,q10967,sprint,b,mobile
1545283675235,respond,q10967,sprint,d,mobile
1545283679568,submit,b8020,sprint,,mobile
1545283691866,enter,b5521,sprint,,mobile
1545283707769,respond,q8050,sprint,c,mobile
1545283713268,submit,b5521,sprint,,mobile
1545283724061,enter,b157,sprint,,mobile
1545283735910,respond,q157,sprint,a,mobile
1545283748264,submit,b157,sprint,,mobile
1545283807199,enter,b8206,review_quiz,,mobile
1545283822356,respond,q11153,review_quiz,d,mobile
1545283828056,submit,b8206,review_quiz,,mobile
1545283832811,enter,b5654,review_quiz,,mobile
1545283843745,respond,q8183,review_quiz,c,mobile
1545283847805,submit,b5654,review_quiz,,mobile
1545283851739,enter,b4293,review_quiz,,mobile
1545283862009,respond,q5761,review_quiz,a,mobile
1545283865773,submit,b4293,review_quiz,,mobile
1545283872022,enter,b4787,review_quiz,,mobile
1545283879734,respond,q6255,review_quiz,c,mobile
1545283882799,submit,b4787,review_quiz,,mobile
1545283890118,enter,b6098,review_quiz,,mobile
1545283904782,respond,q8747,review_quiz,c,mobile
1545283907774,respond,q8747,review_quiz,b,mobile
1545283911010,submit,b6098,review_quiz,,mobile
1545283917996,enter,b5581,review_quiz,,mobile
1545283927077,respond,q8110,review_quiz,a,mobile
1545283938731,submit,b5581,review_quiz,,mobile
1545283944630,enter,b4199,review_quiz,,mobile
1545283948260,respond,q5667,review_quiz,b,mobile
1545283962784,submit,b4199,review_quiz,,mobile
1545361189625,enter,b3265,sprint,,mobile
1545361214176,respond,q4733,sprint,a,mobile
1545361216892,submit,b3265,sprint,,mobile
1545361397455,enter,b2990,sprint,,mobile
1545361414008,respond,q4458,sprint,b,mobile
1545361431852,respond,q4458,sprint,d,mobile
1545361446150,submit,b2990,sprint,,mobile
1545364715952,enter,b4861,sprint,,mobile
1545364734852,respond,q6329,sprint,b,mobile
1545364736766,respond,q6329,sprint,a,mobile
1545364746814,submit,b4861,sprint,,mobile
1545364778055,enter,b6047,sprint,,mobile
1545364790676,respond,q8696,sprint,a,mobile
1545364804101,respond,q8696,sprint,b,mobile
1545364808690,submit,b6047,sprint,,mobile
1545364825246,enter,b2217,sprint,,mobile
1545364839899,respond,q3685,sprint,a,mobile
1545364862222,submit,b2217,sprint,,mobile
1545364881373,enter,b3006,sprint,,mobile
1545364900891,respond,q4474,sprint,b,mobile
1545364916785,submit,b3006,sprint,,mobile
1545364960990,enter,b2419,sprint,,mobile
1545364978246,respond,q3887,sprint,a,mobile
1545365002747,submit,b2419,sprint,,mobile
1545365020608,enter,b7271,sprint,,mobile
1545365037547,respond,q9920,sprint,b,mobile
1545365048299,submit,b7271,sprint,,mobile
1545365071525,enter,b4716,sprint,,mobile
1545365079934,respond,q6184,sprint,b,mobile
1545365091277,respond,q6184,sprint,c,mobile
1545365100084,submit,b4716,sprint,,mobile
1545365273271,enter,b5082,adaptive_offer,,mobile
1545365297378,respond,q6550,adaptive_offer,a,mobile
1545365300815,submit,b5082,adaptive_offer,,mobile
1545365305205,enter,b4182,adaptive_offer,,mobile
1545365308691,respond,q5650,adaptive_offer,d,mobile
1545365311343,submit,b4182,adaptive_offer,,mobile
1545365324783,enter,b6972,sprint,,mobile
1545365366936,respond,q9621,sprint,b,mobile
1545365370796,submit,b6972,sprint,,mobile
1545365409745,enter,b4304,sprint,,mobile
1545365426262,respond,q5772,sprint,d,mobile
1545365429009,submit,b4304,sprint,,mobile
1545365525428,enter,b7681,sprint,,mobile
1545365539938,respond,q10330,sprint,c,mobile
1545365543170,submit,b7681,sprint,,mobile
1545366188670,enter,b4208,sprint,,mobile
1545366206731,respond,q5676,sprint,b,mobile
1545366209014,respond,q5676,sprint,c,mobile
1545366211864,submit,b4208,sprint,,mobile
1545366227008,enter,b3365,sprint,,mobile
1545366241117,respond,q4833,sprint,d,mobile
1545366244672,respond,q4833,sprint,c,mobile
1545366257634,respond,q4833,sprint,d,mobile
1545366260822,submit,b3365,sprint,,mobile
1545366285327,enter,b5139,sprint,,mobile
1545366305778,respond,q6733,sprint,d,mobile
1545366326448,submit,b5139,sprint,,mobile
1545366460790,enter,b7579,sprint,,mobile
1545366468005,respond,q10228,sprint,d,mobile
1545366470378,submit,b7579,sprint,,mobile
1545366511725,enter,b5155,sprint,,mobile
1545366563042,respond,q6749,sprint,d,mobile
1545366571346,submit,b5155,sprint,,mobile
1545366637116,enter,b4297,sprint,,mobile
1545366665806,respond,q5765,sprint,b,mobile
1545366687715,submit,b4297,sprint,,mobile
1545366708707,enter,b3937,sprint,,mobile
1545366768956,respond,q5405,sprint,b,mobile
1545366778544,submit,b3937,sprint,,mobile
1545367002784,enter,b4721,adaptive_offer,,mobile
1545367011802,respond,q6189,adaptive_offer,a,mobile
1545367015420,submit,b4721,adaptive_offer,,mobile
1545367107661,enter,b3937,adaptive_offer,,mobile
1545367131036,respond,q5405,adaptive_offer,a,mobile
1545367137805,submit,b3937,adaptive_offer,,mobile
1545367224515,enter,b6764,sprint,,mobile
1545367241946,respond,q9413,sprint,b,mobile
1545367290297,submit,b6764,sprint,,mobile
1545367367379,enter,b1015,sprint,,mobile
1545367386734,respond,q1015,sprint,a,mobile
1545367389281,submit,b1015,sprint,,mobile
1545367422082,enter,b470,sprint,,mobile
1545367440451,respond,q470,sprint,b,mobile
1545367449749,submit,b470,sprint,,mobile
1545367488073,enter,b309,sprint,,mobile
1545367506395,respond,q309,sprint,b,mobile
1545367508805,submit,b309,sprint,,mobile
1545367543152,enter,b8302,sprint,,mobile
1545367565108,respond,q11249,sprint,b,mobile
1545367567331,submit,b8302,sprint,,mobile
1545367592066,enter,b205,sprint,,mobile
1545367609945,respond,q205,sprint,a,mobile
1545367612198,submit,b205,sprint,,mobile
1545367648489,enter,b412,sprint,,mobile
1545367668449,respond,q412,sprint,a,mobile
1545367671141,submit,b412,sprint,,mobile
1545367700786,enter,b1369,sprint,,mobile
1545367723181,respond,q1369,sprint,c,mobile
1545367727295,submit,b1369,sprint,,mobile
1545367761076,enter,b295,sprint,,mobile
1545367776507,respond,q295,sprint,c,mobile
1545367778964,submit,b295,sprint,,mobile
1545367807188,enter,b913,sprint,,mobile
1545367822152,respond,q913,sprint,a,mobile
1545367824476,submit,b913,sprint,,mobile
1545367848773,enter,b802,sprint,,mobile
1545367874081,respond,q802,sprint,b,mobile
1545367881723,submit,b802,sprint,,mobile
1545453653680,enter,b4192,sprint,,mobile
1545453667136,respond,q5660,sprint,b,mobile
1545453669990,submit,b4192,sprint,,mobile
1545453686921,enter,b5787,sprint,,mobile
1545453701221,respond,q8436,sprint,b,mobile
1545453706542,submit,b5787,sprint,,mobile
1545453718545,enter,b3933,sprint,,mobile
1545453742128,respond,q5401,sprint,c,mobile
1545453751856,submit,b3933,sprint,,mobile
1545453793792,enter,b6057,sprint,,mobile
1545453842835,respond,q8706,sprint,c,mobile
1545453843609,respond,q8706,sprint,d,mobile
1545453879192,submit,b6057,sprint,,mobile
1545454088535,enter,b6057,sprint,,mobile
1545454091126,respond,q8706,sprint,d,mobile
1545454093874,submit,b6057,sprint,,mobile
1545454143767,enter,b3596,sprint,,mobile
1545454227264,respond,q5064,sprint,b,mobile
1545454233823,submit,b3596,sprint,,mobile
1545454311719,enter,b3596,sprint,,mobile
1545454314260,respond,q5064,sprint,b,mobile
1545454316812,submit,b3596,sprint,,mobile
1545454348267,enter,b2663,sprint,,mobile
1545454364893,respond,q4131,sprint,c,mobile
1545454368865,submit,b2663,sprint,,mobile
1545454389157,enter,b3841,sprint,,mobile
1545454419504,respond,q5309,sprint,d,mobile
1545454422034,submit,b3841,sprint,,mobile
1545454447857,enter,b6500,sprint,,mobile
1545454478240,respond,q9149,sprint,a,mobile
1545454480738,submit,b6500,sprint,,mobile
1545454519582,enter,b3927,sprint,,mobile
1545454534005,respond,q5395,sprint,d,mobile
1545454537890,respond,q5395,sprint,c,mobile
1545454543025,submit,b3927,sprint,,mobile
1545454576896,enter,b2327,sprint,,mobile
1545454616903,respond,q3795,sprint,a,mobile
1545454619842,submit,b2327,sprint,,mobile
1545454678773,enter,b1320,sprint,,mobile
1545454682337,submit,b1320,sprint,,mobile
1545720698716,enter,b5124,sprint,,mobile
1545720764286,respond,q6712,sprint,d,mobile
1545720769390,submit,b5124,sprint,,mobile
1545720826246,enter,b5219,sprint,,mobile
1545720972919,respond,q6972,sprint,b,mobile
1545720980512,submit,b5219,sprint,,mobile
1545721318746,enter,b5219,adaptive_offer,,mobile
1545721411303,respond,q6972,adaptive_offer,a,mobile
1545721433230,respond,q6972,adaptive_offer,d,mobile
1545721437000,submit,b5219,adaptive_offer,,mobile
1545721518079,enter,b5087,sprint,,mobile
1545721614078,respond,q6564,sprint,b,mobile
1545721638594,submit,b5087,sprint,,mobile
1545721654877,enter,b5100,sprint,,mobile
1545721788474,respond,q6616,sprint,b,mobile
1545721792052,submit,b5100,sprint,,mobile
1545721833881,enter,b5213,sprint,,mobile
1545721953408,respond,q6948,sprint,d,mobile
1545721989285,respond,q6948,sprint,c,mobile
1545722002354,respond,q6948,sprint,d,mobile
1545722009351,submit,b5213,sprint,,mobile
1545722481504,enter,b5087,adaptive_offer,,mobile
1545722539214,respond,q6564,adaptive_offer,d,mobile
1545722545518,submit,b5087,adaptive_offer,,mobile
1545722557033,enter,b5184,sprint,,mobile
1545722733244,respond,q6832,sprint,b,mobile
1545722748264,respond,q6832,sprint,c,mobile
1545722758185,submit,b5184,sprint,,mobile
1545722817006,enter,b5205,sprint,,mobile
1545722988303,respond,q6916,sprint,d,mobile
1545722995460,submit,b5205,sprint,,mobile
1545725599596,enter,b5213,adaptive_offer,,mobile
1545725674109,respond,q6948,adaptive_offer,b,mobile
1545725677677,submit,b5213,adaptive_offer,,mobile
1545725772103,enter,b5216,sprint,,mobile
1545725895516,respond,q6960,sprint,d,mobile
1545725899773,submit,b5216,sprint,,mobile
1545888793519,enter,b1320,sprint,,mobile
1545888809709,respond,q1320,sprint,c,mobile
1545888812489,submit,b1320,sprint,,mobile
1545974481958,enter,b5138,sprint,,mobile
1545974486531,respond,q6732,sprint,b,mobile
1545974494288,submit,b5138,sprint,,mobile
1545974908383,enter,b4890,adaptive_offer,,mobile
1545974923947,respond,q6358,adaptive_offer,c,mobile
1545974935546,respond,q6358,adaptive_offer,a,mobile
1545974937737,submit,b4890,adaptive_offer,,mobile
1545975308313,enter,b5138,adaptive_offer,,mobile
1545975321114,respond,q6732,adaptive_offer,a,mobile
1545975331371,submit,b5138,adaptive_offer,,mobile
1545975408913,enter,b7214,sprint,,mobile
1545975426201,respond,q9863,sprint,d,mobile
1545975433636,respond,q9863,sprint,a,mobile
1545975438469,submit,b7214,sprint,,mobile
1545975516910,enter,b3855,sprint,,mobile
1545975548330,respond,q5323,sprint,c,mobile
1545975549180,respond,q5323,sprint,b,mobile
1545975553847,submit,b3855,sprint,,mobile
1545975636905,enter,b4865,sprint,,mobile
1545975645472,respond,q6333,sprint,b,mobile
1545975673872,submit,b4865,sprint,,mobile
1545975738829,enter,b4378,sprint,,mobile
1545975756753,respond,q5846,sprint,b,mobile
1545975789844,respond,q5846,sprint,d,mobile
1545975791636,respond,q5846,sprint,c,mobile
1545975792579,respond,q5846,sprint,d,mobile
1545975796111,submit,b4378,sprint,,mobile
1545976053364,enter,b4378,adaptive_offer,,mobile
1545976060663,respond,q5846,adaptive_offer,b,mobile
1545976073478,submit,b4378,adaptive_offer,,mobile
1545976096636,enter,b4889,adaptive_offer,,mobile
1545976109701,respond,q6357,adaptive_offer,c,mobile
1545976118866,submit,b4889,adaptive_offer,,mobile
1545976185684,enter,b7412,sprint,,mobile
1545976204362,respond,q10061,sprint,c,mobile
1545976218593,submit,b7412,sprint,,mobile
1545976276715,enter,b3285,sprint,,mobile
1545976290868,respond,q4753,sprint,b,mobile
1545976309679,respond,q4753,sprint,c,mobile
1545976312880,submit,b3285,sprint,,mobile
1545976336891,enter,b5012,sprint,,mobile
1545976353987,respond,q6480,sprint,c,mobile
1545976357406,submit,b5012,sprint,,mobile
1545976365921,enter,b3128,sprint,,mobile
1545976402233,respond,q4596,sprint,d,mobile
1545976423650,respond,q4596,sprint,c,mobile
1545976431096,submit,b3128,sprint,,mobile
1545976480816,enter,b7037,sprint,,mobile
1545976501531,respond,q9686,sprint,c,mobile
1545976512815,submit,b7037,sprint,,mobile
1546258439396,enter,b3592,sprint,,mobile
1546258447964,respond,q5060,sprint,b,mobile
1546258464827,respond,q5060,sprint,d,mobile
1546258467419,submit,b3592,sprint,,mobile
1546258502189,enter,b3682,sprint,,mobile
1546258522273,respond,q5150,sprint,d,mobile
1546258529561,respond,q5150,sprint,b,mobile
1546258536236,respond,q5150,sprint,c,mobile
1546258539150,submit,b3682,sprint,,mobile
1546258561440,enter,b3765,sprint,,mobile
1546258585564,respond,q5233,sprint,a,mobile
1546258592424,submit,b3765,sprint,,mobile
1546258627783,enter,b6483,sprint,,mobile
1546258646355,respond,q9132,sprint,d,mobile
1546258692474,respond,q9132,sprint,a,mobile
1546258695112,submit,b6483,sprint,,mobile
1546258773487,enter,b4671,sprint,,mobile
1546258786179,respond,q6139,sprint,c,mobile
1546258804189,respond,q6139,sprint,b,mobile
1546258811354,submit,b4671,sprint,,mobile
1546258931264,enter,b3133,sprint,,mobile
1546258956490,respond,q4601,sprint,c,mobile
1546258961889,submit,b3133,sprint,,mobile
1546259020887,enter,b4381,sprint,,mobile
1546259039169,respond,q5849,sprint,b,mobile
1546259064984,submit,b4381,sprint,,mobile
1546259166891,enter,b5997,sprint,,mobile
1546259192603,respond,q8646,sprint,d,mobile
1546259215657,submit,b5997,sprint,,mobile
1546259309671,enter,b3812,sprint,,mobile
1546259327151,respond,q5280,sprint,a,mobile
1546259339876,respond,q5280,sprint,c,mobile
1546259348131,respond,q5280,sprint,b,mobile
1546259349031,respond,q5280,sprint,c,mobile
1546259352395,submit,b3812,sprint,,mobile
1546259371843,enter,b3578,sprint,,mobile
1546259397061,respond,q5046,sprint,b,mobile
1546259426606,submit,b3578,sprint,,mobile
1546511306412,enter,b2216,sprint,,mobile
1546511314602,respond,q3684,sprint,c,mobile
1546511332830,respond,q3684,sprint,a,mobile
1546511341704,submit,b2216,sprint,,mobile
1546511508800,enter,b6043,adaptive_offer,,mobile
1546511510964,respond,q8692,adaptive_offer,a,mobile
1546511517792,submit,b6043,adaptive_offer,,mobile
1546511542345,enter,b2216,adaptive_offer,,mobile
1546511547916,respond,q3684,adaptive_offer,d,mobile
1546511552033,submit,b2216,adaptive_offer,,mobile
1546511594089,enter,b7657,sprint,,mobile
1546511608134,respond,q10306,sprint,c,mobile
1546511621028,submit,b7657,sprint,,mobile
1546511642676,enter,b3261,sprint,,mobile
1546511652779,respond,q4729,sprint,c,mobile
1546511659308,respond,q4729,sprint,b,mobile
1546511662821,submit,b3261,sprint,,mobile
1546511847305,enter,b4297,adaptive_offer,,mobile
1546511873763,respond,q5765,adaptive_offer,c,mobile
1546511876061,submit,b4297,adaptive_offer,,mobile
1546511901758,enter,b3261,adaptive_offer,,mobile
1546511913929,respond,q4729,adaptive_offer,a,mobile
1546511915874,respond,q4729,adaptive_offer,c,mobile
1546511918131,submit,b3261,adaptive_offer,,mobile
1546511941627,enter,b3853,sprint,,mobile
1546511956992,respond,q5321,sprint,b,mobile
1546511966235,submit,b3853,sprint,,mobile
1546512011058,enter,b5806,sprint,,mobile
1546512022724,respond,q8455,sprint,b,mobile
1546512045548,respond,q8455,sprint,d,mobile
1546512048159,submit,b5806,sprint,,mobile
1546512073600,enter,b6110,sprint,,mobile
1546512084599,respond,q8759,sprint,b,mobile
1546512098106,submit,b6110,sprint,,mobile
1546512119719,enter,b3068,sprint,,mobile
1546512137612,respond,q4536,sprint,a,mobile
1546512159082,submit,b3068,sprint,,mobile
1546512190504,enter,b3008,sprint,,mobile
1546512202021,respond,q4476,sprint,c,mobile
1546512217126,submit,b3008,sprint,,mobile
1546512235998,enter,b3611,sprint,,mobile
1546512256876,respond,q5079,sprint,b,mobile
1546512269962,submit,b3611,sprint,,mobile
1546512299833,enter,b6873,sprint,,mobile
1546512317377,respond,q9522,sprint,d,mobile
1546512336552,submit,b6873,sprint,,mobile
1546664803035,enter,b3845,sprint,,mobile
1546664809107,respond,q5313,sprint,c,mobile
1546664812381,submit,b3845,sprint,,mobile
1546664819088,enter,b2934,sprint,,mobile
1546664830068,respond,q4402,sprint,c,mobile
1546664834554,respond,q4402,sprint,a,mobile
1546664837650,submit,b2934,sprint,,mobile
1546664862693,enter,b4718,sprint,,mobile
1546664873892,respond,q6186,sprint,c,mobile
1546664885913,respond,q6186,sprint,b,mobile
1546664889446,submit,b4718,sprint,,mobile
1546665254663,enter,b3774,adaptive_offer,,mobile
1546665263559,respond,q5242,adaptive_offer,a,mobile
1546665266665,submit,b3774,adaptive_offer,,mobile
1546665276146,enter,b4718,adaptive_offer,,mobile
1546665293600,respond,q6186,adaptive_offer,d,mobile
1546665296310,submit,b4718,adaptive_offer,,mobile
1546665388262,enter,b7101,sprint,,mobile
1546665394523,respond,q9750,sprint,b,mobile
1546665427052,respond,q9750,sprint,a,mobile
1546665429564,submit,b7101,sprint,,mobile
1546665504309,enter,b3819,sprint,,mobile
1546665528825,respond,q5287,sprint,d,mobile
1546665531164,respond,q5287,sprint,a,mobile
1546665534037,submit,b3819,sprint,,mobile
1546666028185,enter,b2441,sprint,,mobile
1546666039484,respond,q3909,sprint,c,mobile
1546666054098,respond,q3909,sprint,d,mobile
1546666063201,respond,q3909,sprint,b,mobile
1546666066508,submit,b2441,sprint,,mobile
1546666084593,enter,b3575,sprint,,mobile
1546666090451,respond,q5043,sprint,c,mobile
1546666103970,respond,q5043,sprint,b,mobile
1546666114988,respond,q5043,sprint,a,mobile
1546666127555,respond,q5043,sprint,c,mobile
1546666128177,respond,q5043,sprint,d,mobile
1546666130753,respond,q5043,sprint,c,mobile
1546666134392,submit,b3575,sprint,,mobile
1546666166742,enter,b5884,sprint,,mobile
1546666173772,respond,q8533,sprint,b,mobile
1546666176959,submit,b5884,sprint,,mobile
1546666189504,enter,b3297,sprint,,mobile
1546666193337,respond,q4765,sprint,d,mobile
1546666216413,submit,b3297,sprint,,mobile
1546666236877,enter,b3409,sprint,,mobile
1546666254237,respond,q4877,sprint,b,mobile
1546666256546,respond,q4877,sprint,c,mobile
1546666262557,respond,q4877,sprint,b,mobile
1546666265077,submit,b3409,sprint,,mobile
1546705094664,enter,b2360,sprint,,mobile
1546705105396,respond,q3828,sprint,b,mobile
1546705107963,submit,b2360,sprint,,mobile
1546705116006,enter,b6733,sprint,,mobile
1546705128917,respond,q9382,sprint,d,mobile
1546705139166,respond,q9382,sprint,b,mobile
1546705147695,respond,q9382,sprint,d,mobile
1546705164402,respond,q9382,sprint,b,mobile
1546705167442,submit,b6733,sprint,,mobile
1546705244050,enter,b3037,sprint,,mobile
1546705251478,respond,q4505,sprint,b,mobile
1546705253328,respond,q4505,sprint,d,mobile
1546705256184,submit,b3037,sprint,,mobile
1546705305619,enter,b3280,sprint,,mobile
1546705313741,respond,q4748,sprint,b,mobile
1546705332416,respond,q4748,sprint,a,mobile
1546705336247,submit,b3280,sprint,,mobile
1546705378167,enter,b4719,sprint,,mobile
1546705397858,respond,q6187,sprint,d,mobile
1546705403877,respond,q6187,sprint,b,mobile
1546705405756,respond,q6187,sprint,a,mobile
1546705419106,submit,b4719,sprint,,mobile
1546705478002,enter,b6377,sprint,,mobile
1546705486634,respond,q9026,sprint,a,mobile
1546705501966,submit,b6377,sprint,,mobile
1546705574521,enter,b5131,sprint,,mobile
1546705583960,respond,q6725,sprint,b,mobile
1546705602533,submit,b5131,sprint,,mobile
1546705634624,enter,b3921,sprint,,mobile
1546705644192,respond,q5389,sprint,a,mobile
1546705650134,respond,q5389,sprint,c,mobile
1546705654915,submit,b3921,sprint,,mobile
1546745891262,enter,b4675,sprint,,mobile
1546745905823,respond,q6143,sprint,a,mobile
1546745909868,submit,b4675,sprint,,mobile
1546745963968,enter,b5732,sprint,,mobile
1546745979238,respond,q8381,sprint,b,mobile
1546745981769,respond,q8381,sprint,c,mobile
1546745985229,submit,b5732,sprint,,mobile
1546788120017,enter,b2291,sprint,,mobile
1546788131349,respond,q3759,sprint,c,mobile
1546788139307,respond,q3759,sprint,a,mobile
1546788142079,submit,b2291,sprint,,mobile
1546788184284,enter,b2850,sprint,,mobile
1546788190326,respond,q4318,sprint,a,mobile
1546788201635,submit,b2850,sprint,,mobile
1546788218913,enter,b4317,sprint,,mobile
1546788233557,respond,q5785,sprint,b,mobile
1546788242591,respond,q5785,sprint,c,mobile
1546788244715,respond,q5785,sprint,d,mobile
1546788246990,submit,b4317,sprint,,mobile
1546788268312,enter,b7084,sprint,,mobile
1546788301419,respond,q9733,sprint,a,mobile
1546788313966,respond,q9733,sprint,b,mobile
1546788316609,submit,b7084,sprint,,mobile
1546788330338,enter,b4122,sprint,,mobile
1546788341677,respond,q5590,sprint,a,mobile
1546788352758,respond,q5590,sprint,b,mobile
1546788362752,respond,q5590,sprint,a,mobile
1546788365506,submit,b4122,sprint,,mobile
1546788393387,enter,b3097,sprint,,mobile
1546788402475,respond,q4565,sprint,c,mobile
1546788410162,respond,q4565,sprint,b,mobile
1546788414914,submit,b3097,sprint,,mobile
1546788451924,enter,b4031,sprint,,mobile
1546788459681,respond,q5499,sprint,a,mobile
1546788479994,respond,q5499,sprint,d,mobile
1546788486926,submit,b4031,sprint,,mobile
1546788502101,enter,b6454,sprint,,mobile
1546788525404,respond,q9103,sprint,d,mobile
1546788540643,respond,q9103,sprint,a,mobile
1546788545107,respond,q9103,sprint,b,mobile
1546788551799,respond,q9103,sprint,d,mobile
1546788555001,respond,q9103,sprint,a,mobile
1546788557412,submit,b6454,sprint,,mobile
1546788594190,enter,b4312,sprint,,mobile
1546788607447,respond,q5780,sprint,a,mobile
1546788612228,respond,q5780,sprint,d,mobile
1546788614734,submit,b4312,sprint,,mobile
1546788629923,enter,b4774,sprint,,mobile
1546788634167,respond,q6242,sprint,a,mobile
1546788654568,respond,q6242,sprint,c,mobile
1546788657526,submit,b4774,sprint,,mobile
1547592920491,enter,b3592,adaptive_offer,,mobile
1547592929389,respond,q5060,adaptive_offer,b,mobile
1547592936549,submit,b3592,adaptive_offer,,mobile
1547592986104,enter,b4312,adaptive_offer,,mobile
1547592995627,respond,q5780,adaptive_offer,b,mobile
1547592998046,submit,b4312,adaptive_offer,,mobile
1547593340833,enter,b3285,adaptive_offer,,mobile
1547593356117,respond,q4753,adaptive_offer,a,mobile
1547593360146,respond,q4753,adaptive_offer,c,mobile
1547593365150,submit,b3285,adaptive_offer,,mobile
1547593444157,enter,b4031,adaptive_offer,,mobile
1547593463074,respond,q5499,adaptive_offer,a,mobile
1547593476557,submit,b4031,adaptive_offer,,mobile
1547593522539,enter,b2515,sprint,,mobile
1547593548220,respond,q3983,sprint,a,mobile
1547593554115,respond,q3983,sprint,c,mobile
1547593555728,respond,q3983,sprint,d,mobile
1547593558576,submit,b2515,sprint,,mobile
1547593587101,enter,b5907,sprint,,mobile
1547593607105,respond,q8556,sprint,c,mobile
1547593636830,respond,q8556,sprint,d,mobile
1547593640432,submit,b5907,sprint,,mobile
1547593707523,enter,b6959,sprint,,mobile
1547593726332,respond,q9608,sprint,b,mobile
1547593752401,respond,q9608,sprint,a,mobile
1547593756920,submit,b6959,sprint,,mobile
1547593780132,enter,b2226,sprint,,mobile
1547593808962,respond,q3694,sprint,c,mobile
1547593811811,submit,b2226,sprint,,mobile
1547593893362,enter,b2853,sprint,,mobile
1547593906701,respond,q4321,sprint,c,mobile
1547593916093,submit,b2853,sprint,,mobile
1547594046557,enter,b4293,adaptive_offer,,mobile
1547594058253,respond,q5761,adaptive_offer,c,mobile
1547594061562,submit,b4293,adaptive_offer,,mobile
1547594066624,enter,b2853,adaptive_offer,,mobile
1547594078626,respond,q4321,adaptive_offer,a,mobile
1547594085353,submit,b2853,adaptive_offer,,mobile
1547594161787,enter,b5954,sprint,,mobile
1547594181469,respond,q8603,sprint,a,mobile
1547594189880,submit,b5954,sprint,,mobile
1548653224692,enter,b4566,sprint,,mobile
1548653232079,respond,q6034,sprint,b,mobile
1548653235117,submit,b4566,sprint,,mobile
1548653259603,enter,b4056,sprint,,mobile
1548653268243,respond,q5524,sprint,a,mobile
1548653283722,respond,q5524,sprint,b,mobile
1548653286775,submit,b4056,sprint,,mobile
1548653298784,enter,b4007,sprint,,mobile
1548653304660,respond,q5475,sprint,a,mobile
1548653307539,submit,b4007,sprint,,mobile
1548653312820,enter,b7552,sprint,,mobile
1548653352557,respond,q10201,sprint,c,mobile
1548653355272,submit,b7552,sprint,,mobile
1550771487439,enter,b4392,sprint,,mobile
1550771504668,respond,q5860,sprint,d,mobile
1550771508265,submit,b4392,sprint,,mobile
1550771550923,enter,b3920,sprint,,mobile
1550771565798,respond,q5388,sprint,c,mobile
1550771568983,submit,b3920,sprint,,mobile
1550771579354,enter,b7625,sprint,,mobile
1550771593601,respond,q10274,sprint,c,mobile
1550771612814,submit,b7625,sprint,,mobile
1550771646949,enter,b5027,sprint,,mobile
1550771663958,respond,q6495,sprint,b,mobile
1550771672836,respond,q6495,sprint,c,mobile
1550771685111,respond,q6495,sprint,b,mobile
1550771691252,submit,b5027,sprint,,mobile
1550771758923,enter,b4064,sprint,,mobile
1550771770348,respond,q5532,sprint,c,mobile
1550771787865,submit,b4064,sprint,,mobile
1550771856374,enter,b3859,sprint,,mobile
1550771887778,respond,q5327,sprint,d,mobile
1550771905606,respond,q5327,sprint,c,mobile
1550771907305,respond,q5327,sprint,a,mobile
1550771912539,submit,b3859,sprint,,mobile
1550771949270,enter,b5735,sprint,,mobile
1550771964966,respond,q8384,sprint,b,mobile
1550771992950,respond,q8384,sprint,c,mobile
1550772003153,respond,q8384,sprint,a,mobile
1550772005331,submit,b5735,sprint,,mobile
1550772049533,enter,b3577,sprint,,mobile
1550772066810,respond,q5045,sprint,d,mobile
1550772079997,submit,b3577,sprint,,mobile
1550772317378,enter,b3627,adaptive_offer,,mobile
1550772322927,respond,q5095,adaptive_offer,b,mobile
1550772339401,submit,b3627,adaptive_offer,,mobile
1550772362963,enter,b3577,adaptive_offer,,mobile
1550772367191,respond,q5045,adaptive_offer,c,mobile
1550772369662,submit,b3577,adaptive_offer,,mobile
1550772378649,enter,b3930,sprint,,mobile
1550772399049,respond,q5398,sprint,b,mobile
1550772404644,respond,q5398,sprint,c,mobile
1550772407510,submit,b3930,sprint,,mobile
1550772434853,enter,b2344,sprint,,mobile
1550772443536,respond,q3812,sprint,a,mobile
1550772456213,submit,b2344,sprint,,mobile
1550772482333,enter,b3799,sprint,,mobile
1550772510632,respond,q5267,sprint,c,mobile
1550772515705,respond,q5267,sprint,a,mobile
1550772519014,submit,b3799,sprint,,mobile
1550772545308,enter,b7211,sprint,,mobile
1550772562019,respond,q9860,sprint,c,mobile
1550772566904,submit,b7211,sprint,,mobile
1550772590220,enter,b4274,sprint,,mobile
1550772601486,respond,q5742,sprint,a,mobile
1550772605319,submit,b4274,sprint,,mobile
1550772617085,enter,b5131,adaptive_offer,,mobile
1550772631473,respond,q6725,adaptive_offer,c,mobile
1550772634604,submit,b5131,adaptive_offer,,mobile
1550772657454,enter,b4853,adaptive_offer,,mobile
1550772673892,respond,q6321,adaptive_offer,a,mobile
1550772692910,respond,q6321,adaptive_offer,d,mobile
1550772695359,submit,b4853,adaptive_offer,,mobile
1550772739301,enter,b4855,adaptive_offer,,mobile
1550772752205,respond,q6323,adaptive_offer,d,mobile
1550772757264,submit,b4855,adaptive_offer,,mobile
1550772786227,enter,b4274,adaptive_offer,,mobile
1550772790285,respond,q5742,adaptive_offer,b,mobile
1550772793011,submit,b4274,adaptive_offer,,mobile
1550772834518,enter,b2685,sprint,,mobile
1550772849235,respond,q4153,sprint,b,mobile
1550772852069,submit,b2685,sprint,,mobile
1550772866981,enter,b3287,sprint,,mobile
1550772890169,respond,q4755,sprint,c,mobile
1550772892752,submit,b3287,sprint,,mobile
1550772924101,enter,b6493,sprint,,mobile
1550772932799,respond,q9142,sprint,a,mobile
1550772939159,respond,q9142,sprint,c,mobile
1550772941720,submit,b6493,sprint,,mobile
1550772983051,enter,b2878,sprint,,mobile
1550773001827,respond,q4346,sprint,b,mobile
1550773011062,submit,b2878,sprint,,mobile
1550773166542,enter,b2878,adaptive_offer,,mobile
1550773187533,respond,q4346,adaptive_offer,d,mobile
1550773198524,respond,q4346,adaptive_offer,a,mobile
1550773200823,submit,b2878,adaptive_offer,,mobile
1550773266807,enter,b4392,adaptive_offer,,mobile
1550773278575,respond,q5860,adaptive_offer,d,mobile
1550773297721,submit,b4392,adaptive_offer,,mobile
1550773341041,enter,b4219,sprint,,mobile
1550773348474,respond,q5687,sprint,a,mobile
1550773392055,submit,b4219,sprint,,mobile
1550773622603,enter,b2441,adaptive_offer,,mobile
1550773650847,respond,q3909,adaptive_offer,a,mobile
1550773654182,submit,b2441,adaptive_offer,,mobile
1550773688621,enter,b4219,adaptive_offer,,mobile
1550773723469,respond,q5687,adaptive_offer,a,mobile
1550773733795,respond,q5687,adaptive_offer,b,mobile
1550773737122,submit,b4219,adaptive_offer,,mobile
1550773799353,enter,b5086,sprint,,mobile
1550773945569,respond,q6560,sprint,b,mobile
1550773968119,submit,b5086,sprint,,mobile
1550774054034,enter,b5211,sprint,,mobile
1550774310778,respond,q6940,sprint,d,mobile
1550774320760,submit,b5211,sprint,,mobile
1550774645386,enter,b5213,adaptive_offer,,mobile
1550774860890,respond,q6945,adaptive_offer,a,mobile
1550774866461,submit,b5213,adaptive_offer,,mobile
1550774889192,enter,b5218,sprint,,mobile
1550775010691,respond,q6968,sprint,c,mobile
1550775029536,submit,b5218,sprint,,mobile
1550775123441,enter,b8527,sprint,,mobile
1550775255119,respond,q11776,sprint,d,mobile
1550775295325,submit,b8527,sprint,,mobile
1550775608067,enter,b816,sprint,,mobile
1550775631709,respond,q816,sprint,a,mobile
1550775635048,submit,b816,sprint,,mobile
1550775657904,enter,b437,sprint,,mobile
1550775678236,respond,q437,sprint,c,mobile
1550775681524,submit,b437,sprint,,mobile
1550775689794,enter,b1170,sprint,,mobile
1550775708446,respond,q1170,sprint,a,mobile
1550775711480,submit,b1170,sprint,,mobile
1550775719754,enter,b8316,sprint,,mobile
1550775741736,respond,q11263,sprint,a,mobile
1550775744408,submit,b8316,sprint,,mobile
1550775769746,enter,b387,sprint,,mobile
1550775789916,respond,q387,sprint,a,mobile
1550775793020,submit,b387,sprint,,mobile
1550775804447,enter,b793,sprint,,mobile
1550775821844,respond,q793,sprint,c,mobile
1550775826641,submit,b793,sprint,,mobile
1550775847870,enter,b937,sprint,,mobile
1550775875771,respond,q937,sprint,b,mobile
1550775878551,submit,b937,sprint,,mobile
1550775886989,enter,b8315,sprint,,mobile
1550775904961,respond,q11262,sprint,a,mobile
1550775910187,submit,b8315,sprint,,mobile
1550775917853,enter,b760,sprint,,mobile
1550775934693,respond,q760,sprint,b,mobile
1550775938000,submit,b760,sprint,,mobile
1550775943319,enter,b486,sprint,,mobile
1550775962845,respond,q486,sprint,b,mobile
1550775965930,submit,b486,sprint,,mobile
1550776005760,enter,b166,sprint,,mobile
1550776024826,respond,q166,sprint,a,mobile
1550776030726,submit,b166,sprint,,mobile
1550776053076,enter,b8128,sprint,,mobile
1550776066119,respond,q11075,sprint,a,mobile
1550776077065,submit,b8128,sprint,,mobile
1550776081561,enter,b12,sprint,,mobile
1550776107581,respond,q12,sprint,b,mobile
1550776110618,submit,b12,sprint,,mobile
1550776120987,enter,b5542,sprint,,mobile
1550776141840,respond,q8071,sprint,a,mobile
1550776145116,submit,b5542,sprint,,mobile
1550776149975,enter,b5,sprint,,mobile
1550776166697,respond,q5,sprint,b,mobile
1550776182510,submit,b5,sprint,,mobile
1550802587572,enter,b1592,sprint,,mobile
1550802684096,submit,b1592,sprint,,mobile
1550802696190,enter,b1592,sprint,,mobile
1550802777593,respond,q1974,sprint,d,mobile
1550802786497,respond,q1974,sprint,c,mobile
1550802802787,submit,b1592,sprint,,mobile
1550802848052,enter,b1592,sprint,,mobile
1550803066004,submit,b1592,sprint,,mobile
1550803107057,enter,b1722,sprint,,mobile
1550803195508,respond,q2364,sprint,c,mobile
1550803205045,submit,b1722,sprint,,mobile
1550803334092,enter,b1462,sprint,,mobile
1550803426995,respond,q1584,sprint,b,mobile
1550803431247,submit,b1462,sprint,,mobile
1550803590054,enter,b1426,sprint,,mobile
1550803676924,respond,q1476,sprint,a,mobile
1550803700114,respond,q1476,sprint,c,mobile
1550803703952,submit,b1426,sprint,,mobile
1550803816949,enter,b1438,sprint,,mobile
1550803892470,respond,q1512,sprint,a,mobile
1550803896270,respond,q1512,sprint,a,mobile
1550803905554,submit,b1438,sprint,,mobile
1550803985901,enter,b1789,sprint,,mobile
1550804066698,respond,q2565,sprint,c,mobile
1550804071743,submit,b1789,sprint,,mobile
1550804115850,enter,b1732,sprint,,mobile
1550804196531,respond,q2394,sprint,b,mobile
1550804207471,respond,q2394,sprint,d,mobile
1550804223003,respond,q2394,sprint,d,mobile
1550804237707,respond,q2394,sprint,d,mobile
1550804240787,submit,b1732,sprint,,mobile
1550806697260,enter,b5192,sprint,,mobile
1550806826462,respond,q6863,sprint,b,mobile
1550806840747,submit,b5192,sprint,,mobile
1550806858996,enter,b5086,adaptive_offer,,mobile
1550806898607,respond,q6560,adaptive_offer,b,mobile
1550806902184,submit,b5086,adaptive_offer,,mobile
1550806981255,enter,b5118,sprint,,mobile
1550807110198,respond,q6688,sprint,b,mobile
1550807127635,submit,b5118,sprint,,mobile
1550807369309,enter,b5118,adaptive_offer,,mobile
1550807443537,respond,q6688,adaptive_offer,c,mobile
1550807454767,respond,q6688,adaptive_offer,a,mobile
1550807457603,submit,b5118,adaptive_offer,,mobile
1550807612342,enter,b5226,sprint,,mobile
1550807741064,respond,q7000,sprint,b,mobile
1550807747708,submit,b5226,sprint,,mobile
1550808133269,enter,b5532,adaptive_offer,,mobile
1550808142164,respond,q8061,adaptive_offer,b,mobile
1550808148791,submit,b5532,adaptive_offer,,mobile
1550808275700,enter,b12,adaptive_offer,,mobile
1550808293121,respond,q12,adaptive_offer,c,mobile
1550808297369,submit,b12,adaptive_offer,,mobile
1550808301431,enter,b5592,adaptive_offer,,mobile
1550808326340,submit,b5592,adaptive_offer,,mobile
1550808330423,enter,b8137,sprint,,mobile
1550808352269,respond,q11084,sprint,c,mobile
1550808364206,respond,q11084,sprint,b,mobile
1550808366691,submit,b8137,sprint,,mobile
1550808382870,enter,b154,sprint,,mobile
1550808410916,respond,q154,sprint,b,mobile
1550808413705,submit,b154,sprint,,mobile
1550808444119,enter,b103,sprint,,mobile
1550808465867,respond,q103,sprint,d,mobile
1550808468103,submit,b103,sprint,,mobile
1550808486367,enter,b5600,sprint,,mobile
1550808496517,respond,q8129,sprint,a,mobile
1550808509363,respond,q8129,sprint,a,mobile
1550808511853,submit,b5600,sprint,,mobile
1550808515606,enter,b8095,sprint,,mobile
1550808529198,respond,q11042,sprint,b,mobile
1550808538914,submit,b8095,sprint,,mobile
1550808558413,enter,b5601,sprint,,mobile
1550808580935,respond,q8130,sprint,d,mobile
1550808583363,submit,b5601,sprint,,mobile
1550808592893,enter,b178,sprint,,mobile
1550808613365,respond,q178,sprint,d,mobile
1550808615730,submit,b178,sprint,,mobile
1550808622226,enter,b132,sprint,,mobile
1550808641679,respond,q132,sprint,a,mobile
1550808644323,submit,b132,sprint,,mobile
1550808651713,enter,b8139,sprint,,mobile
1550808674185,respond,q11086,sprint,b,mobile
1550808677103,submit,b8139,sprint,,mobile
1550808704461,enter,b110,sprint,,mobile
1550808721355,respond,q110,sprint,c,mobile
1550808725973,submit,b110,sprint,,mobile
1550808748644,enter,b21,sprint,,mobile
1550808769521,respond,q21,sprint,d,mobile
1550808774414,submit,b21,sprint,,mobile
1550808780774,enter,b6,sprint,,mobile
1550808803410,respond,q6,sprint,d,mobile
1550808805931,submit,b6,sprint,,mobile
1550808821521,enter,b8048,sprint,,mobile
1550808840639,respond,q10995,sprint,c,mobile
1550808847053,submit,b8048,sprint,,mobile
1550808870558,enter,b82,sprint,,mobile
1550808893750,respond,q82,sprint,a,mobile
1550808896233,submit,b82,sprint,,mobile
1550808924523,enter,b143,sprint,,mobile
1550808946503,respond,q143,sprint,c,mobile
1550808949954,respond,q143,sprint,c,mobile
1550808952036,submit,b143,sprint,,mobile
1550808965113,enter,b46,sprint,,mobile
1550808988642,respond,q46,sprint,a,mobile
1550808991331,submit,b46,sprint,,mobile
1550809021388,enter,b8168,sprint,,mobile
1550809055634,respond,q11115,sprint,d,mobile
1550809058629,submit,b8168,sprint,,mobile
1550809081173,enter,b5599,sprint,,mobile
1550809092864,respond,q8128,sprint,b,mobile
1550809101562,submit,b5599,sprint,,mobile
1550809110099,enter,b5604,sprint,,mobile
1550809135776,respond,q8133,sprint,a,mobile
1550809140493,respond,q8133,sprint,a,mobile
1550809143441,submit,b5604,sprint,,mobile
1550809178293,enter,b8,sprint,,mobile
1550809200575,respond,q8,sprint,b,mobile
1550809203482,submit,b8,sprint,,mobile
1550809227144,enter,b8006,sprint,,mobile
1550809246092,respond,q10953,sprint,c,mobile
1550809250745,submit,b8006,sprint,,mobile
1550809274161,enter,b5568,sprint,,mobile
1550809302331,respond,q8097,sprint,d,mobile
1550809304768,submit,b5568,sprint,,mobile
1550809365005,enter,b5604,adaptive_offer,,mobile
1550809368053,respond,q8133,adaptive_offer,c,mobile
1550809390573,submit,b5604,adaptive_offer,,mobile
1550809397508,enter,b5568,adaptive_offer,,mobile
1550809410567,respond,q8097,adaptive_offer,b,mobile
1550809421542,submit,b5568,adaptive_offer,,mobile
1550809465224,enter,b5524,sprint,,mobile
1550809478930,respond,q8053,sprint,b,mobile
1550809488846,submit,b5524,sprint,,mobile
1550809510765,enter,b5650,sprint,,mobile
1550809535112,respond,q8179,sprint,d,mobile
1550809537472,submit,b5650,sprint,,mobile
1550809577135,enter,b8202,sprint,,mobile
1550809605609,respond,q11149,sprint,a,mobile
1550809608668,submit,b8202,sprint,,mobile
1550809631764,enter,b5595,sprint,,mobile
1550809650351,respond,q8124,sprint,b,mobile
1550809655913,submit,b5595,sprint,,mobile
1550809671483,enter,b168,sprint,,mobile
1550809693585,respond,q168,sprint,d,mobile
1550809698624,submit,b168,sprint,,mobile
1550809707716,enter,b116,sprint,,mobile
1550809728569,respond,q116,sprint,a,mobile
1550809731682,submit,b116,sprint,,mobile
1550809766456,enter,b8293,sprint,,mobile
1550809794161,respond,q11240,sprint,d,mobile
1550809796484,submit,b8293,sprint,,mobile
1550809820029,enter,b163,sprint,,mobile
1550809844683,respond,q163,sprint,a,mobile
1550809847600,submit,b163,sprint,,mobile
1550815593242,enter,b2095,sprint,,mobile
1550815666908,respond,q3483,sprint,a,mobile
1550815668754,respond,q3483,sprint,a,mobile
1550815673096,submit,b2095,sprint,,mobile
1550815945319,enter,b8516,sprint,,mobile
1550816137955,respond,q11734,sprint,c,mobile
1550816144026,submit,b8516,sprint,,mobile
1550816216543,enter,b5183,sprint,,mobile
1550816421335,respond,q6827,sprint,c,mobile
1550816462741,respond,q6827,sprint,b,mobile
1550816477861,respond,q6827,sprint,a,mobile
1550816485735,submit,b5183,sprint,,mobile
1550816558379,enter,b5111,sprint,,mobile
1550816744003,respond,q6660,sprint,b,mobile
1550816752034,respond,q6658,sprint,b,mobile
1550816752654,respond,q6659,sprint,c,mobile
1550816778722,respond,q6659,sprint,a,mobile
1550816789135,submit,b5111,sprint,,mobile
1550816801505,enter,b5111,adaptive_offer,,mobile
1550816855367,respond,q6660,adaptive_offer,a,mobile
1550816860939,submit,b5111,adaptive_offer,,mobile
1550816950141,enter,b5177,sprint,,mobile
1550817138498,respond,q6804,sprint,c,mobile
1550817142124,submit,b5177,sprint,,mobile
1550817212384,enter,b8521,sprint,,mobile
1550817429710,respond,q11753,sprint,a,mobile
1550817457522,respond,q11753,sprint,b,mobile
1550817458557,respond,q11751,sprint,c,mobile
1550817460344,respond,q11752,sprint,d,mobile
1550817462085,respond,q11751,sprint,c,mobile
1550817464648,respond,q11751,sprint,b,mobile
1550817482787,respond,q11751,sprint,c,mobile
1550817487817,submit,b8521,sprint,,mobile
1550817597490,enter,b5202,sprint,,mobile
1550817729207,respond,q6904,sprint,b,mobile
1550817761215,respond,q6904,sprint,a,mobile
1550817762477,respond,q6903,sprint,d,mobile
1550817763370,respond,q6902,sprint,a,mobile
1550817764296,respond,q6903,sprint,d,mobile
1550817797223,respond,q6903,sprint,a,mobile
1550817801382,respond,q6903,sprint,b,mobile
1550817806054,submit,b5202,sprint,,mobile
1550817811517,enter,b5213,adaptive_offer,,mobile
1550817997075,respond,q6945,adaptive_offer,a,mobile
1550818000264,submit,b5213,adaptive_offer,,mobile
1550820591046,enter,b5187,sprint,,mobile
1550820718173,respond,q6843,sprint,b,mobile
1550820719267,respond,q6843,sprint,c,mobile
1550820723576,respond,q6841,sprint,b,mobile
1550820728253,respond,q6841,sprint,c,mobile
1550820733719,submit,b5187,sprint,,mobile
1550821013712,enter,b5187,adaptive_offer,,mobile
1550821109606,respond,q6844,adaptive_offer,a,mobile
1550821115546,submit,b5187,adaptive_offer,,mobile
1550821256214,enter,b5120,sprint,,mobile
1550821498448,respond,q6696,sprint,c,mobile
1550821507413,respond,q6696,sprint,d,mobile
1550821518158,respond,q6696,sprint,a,mobile
1550821563824,submit,b5120,sprint,,mobile
1550821574700,enter,b5177,adaptive_offer,,mobile
1550821601324,respond,q6804,adaptive_offer,c,mobile
1550821604422,submit,b5177,adaptive_offer,,mobile
1550822021093,enter,b5120,adaptive_offer,,mobile
1550822113709,respond,q6696,adaptive_offer,d,mobile
1550822116531,submit,b5120,adaptive_offer,,mobile
1550822178018,enter,b7999,sprint,,mobile
1550822370714,respond,q10941,sprint,b,mobile
1550822395631,submit,b7999,sprint,,mobile
1550823388720,enter,b793,adaptive_offer,,mobile
1550823405431,respond,q793,adaptive_offer,a,mobile
1550823406632,respond,q793,adaptive_offer,b,mobile
1550823408806,submit,b793,adaptive_offer,,mobile
1550823620077,enter,b793,adaptive_offer,,mobile
1550823627675,respond,q793,adaptive_offer,a,mobile
1550823630619,submit,b793,adaptive_offer,,mobile
1550823635109,enter,b1320,adaptive_offer,,mobile
1550823651575,respond,q1320,adaptive_offer,a,mobile
1550823654105,submit,b1320,adaptive_offer,,mobile
1550823664154,enter,b242,sprint,,mobile
1550823683533,respond,q242,sprint,c,mobile
1550823685677,submit,b242,sprint,,mobile
1550823697648,enter,b8312,sprint,,mobile
1550823717512,respond,q11259,sprint,b,mobile
1550823720064,submit,b8312,sprint,,mobile
1550823736229,enter,b350,sprint,,mobile
1550823747723,respond,q350,sprint,a,mobile
1550823757281,submit,b350,sprint,,mobile
1550823766848,enter,b858,sprint,,mobile
1550823784196,respond,q858,sprint,b,mobile
1550823786603,submit,b858,sprint,,mobile
1550823794912,enter,b769,sprint,,mobile
1550823809088,respond,q769,sprint,a,mobile
1550823812166,submit,b769,sprint,,mobile
1550823819266,enter,b8314,sprint,,mobile
1550823838053,respond,q11261,sprint,b,mobile
1550823840386,respond,q11261,sprint,a,mobile
1550823842690,submit,b8314,sprint,,mobile
1550823849388,enter,b1013,sprint,,mobile
1550823861421,respond,q1013,sprint,b,mobile
1550823863873,submit,b1013,sprint,,mobile
1550823871517,enter,b1215,sprint,,mobile
1550823886017,respond,q1215,sprint,b,mobile
1550823888389,submit,b1215,sprint,,mobile
1550823892091,enter,b574,sprint,,mobile
1550823910884,respond,q574,sprint,a,mobile
1550823913642,submit,b574,sprint,,mobile
1550823921750,enter,b498,sprint,,mobile
1550823941309,respond,q498,sprint,a,mobile
1550823944279,submit,b498,sprint,,mobile
1550824113338,enter,b793,adaptive_offer,,mobile
1550824121230,respond,q793,adaptive_offer,a,mobile
1550824123700,submit,b793,adaptive_offer,,mobile
1550824126899,enter,b1320,adaptive_offer,,mobile
1550824135654,respond,q1320,adaptive_offer,a,mobile
1550824143534,submit,b1320,adaptive_offer,,mobile
1550824152613,enter,b756,sprint,,mobile
1550824169496,respond,q756,sprint,c,mobile
1550824172224,submit,b756,sprint,,mobile
1550824180111,enter,b767,sprint,,mobile
1550824193746,respond,q767,sprint,b,mobile
1550824195970,submit,b767,sprint,,mobile
1550824200193,enter,b1175,sprint,,mobile
1550824217291,respond,q1175,sprint,c,mobile
1550824220163,submit,b1175,sprint,,mobile
1550824231844,enter,b296,sprint,,mobile
1550824245808,respond,q296,sprint,b,mobile
1550824248770,submit,b296,sprint,,mobile
1550824487928,enter,b296,adaptive_offer,,mobile
1550824503999,respond,q296,adaptive_offer,c,mobile
1550824506156,submit,b296,adaptive_offer,,mobile
1550824511212,enter,b767,adaptive_offer,,mobile
1550824526959,respond,q767,adaptive_offer,b,mobile
1550824529487,submit,b767,adaptive_offer,,mobile
1550824543060,enter,b1174,sprint,,mobile
1550824559390,respond,q1174,sprint,a,mobile
1550824562682,submit,b1174,sprint,,mobile
1550824828791,enter,b1175,adaptive_offer,,mobile
1550824835484,respond,q1175,adaptive_offer,a,mobile
1550824838376,submit,b1175,adaptive_offer,,mobile
1550824844571,enter,b1174,adaptive_offer,,mobile
1550824865698,respond,q1174,adaptive_offer,c,mobile
1550824868152,submit,b1174,adaptive_offer,,mobile
1550824965927,enter,b289,sprint,,mobile
1550824982410,respond,q289,sprint,a,mobile
1550824985189,submit,b289,sprint,,mobile
1550824994014,enter,b273,sprint,,mobile
1550825011415,respond,q273,sprint,c,mobile
1550825017350,submit,b273,sprint,,mobile
1550825026848,enter,b1112,sprint,,mobile
1550825044406,respond,q1112,sprint,a,mobile
1550825046721,submit,b1112,sprint,,mobile
1550825052734,enter,b601,sprint,,mobile
1550825069654,respond,q601,sprint,c,mobile
1550825072243,submit,b601,sprint,,mobile
1550825077563,enter,b727,sprint,,mobile
1550825094009,respond,q727,sprint,a,mobile
1550825095961,submit,b727,sprint,,mobile
1550825398391,enter,b3818,adaptive_offer,,mobile
1550825423056,respond,q5286,adaptive_offer,b,mobile
1550825425500,respond,q5286,adaptive_offer,c,mobile
1550825429361,submit,b3818,adaptive_offer,,mobile
1550825811224,enter,b3819,adaptive_offer,,mobile
1550825874865,respond,q5287,adaptive_offer,c,mobile
1550825885264,respond,q5287,adaptive_offer,d,mobile
1550825887654,submit,b3819,adaptive_offer,,mobile
1550825930517,enter,b2820,sprint,,mobile
1550825959147,respond,q4288,sprint,c,mobile
1550825963169,submit,b2820,sprint,,mobile
1550841806938,enter,b4715,sprint,,mobile
1550841818081,respond,q6183,sprint,c,mobile
1550841823338,submit,b4715,sprint,,mobile
1550841849273,enter,b5885,sprint,,mobile
1550841895455,respond,q8534,sprint,b,mobile
1550841909317,respond,q8534,sprint,c,mobile
1550841910284,respond,q8534,sprint,b,mobile
1550841918811,respond,q8534,sprint,c,mobile
1550841939003,submit,b5885,sprint,,mobile
1550841956715,enter,b3433,sprint,,mobile
1550841978589,respond,q4901,sprint,b,mobile
1550842015274,submit,b3433,sprint,,mobile
1550842053025,enter,b3279,sprint,,mobile
1550842076240,respond,q4747,sprint,c,mobile
1550842080338,respond,q4747,sprint,a,mobile
1550842083857,submit,b3279,sprint,,mobile
1550842091178,enter,b4180,sprint,,mobile
1550842097460,respond,q5648,sprint,b,mobile
1550842111015,submit,b4180,sprint,,mobile
1550842122119,enter,b6693,sprint,,mobile
1550842147229,respond,q9342,sprint,b,mobile
1550842175078,respond,q9342,sprint,d,mobile
1550842177647,submit,b6693,sprint,,mobile
1550842214594,enter,b2560,sprint,,mobile
1550842247645,respond,q4028,sprint,b,mobile
1550842250685,submit,b2560,sprint,,mobile
1550842258156,enter,b2852,sprint,,mobile
1550842277179,respond,q4320,sprint,b,mobile
1550842285826,respond,q4320,sprint,c,mobile
1550842288642,respond,q4320,sprint,b,mobile
1550842291100,submit,b2852,sprint,,mobile
1550842298410,enter,b3861,sprint,,mobile
1550842304248,respond,q5329,sprint,a,mobile
1550842309493,submit,b3861,sprint,,mobile
1550842319700,enter,b7310,sprint,,mobile
1550842332550,respond,q9959,sprint,c,mobile
1550842336460,submit,b7310,sprint,,mobile
1550842386968,enter,b3938,sprint,,mobile
1550842436857,respond,q5406,sprint,a,mobile
1550842438577,respond,q5406,sprint,b,mobile
1550842461067,respond,q5406,sprint,d,mobile
1550842463782,submit,b3938,sprint,,mobile
1550842990694,enter,b3938,adaptive_offer,,mobile
1550843019020,respond,q5406,adaptive_offer,b,mobile
1550843024829,respond,q5406,adaptive_offer,a,mobile
1550843027021,submit,b3938,adaptive_offer,,mobile
1550843063997,enter,b3948,adaptive_offer,,mobile
1550843116450,respond,q5416,adaptive_offer,b,mobile
1550843127455,submit,b3948,adaptive_offer,,mobile
1550843161003,enter,b3901,sprint,,mobile
1550843172936,respond,q5369,sprint,a,mobile
1550843177999,submit,b3901,sprint,,mobile
1550843184698,enter,b2656,sprint,,mobile
1550843200011,respond,q4124,sprint,c,mobile
1550843215556,submit,b2656,sprint,,mobile
1550843277303,enter,b7087,sprint,,mobile
1550843299061,respond,q9736,sprint,d,mobile
1550843303142,respond,q9736,sprint,a,mobile
1550843307467,submit,b7087,sprint,,mobile
1550843355611,enter,b3599,sprint,,mobile
1550843378049,respond,q5067,sprint,b,mobile
1550843410264,submit,b3599,sprint,,mobile
1550843459140,enter,b6020,sprint,,mobile
1550843493978,respond,q8669,sprint,a,mobile
1550843501213,submit,b6020,sprint,,mobile
1550843531543,enter,b2786,sprint,,mobile
1550843547363,respond,q4254,sprint,a,mobile
1550843565000,submit,b2786,sprint,,mobile
1550843594885,enter,b6778,sprint,,mobile
1550843619216,respond,q9427,sprint,c,mobile
1550843660503,submit,b6778,sprint,,mobile
1550843707477,enter,b4226,sprint,,mobile
1550843725123,respond,q5694,sprint,a,mobile
1550843734615,respond,q5694,sprint,b,mobile
1550843738586,submit,b4226,sprint,,mobile
1550843962118,enter,b4226,adaptive_offer,,mobile
1550843990270,respond,q5694,adaptive_offer,d,mobile
1550843994586,submit,b4226,adaptive_offer,,mobile
1550844025728,enter,b2216,adaptive_offer,,mobile
1550844051796,respond,q3684,adaptive_offer,d,mobile
1550844055726,submit,b2216,adaptive_offer,,mobile
1550844133057,enter,b2230,sprint,,mobile
1550844158830,respond,q3698,sprint,d,mobile
1550844167921,respond,q3698,sprint,b,mobile
1550844170920,submit,b2230,sprint,,mobile
1550844200345,enter,b3047,sprint,,mobile
1550844214879,respond,q4515,sprint,c,mobile
1550844226088,respond,q4515,sprint,b,mobile
1550844231037,submit,b3047,sprint,,mobile
1550844238622,enter,b7616,sprint,,mobile
1550844267979,respond,q10265,sprint,c,mobile
1550844271984,respond,q10265,sprint,d,mobile
1550844282745,respond,q10265,sprint,a,mobile
1550844285980,submit,b7616,sprint,,mobile
1550844320120,enter,b2827,sprint,,mobile
1550844352459,respond,q4295,sprint,a,mobile
1550844355384,submit,b2827,sprint,,mobile
1550844401710,enter,b3040,sprint,,mobile
1550844426726,respond,q4508,sprint,b,mobile
1550844450325,submit,b3040,sprint,,mobile
1550844500115,enter,b3751,sprint,,mobile
1550844516983,respond,q5219,sprint,b,mobile
1550844522680,submit,b3751,sprint,,mobile
1550844565510,enter,b3751,review_quiz,,mobile
1550844580777,respond,q5219,review_quiz,c,mobile
1550844591458,respond,q5219,review_quiz,a,mobile
1550844600882,respond,q5219,review_quiz,b,mobile
1550844603021,submit,b3751,review_quiz,,mobile
1550844609251,enter,b3040,review_quiz,,mobile
1550844646890,respond,q4508,review_quiz,b,mobile
1550844648971,submit,b3040,review_quiz,,mobile
1550844652669,enter,b2827,review_quiz,,mobile
1550844656234,respond,q4295,review_quiz,a,mobile
1550844658442,submit,b2827,review_quiz,,mobile
1550844661997,enter,b7616,review_quiz,,mobile
1550844668001,respond,q10265,review_quiz,a,mobile
1550844670341,submit,b7616,review_quiz,,mobile
1550844674683,enter,b3047,review_quiz,,mobile
1550844697219,respond,q4515,review_quiz,b,mobile
1550844699710,submit,b3047,review_quiz,,mobile
1550844702615,enter,b2230,review_quiz,,mobile
1550844709754,respond,q3698,review_quiz,d,mobile
1550844711705,submit,b2230,review_quiz,,mobile
1550844714908,enter,b2216,review_quiz,,mobile
1550844733345,respond,q3684,review_quiz,d,mobile
1550844736046,submit,b2216,review_quiz,,mobile
1550844739686,enter,b4226,review_quiz,,mobile
1550844746638,respond,q5694,review_quiz,a,mobile
1550844748961,submit,b4226,review_quiz,,mobile
1550844752528,enter,b6778,review_quiz,,mobile
1550844760832,respond,q9427,review_quiz,d,mobile
1550844763004,submit,b6778,review_quiz,,mobile
1550844771356,enter,b2786,review_quiz,,mobile
1550844776593,respond,q4254,review_quiz,a,mobile
1550844778849,submit,b2786,review_quiz,,mobile
1550897520814,enter,b5211,adaptive_offer,,mobile
1550897665698,respond,q6938,adaptive_offer,a,mobile
1550897670058,submit,b5211,adaptive_offer,,mobile
1550898134957,enter,b5111,adaptive_offer,,mobile
1550898201392,respond,q6660,adaptive_offer,b,mobile
1550898205525,submit,b5111,adaptive_offer,,mobile
1550898269358,enter,b5225,sprint,,mobile
1550898465279,respond,q6994,sprint,d,mobile
1550898468811,submit,b5225,sprint,,mobile
1550903021915,enter,b5107,sprint,,mobile
1550903058179,respond,q6644,sprint,d,mobile
1550903058743,respond,q6644,sprint,c,mobile
1550903064002,submit,b5107,sprint,,mobile
1550903204856,enter,b5087,adaptive_offer,,mobile
1550903240109,respond,q6564,adaptive_offer,b,mobile
1550903243361,submit,b5087,adaptive_offer,,mobile
1550917815218,enter,b5105,sprint,,mobile
1550917910773,respond,q6636,sprint,a,mobile
1550917914892,submit,b5105,sprint,,mobile
1550917924973,enter,b5105,adaptive_offer,,mobile
1550917980651,respond,q6636,adaptive_offer,b,mobile
1550917999562,submit,b5105,adaptive_offer,,mobile
1550980808646,enter,b729,sprint,,mobile
1550980828554,respond,q729,sprint,b,mobile
1550980831491,submit,b729,sprint,,mobile
1550980851015,enter,b212,sprint,,mobile
1550980872065,respond,q212,sprint,a,mobile
1550980874656,submit,b212,sprint,,mobile
1550980894644,enter,b815,sprint,,mobile
1550980913204,respond,q815,sprint,a,mobile
1550980915787,submit,b815,sprint,,mobile
1550980937362,enter,b215,sprint,,mobile
1550980955298,respond,q215,sprint,a,mobile
1550980958042,submit,b215,sprint,,mobile
1550980979661,enter,b1287,sprint,,mobile
1550980996316,respond,q1287,sprint,a,mobile
1550980997963,respond,q1287,sprint,c,mobile
1550981000602,submit,b1287,sprint,,mobile
1550981019663,enter,b383,sprint,,mobile
1550981035865,respond,q383,sprint,b,mobile
1550981038121,submit,b383,sprint,,mobile
1550981043402,enter,b896,sprint,,mobile
1550981060647,respond,q896,sprint,c,mobile
1550981063251,submit,b896,sprint,,mobile
1550981070507,enter,b798,sprint,,mobile
1550981087040,respond,q798,sprint,a,mobile
1550981089317,submit,b798,sprint,,mobile
1550981121069,enter,b685,sprint,,mobile
1550981136147,respond,q685,sprint,c,mobile
1550981138642,submit,b685,sprint,,mobile
1550981158023,enter,b410,sprint,,mobile
1550981175715,respond,q410,sprint,b,mobile
1550981177888,submit,b410,sprint,,mobile
1550982493629,enter,b586,sprint,,mobile
1550982510679,respond,q586,sprint,b,mobile
1550982513104,submit,b586,sprint,,mobile
1550982974424,enter,b793,adaptive_offer,,mobile
1550982982924,respond,q793,adaptive_offer,a,mobile
1550982992858,submit,b793,adaptive_offer,,mobile
1550983005093,enter,b769,adaptive_offer,,mobile
1550983018956,respond,q769,adaptive_offer,b,mobile
1550983021292,submit,b769,adaptive_offer,,mobile
1550983030158,enter,b516,sprint,,mobile
1550983043381,respond,q516,sprint,a,mobile
1550983048635,submit,b516,sprint,,mobile
1550983053083,enter,b1356,sprint,,mobile
1550983071558,respond,q1356,sprint,c,mobile
1550983074171,submit,b1356,sprint,,mobile
1550983085443,enter,b639,sprint,,mobile
1550983105065,respond,q639,sprint,b,mobile
1550983107653,submit,b639,sprint,,mobile
1550983132882,enter,b342,sprint,,mobile
1550983157188,respond,q342,sprint,a,mobile
1550983159363,submit,b342,sprint,,mobile
1550983180950,enter,b1213,sprint,,mobile
1550983200268,respond,q1213,sprint,c,mobile
1550983202677,submit,b1213,sprint,,mobile
1550983214543,enter,b829,sprint,,mobile
1550983230395,respond,q829,sprint,c,mobile
1550983233196,submit,b829,sprint,,mobile
1550983256775,enter,b1273,sprint,,mobile
1550983276445,respond,q1273,sprint,b,mobile
1550983277739,respond,q1273,sprint,a,mobile
1550983280818,submit,b1273,sprint,,mobile
1550983512953,enter,b756,adaptive_offer,,mobile
1550983531518,respond,q756,adaptive_offer,b,mobile
1550983533975,submit,b756,adaptive_offer,,mobile
1550983548555,enter,b1273,adaptive_offer,,mobile
1550983566388,respond,q1273,adaptive_offer,a,mobile
1550983569262,submit,b1273,adaptive_offer,,mobile
1550983592577,enter,b544,sprint,,mobile
1550983610020,respond,q544,sprint,a,mobile
1550983612901,submit,b544,sprint,,mobile
1550983628866,enter,b563,sprint,,mobile
1550983647337,respond,q563,sprint,b,mobile
1550983656311,submit,b563,sprint,,mobile
1550983664156,enter,b878,sprint,,mobile
1550983681476,respond,q878,sprint,a,mobile
1550983684196,submit,b878,sprint,,mobile
1550983863469,enter,b1013,adaptive_offer,,mobile
1550983872913,respond,q1013,adaptive_offer,a,mobile
1550983882699,submit,b1013,adaptive_offer,,mobile
1550983908252,enter,b212,adaptive_offer,,mobile
1550983929022,respond,q212,adaptive_offer,b,mobile
1550983931263,submit,b212,adaptive_offer,,mobile
1550983956142,enter,b1397,sprint,,mobile
1550983974012,respond,q1397,sprint,c,mobile
1550983976179,submit,b1397,sprint,,mobile
1550983995969,enter,b1189,sprint,,mobile
1550984015146,submit,b1189,sprint,,mobile
1550984025003,enter,b467,sprint,,mobile
1550984041710,respond,q467,sprint,b,mobile
1550984044214,submit,b467,sprint,,mobile
1550984048421,enter,b342,adaptive_offer,,mobile
1550984065504,respond,q342,adaptive_offer,c,mobile
1550984067994,submit,b342,adaptive_offer,,mobile
1550984072939,enter,b467,adaptive_offer,,mobile
1550984089526,respond,q467,adaptive_offer,b,mobile
1550984091707,submit,b467,adaptive_offer,,mobile
1550984100921,enter,b722,sprint,,mobile
1550984132835,submit,b722,sprint,,mobile
1550984142646,enter,b654,sprint,,mobile
1550984158692,respond,q654,sprint,b,mobile
1550984161087,submit,b654,sprint,,mobile
1550984170049,enter,b325,sprint,,mobile
1550984192085,respond,q325,sprint,c,mobile
1550984194548,submit,b325,sprint,,mobile
1550984213622,enter,b647,sprint,,mobile
1550984231717,respond,q647,sprint,c,mobile
1550984233949,submit,b647,sprint,,mobile
1550984254286,enter,b650,sprint,,mobile
1550984271926,respond,q650,sprint,c,mobile
1550984274901,submit,b650,sprint,,mobile
1550984295751,enter,b811,sprint,,mobile
1550984319440,submit,b811,sprint,,mobile
1550984321911,enter,b811,sprint,,mobile
1550984338027,respond,q811,sprint,b,mobile
1550984342368,submit,b811,sprint,,mobile
1550984936551,enter,b4972,adaptive_offer,,mobile
1550984964002,respond,q6440,adaptive_offer,b,mobile
1550984968290,respond,q6440,adaptive_offer,a,mobile
1550984971852,submit,b4972,adaptive_offer,,mobile
1550984985574,enter,b2820,adaptive_offer,,mobile
1550985017489,respond,q4288,adaptive_offer,d,mobile
1550985019798,submit,b2820,adaptive_offer,,mobile
1550985133599,enter,b5723,sprint,,mobile
1550985141446,respond,q8372,sprint,c,mobile
1550985144764,respond,q8372,sprint,a,mobile
1550985158757,submit,b5723,sprint,,mobile
1550985175041,enter,b2208,sprint,,mobile
1550985184488,respond,q3676,sprint,d,mobile
1550985195132,submit,b2208,sprint,,mobile
1550985201331,enter,b3873,sprint,,mobile
1550985208080,respond,q5341,sprint,a,mobile
1550985210747,submit,b3873,sprint,,mobile
1550985215407,enter,b3452,sprint,,mobile
1550985247108,respond,q4920,sprint,d,mobile
1550985249484,submit,b3452,sprint,,mobile
1550985274872,enter,b6707,sprint,,mobile
1550985323088,respond,q9356,sprint,a,mobile
1550985328642,respond,q9356,sprint,b,mobile
1550985338770,submit,b6707,sprint,,mobile
1550985505243,enter,b2678,sprint,,mobile
1550985528569,respond,q4146,sprint,c,mobile
1550985550809,respond,q4146,sprint,a,mobile
1550985552420,respond,q4146,sprint,d,mobile
1550985554920,submit,b2678,sprint,,mobile
1550985561383,enter,b2678,adaptive_offer,,mobile
1550985571044,respond,q4146,adaptive_offer,b,mobile
1550985571669,respond,q4146,adaptive_offer,a,mobile
1550985573747,submit,b2678,adaptive_offer,,mobile
1550985590785,enter,b3433,adaptive_offer,,mobile
1550985610629,respond,q4901,adaptive_offer,b,mobile
1550985613520,submit,b3433,adaptive_offer,,mobile
1550985637050,enter,b3818,adaptive_offer,,mobile
1550985650370,respond,q5286,adaptive_offer,b,mobile
1550985652101,respond,q5286,adaptive_offer,c,mobile
1550985655717,submit,b3818,adaptive_offer,,mobile
1550985662456,enter,b3819,adaptive_offer,,mobile
1550985669058,respond,q5287,adaptive_offer,c,mobile
1550985671029,submit,b3819,adaptive_offer,,mobile
1550985682204,enter,b3065,sprint,,mobile
1550985704068,respond,q4533,sprint,c,mobile
1550985718747,submit,b3065,sprint,,mobile
1550985724493,enter,b4722,sprint,,mobile
1550985750331,respond,q6190,sprint,d,mobile
1550985753694,submit,b4722,sprint,,mobile
1550986000027,enter,b2656,adaptive_offer,,mobile
1550986023920,respond,q4124,adaptive_offer,c,mobile
1550986029027,respond,q4124,adaptive_offer,d,mobile
1550986045908,respond,q4124,adaptive_offer,c,mobile
1550986048581,submit,b2656,adaptive_offer,,mobile
1550986073446,enter,b4722,adaptive_offer,,mobile
1550986088298,respond,q6190,adaptive_offer,c,mobile
1550986096129,respond,q6190,adaptive_offer,a,mobile
1550986098409,submit,b4722,adaptive_offer,,mobile
1550986124245,enter,b7507,sprint,,mobile
1550986127745,respond,q10156,sprint,a,mobile
1550986140682,respond,q10156,sprint,b,mobile
1550986153718,respond,q10156,sprint,d,mobile
1550986155757,submit,b7507,sprint,,mobile
1550986165683,enter,b3123,sprint,,mobile
1550986193727,respond,q4591,sprint,a,mobile
1550986199167,submit,b3123,sprint,,mobile
1550986461524,enter,b3123,adaptive_offer,,mobile
1550986474227,respond,q4591,adaptive_offer,a,mobile
1550986479592,respond,q4591,adaptive_offer,b,mobile
1550986488137,submit,b3123,adaptive_offer,,mobile
1550986584912,enter,b4865,adaptive_offer,,mobile
1550986588579,respond,q6333,adaptive_offer,a,mobile
1550986607260,submit,b4865,adaptive_offer,,mobile
1550986637701,enter,b3821,sprint,,mobile
1550986647291,respond,q5289,sprint,b,mobile
1550986650798,respond,q5289,sprint,c,mobile
1550986655491,submit,b3821,sprint,,mobile
1550986678735,enter,b5036,sprint,,mobile
1550986689093,respond,q6504,sprint,b,mobile
1550986692164,submit,b5036,sprint,,mobile
1550986702157,enter,b5731,sprint,,mobile
1550986718722,respond,q8380,sprint,c,mobile
1550986728450,respond,q8380,sprint,b,mobile
1550986744025,submit,b5731,sprint,,mobile
1550986762218,enter,b3862,sprint,,mobile
1550986776192,respond,q5330,sprint,d,mobile
1550986779578,submit,b3862,sprint,,mobile
1550986819866,enter,b4184,sprint,,mobile
1550986836148,respond,q5652,sprint,b,mobile
1550986858058,respond,q5652,sprint,d,mobile
1550986863401,respond,q5652,sprint,b,mobile
1550986866531,submit,b4184,sprint,,mobile
1550987066549,enter,b4718,adaptive_offer,,mobile
1550987085009,respond,q6186,adaptive_offer,b,mobile
1550987091217,submit,b4718,adaptive_offer,,mobile
1550987103407,enter,b3774,adaptive_offer,,mobile
1550987115418,respond,q5242,adaptive_offer,b,mobile
1550987120959,respond,q5242,adaptive_offer,a,mobile
1550987140854,respond,q5242,adaptive_offer,b,mobile
1550987144678,respond,q5242,adaptive_offer,a,mobile
1550987147358,submit,b3774,adaptive_offer,,mobile
1550987166441,enter,b4585,sprint,,mobile
1550987181112,respond,q6053,sprint,b,mobile
1550987184142,submit,b4585,sprint,,mobile
1550987190603,enter,b7314,sprint,,mobile
1550987218772,respond,q9963,sprint,c,mobile
1550987221337,submit,b7314,sprint,,mobile
1550987237767,enter,b3752,sprint,,mobile
1550987265226,respond,q5220,sprint,b,mobile
1550987289705,respond,q5220,sprint,a,mobile
1550987291854,submit,b3752,sprint,,mobile
1550987318081,enter,b4319,sprint,,mobile
1550987332522,respond,q5787,sprint,a,mobile
1550987349930,respond,q5787,sprint,b,mobile
1550987354212,submit,b4319,sprint,,mobile
1550987383639,enter,b4305,sprint,,mobile
1550987429756,respond,q5773,sprint,b,mobile
1550987435159,submit,b4305,sprint,,mobile
1550987962117,enter,b5187,adaptive_offer,,mobile
1550988049928,respond,q6843,adaptive_offer,d,mobile
1550988095498,respond,q6843,adaptive_offer,c,mobile
1550988122937,submit,b5187,adaptive_offer,,mobile
1550988298410,enter,b8517,sprint,,mobile
1550988407521,respond,q11736,sprint,a,mobile
1550988410169,respond,q11736,sprint,b,mobile
1550988435036,respond,q11736,sprint,a,mobile
1550988439942,submit,b8517,sprint,,mobile
1550988453130,enter,b5118,adaptive_offer,,mobile
1550988528272,respond,q6688,adaptive_offer,a,mobile
1550988535064,submit,b5118,adaptive_offer,,mobile
1551002123799,enter,b5109,sprint,,mobile
1551002289569,respond,q6652,sprint,b,mobile
1551002378578,respond,q6652,sprint,c,mobile
1551002379574,respond,q6652,sprint,b,mobile
1551002387718,respond,q6652,sprint,a,mobile
1551002391203,submit,b5109,sprint,,mobile
1551002438291,enter,b5217,sprint,,mobile
1551002698147,respond,q6963,sprint,d,mobile
1551002723007,respond,q6963,sprint,a,mobile
1551002752073,respond,q6963,sprint,c,mobile
1551002758260,submit,b5217,sprint,,mobile
1551002900814,enter,b5108,sprint,,mobile
1551003099819,respond,q6648,sprint,a,mobile
1551003163504,respond,q6648,sprint,a,mobile
1551003172056,submit,b5108,sprint,,mobile
1551003184408,enter,b5108,adaptive_offer,,mobile
1551003291969,respond,q6647,adaptive_offer,a,mobile
1551003301022,submit,b5108,adaptive_offer,,mobile
1551003384113,enter,b7996,sprint,,mobile
1551003623816,respond,q10931,sprint,d,mobile
1551003634385,respond,q10930,sprint,d,mobile
1551003707054,submit,b7996,sprint,,mobile
1551003710678,enter,b7996,sprint,,mobile
1551003715468,respond,q10930,sprint,a,mobile
1551003726085,submit,b7996,sprint,,mobile
1551003945194,enter,b5207,sprint,,mobile
1551004387322,respond,q6924,sprint,a,mobile
1551004397229,submit,b5207,sprint,,mobile
1551004421356,enter,b5218,adaptive_offer,,mobile
1551004803179,respond,q6968,adaptive_offer,a,mobile
1551004814861,respond,q6968,adaptive_offer,c,mobile
1551004817952,submit,b5218,adaptive_offer,,mobile
1551004881369,enter,b5202,adaptive_offer,,mobile
1551005021928,respond,q6904,adaptive_offer,a,mobile
1551005091848,submit,b5202,adaptive_offer,,mobile
1551005233612,enter,b5208,sprint,,mobile
1551005443847,respond,q6928,sprint,a,mobile
1551005447914,submit,b5208,sprint,,mobile
1551063751384,enter,b492,sprint,,mobile
1551063764952,respond,q492,sprint,b,mobile
1551063771143,submit,b492,sprint,,mobile
1551063778963,enter,b573,sprint,,mobile
1551063798148,respond,q573,sprint,b,mobile
1551063800664,submit,b573,sprint,,mobile
1551063823730,enter,b1193,sprint,,mobile
1551063841431,respond,q1193,sprint,b,mobile
1551063843842,submit,b1193,sprint,,mobile
1551063865713,enter,b1179,sprint,,mobile
1551063879856,respond,q1179,sprint,a,mobile
1551063884695,submit,b1179,sprint,,mobile
1551063889049,enter,b358,sprint,,mobile
1551063906881,respond,q358,sprint,c,mobile
1551063909875,submit,b358,sprint,,mobile
1551063919460,enter,b461,sprint,,mobile
1551063935419,respond,q461,sprint,b,mobile
1551063937456,submit,b461,sprint,,mobile
1551063957776,enter,b1010,sprint,,mobile
1551063971883,respond,q1010,sprint,a,mobile
1551063974203,submit,b1010,sprint,,mobile
1551063993327,enter,b1314,sprint,,mobile
1551064019857,respond,q1314,sprint,a,mobile
1551064022998,submit,b1314,sprint,,mobile
1551064028251,enter,b573,adaptive_offer,,mobile
1551064043983,respond,q573,adaptive_offer,c,mobile
1551064046336,submit,b573,adaptive_offer,,mobile
1551064049559,enter,b467,adaptive_offer,,mobile
1551064065866,respond,q467,adaptive_offer,a,mobile
1551064068751,submit,b467,adaptive_offer,,mobile
1551064073760,enter,b1314,adaptive_offer,,mobile
1551064095509,submit,b1314,adaptive_offer,,mobile
1551064143662,enter,b342,adaptive_offer,,mobile
1551064160689,respond,q342,adaptive_offer,c,mobile
1551064162779,submit,b342,adaptive_offer,,mobile
1551064173048,enter,b490,sprint,,mobile
1551064191338,respond,q490,sprint,b,mobile
1551064194358,submit,b490,sprint,,mobile
1551064216945,enter,b616,sprint,,mobile
1551064227488,respond,q616,sprint,a,mobile
1551064229602,respond,q616,sprint,b,mobile
1551064232767,respond,q616,sprint,c,mobile
1551064235048,submit,b616,sprint,,mobile
1551064256936,enter,b1340,sprint,,mobile
1551064277620,submit,b1340,sprint,,mobile
1551064283126,enter,b1396,sprint,,mobile
1551064300993,respond,q1396,sprint,b,mobile
1551064303432,submit,b1396,sprint,,mobile
1551064320709,enter,b222,sprint,,mobile
1551064339611,respond,q222,sprint,c,mobile
1551064341869,submit,b222,sprint,,mobile
1551064383369,enter,b1105,sprint,,mobile
1551064401267,respond,q1105,sprint,c,mobile
1551064403636,submit,b1105,sprint,,mobile
1551064422344,enter,b416,sprint,,mobile
1551064443030,submit,b416,sprint,,mobile
1551064459868,enter,b941,sprint,,mobile
1551064475624,respond,q941,sprint,b,mobile
1551064477896,submit,b941,sprint,,mobile
1551064485480,enter,b536,sprint,,mobile
1551064504377,submit,b536,sprint,,mobile
1551064512830,enter,b376,sprint,,mobile
1551064532184,respond,q376,sprint,b,mobile
1551064534305,submit,b376,sprint,,mobile
1551064574945,enter,b1260,sprint,,mobile
1551064593040,respond,q1260,sprint,c,mobile
1551064595548,submit,b1260,sprint,,mobile
1551064620535,enter,b993,sprint,,mobile
1551064637556,respond,q993,sprint,a,mobile
1551064639969,submit,b993,sprint,,mobile
1551064677678,enter,b1178,sprint,,mobile
1551064681586,submit,b1178,sprint,,mobile
1551064715359,enter,b1178,sprint,,mobile
1551064731091,respond,q1178,sprint,c,mobile
1551064733442,submit,b1178,sprint,,mobile
1551064753178,enter,b547,sprint,,mobile
1551064763589,respond,q547,sprint,a,mobile
1551064769629,respond,q547,sprint,a,mobile
1551064772673,submit,b547,sprint,,mobile
1551064789464,enter,b1205,sprint,,mobile
1551064810785,respond,q1205,sprint,c,mobile
1551064813137,submit,b1205,sprint,,mobile
1551064846746,enter,b660,sprint,,mobile
1551064858910,respond,q660,sprint,b,mobile
1551064862757,submit,b660,sprint,,mobile
1551064872020,enter,b1173,sprint,,mobile
1551064889601,respond,q1173,sprint,b,mobile
1551064893236,submit,b1173,sprint,,mobile
1551064918365,enter,b275,sprint,,mobile
1551064943866,respond,q275,sprint,a,mobile
1551064946522,submit,b275,sprint,,mobile
1551064963450,enter,b1109,sprint,,mobile
1551064979765,respond,q1109,sprint,c,mobile
1551064985172,submit,b1109,sprint,,mobile
1551064995445,enter,b519,sprint,,mobile
1551065012988,respond,q519,sprint,c,mobile
1551065016796,submit,b519,sprint,,mobile
1551065040303,enter,b1220,sprint,,mobile
1551065060198,respond,q1220,sprint,b,mobile
1551065062638,submit,b1220,sprint,,mobile
1551065071613,enter,b1049,sprint,,mobile
1551065083609,respond,q1049,sprint,b,mobile
1551065089407,submit,b1049,sprint,,mobile
1551068905363,enter,b6704,sprint,,mobile
1551068918258,respond,q9353,sprint,d,mobile
1551068932525,respond,q9353,sprint,c,mobile
1551068935350,submit,b6704,sprint,,mobile
1551068951450,enter,b2449,sprint,,mobile
1551068973983,respond,q3917,sprint,b,mobile
1551068977918,submit,b2449,sprint,,mobile
1551069182648,enter,b3878,sprint,,mobile
1551069214514,respond,q5346,sprint,d,mobile
1551069265669,respond,q5346,sprint,b,mobile
1551069276515,submit,b3878,sprint,,mobile
1551069295245,enter,b5065,sprint,,mobile
1551069324582,respond,q6533,sprint,d,mobile
1551069340707,respond,q6533,sprint,a,mobile
1551069349836,respond,q6533,sprint,d,mobile
1551069353352,submit,b5065,sprint,,mobile
1551069360159,enter,b6853,sprint,,mobile
1551069393059,respond,q9502,sprint,c,mobile
1551069417363,respond,q9502,sprint,b,mobile
1551069435303,respond,q9502,sprint,a,mobile
1551069439806,submit,b6853,sprint,,mobile
1551069536062,enter,b3050,sprint,,mobile
1551069548484,respond,q4518,sprint,a,mobile
1551069578248,respond,q4518,sprint,c,mobile
1551069580902,submit,b3050,sprint,,mobile
1551069842743,enter,b3607,sprint,,mobile
1551069847337,respond,q5075,sprint,b,mobile
1551069852988,submit,b3607,sprint,,mobile
1551069874507,enter,b2631,sprint,,mobile
1551069880783,respond,q4099,sprint,b,mobile
1551069882938,submit,b2631,sprint,,mobile
1551069891495,enter,b5876,sprint,,mobile
1551069916586,respond,q8525,sprint,c,mobile
1551069921800,submit,b5876,sprint,,mobile
1551069952401,enter,b3923,sprint,,mobile
1551069985087,respond,q5391,sprint,c,mobile
1551069988229,submit,b3923,sprint,,mobile
1551070134326,enter,b3315,sprint,,mobile
1551070149597,respond,q4783,sprint,a,mobile
1551070152709,submit,b3315,sprint,,mobile
1551070413369,enter,b3051,sprint,,mobile
1551070419059,respond,q4519,sprint,b,mobile
1551070491456,submit,b3051,sprint,,mobile
1551070801036,enter,b7473,sprint,,mobile
1551070860939,respond,q10122,sprint,b,mobile
1551070869290,respond,q10122,sprint,a,mobile
1551070882258,respond,q10122,sprint,d,mobile
1551070891871,respond,q10122,sprint,b,mobile
1551070895429,submit,b7473,sprint,,mobile
1551070968085,enter,b4623,sprint,,mobile
1551070995520,respond,q6091,sprint,b,mobile
1551071004489,submit,b4623,sprint,,mobile
1551071010954,enter,b2704,sprint,,mobile
1551071086590,respond,q4172,sprint,a,mobile
1551071104662,respond,q4172,sprint,d,mobile
1551071107007,submit,b2704,sprint,,mobile
1551071283496,enter,b4867,sprint,,mobile
1551071317532,respond,q6335,sprint,b,mobile
1551071331142,submit,b4867,sprint,,mobile
1551071337020,enter,b3819,adaptive_offer,,mobile
1551071394028,respond,q5287,adaptive_offer,c,mobile
1551071404280,submit,b3819,adaptive_offer,,mobile
1551071410872,enter,b2678,adaptive_offer,,mobile
1551071461340,respond,q4146,adaptive_offer,b,mobile
1551071466272,respond,q4146,adaptive_offer,c,mobile
1551071503460,respond,q4146,adaptive_offer,d,mobile
1551071515873,respond,q4146,adaptive_offer,a,mobile
1551071518559,submit,b2678,adaptive_offer,,mobile
1551071658508,enter,b3433,adaptive_offer,,mobile
1551071741854,respond,q4901,adaptive_offer,c,mobile
1551071745055,submit,b3433,adaptive_offer,,mobile
1551071766591,enter,b3050,adaptive_offer,,mobile
1551071780153,respond,q4518,adaptive_offer,b,mobile
1551071782375,submit,b3050,adaptive_offer,,mobile
1551071787091,enter,b4867,adaptive_offer,,mobile
1551071803098,respond,q6335,adaptive_offer,d,mobile
1551071806079,submit,b4867,adaptive_offer,,mobile
1551071818198,enter,b7024,sprint,,mobile
1551071855692,respond,q9673,sprint,a,mobile
1551071871532,submit,b7024,sprint,,mobile
1551071989141,enter,b7024,sprint,,mobile
1551071996841,respond,q9673,sprint,d,mobile
1551072001255,respond,q9673,sprint,b,mobile
1551072001255,submit,b7024,sprint,,mobile
1551072143211,enter,b3817,sprint,,mobile
1551072160267,respond,q5285,sprint,b,mobile
1551072170524,submit,b3817,sprint,,mobile
1551072183045,enter,b6051,sprint,,mobile
1551072231148,respond,q8700,sprint,a,mobile
1551072285805,respond,q8700,sprint,a,mobile
1551072290215,submit,b6051,sprint,,mobile
1551072372834,enter,b3780,sprint,,mobile
1551072384929,respond,q5248,sprint,a,mobile
1551072393554,submit,b3780,sprint,,mobile
1551085928843,enter,b1356,review_quiz,,mobile
1551085946919,respond,q1356,review_quiz,c,mobile
1551085949095,submit,b1356,review_quiz,,mobile
1551085952895,enter,b3611,review_quiz,,mobile
1551085966227,respond,q5079,review_quiz,b,mobile
1551085973594,submit,b3611,review_quiz,,mobile
1551085979080,enter,b3752,review_quiz,,mobile
1551086002995,respond,q5220,review_quiz,b,mobile
1551086005415,submit,b3752,review_quiz,,mobile
1551086021191,enter,b2644,review_quiz,,mobile
1551086045392,respond,q4112,review_quiz,d,mobile
1551086069863,submit,b2644,review_quiz,,mobile
1551086095421,enter,b7473,review_quiz,,mobile
1551086119833,respond,q10122,review_quiz,c,mobile
1551086121742,submit,b7473,review_quiz,,mobile
1551086142194,enter,b1397,review_quiz,,mobile
1551086160732,submit,b1397,review_quiz,,mobile
1551086165756,enter,b3780,review_quiz,,mobile
1551086172290,respond,q5248,review_quiz,a,mobile
1551086174928,submit,b3780,review_quiz,,mobile
1551086211243,enter,b4007,review_quiz,,mobile
1551086226613,respond,q5475,review_quiz,a,mobile
1551086240004,submit,b4007,review_quiz,,mobile
1551086245944,enter,b8005,review_quiz,,mobile
1551086268190,respond,q10952,review_quiz,b,mobile
1551086270055,submit,b8005,review_quiz,,mobile
1551086287428,enter,b46,review_quiz,,mobile
1551086308833,respond,q46,review_quiz,a,mobile
1551086311334,submit,b46,review_quiz,,mobile
1551086361894,enter,b5179,sprint,,mobile
1551086519114,respond,q6811,sprint,a,mobile
1551086549826,respond,q6811,sprint,c,mobile
1551086588988,respond,q6811,sprint,a,mobile
1551086591807,respond,q6810,sprint,a,mobile
1551086596118,submit,b5179,sprint,,mobile
1551086857951,enter,b8553,sprint,,mobile
1551086970854,respond,q11882,sprint,d,mobile
1551086974095,respond,q11879,sprint,b,mobile
1551086982705,submit,b8553,sprint,,mobile
1551087087001,enter,b5191,sprint,,mobile
1551087267243,respond,q6860,sprint,b,mobile
1551087280209,respond,q6860,sprint,d,mobile
1551087285321,submit,b5191,sprint,,mobile
1551087553605,enter,b5191,adaptive_offer,,mobile
1551087674462,respond,q6860,adaptive_offer,b,mobile
1551087678043,submit,b5191,adaptive_offer,,mobile
1551088074790,enter,b5112,sprint,,mobile
1551088220518,respond,q6661,sprint,b,mobile
1551088224117,submit,b5112,sprint,,mobile
1551088331179,enter,b5209,sprint,,mobile
1551088553425,respond,q6931,sprint,a,mobile
1551088630980,respond,q6931,sprint,a,mobile
1551088633928,respond,q6932,sprint,d,mobile
1551088654258,submit,b5209,sprint,,mobile
1551089263010,enter,b7959,sprint,,mobile
1551089556164,respond,q10783,sprint,d,mobile
1551089564137,submit,b7959,sprint,,mobile
1551089920727,enter,b5122,sprint,,mobile
1551090032706,respond,q6703,sprint,c,mobile
1551090051268,submit,b5122,sprint,,mobile
1551090118186,enter,b5121,sprint,,mobile
1551090329478,respond,q6700,sprint,a,mobile
1551090341655,respond,q6700,sprint,a,mobile
1551090348764,submit,b5121,sprint,,mobile
1551090719898,enter,b5122,adaptive_offer,,mobile
1551090791805,respond,q6704,adaptive_offer,d,mobile
1551090799416,submit,b5122,adaptive_offer,,mobile
1551090886691,enter,b5191,adaptive_offer,,mobile
1551090934364,respond,q6860,adaptive_offer,a,mobile
1551090936745,respond,q6860,adaptive_offer,b,mobile
1551090942285,submit,b5191,adaptive_offer,,mobile
1551093068427,enter,b5187,adaptive_offer,,mobile
1551093212545,respond,q6843,adaptive_offer,b,mobile
1551093253838,respond,q6844,adaptive_offer,c,mobile
1551093260182,submit,b5187,adaptive_offer,,mobile
1551093347924,enter,b7922,sprint,,mobile
1551093499939,respond,q10645,sprint,b,mobile
1551093500999,respond,q10645,sprint,c,mobile
1551093548771,submit,b7922,sprint,,mobile
1551158944556,enter,b7490,sprint,,mobile
1551158956033,respond,q10139,sprint,a,mobile
1551158959229,respond,q10139,sprint,d,mobile
1551158962050,submit,b7490,sprint,,mobile
1551158989936,enter,b3866,sprint,,mobile
1551159028313,respond,q5334,sprint,a,mobile
1551159040245,submit,b3866,sprint,,mobile
1551162892418,enter,b3866,adaptive_offer,,mobile
1551162927073,respond,q5334,adaptive_offer,c,mobile
1551162930521,respond,q5334,adaptive_offer,d,mobile
1551162936872,submit,b3866,adaptive_offer,,mobile
1551162967158,enter,b3862,adaptive_offer,,mobile
1551162986503,respond,q5330,adaptive_offer,a,mobile
1551162994552,submit,b3862,adaptive_offer,,mobile
1551174760195,enter,b2272,sprint,,mobile
1551174788388,respond,q3740,sprint,a,mobile
1551174794611,submit,b2272,sprint,,mobile
1551174832691,enter,b3162,sprint,,mobile
1551174847444,respond,q4630,sprint,a,mobile
1551174851451,submit,b3162,sprint,,mobile
1551174871861,enter,b2167,sprint,,mobile
1551174896556,respond,q3635,sprint,b,mobile
1551174898838,respond,q3635,sprint,a,mobile
1551174901344,submit,b2167,sprint,,mobile
1551174940729,enter,b3071,sprint,,mobile
1551174947420,respond,q4539,sprint,d,mobile
1551174950038,submit,b3071,sprint,,mobile
1551174965511,enter,b4005,sprint,,mobile
1551174975557,respond,q5473,sprint,b,mobile
1551175005766,respond,q5473,sprint,b,mobile
1551175009791,submit,b4005,sprint,,mobile
1551175054990,enter,b1337,sprint,,mobile
1551175072193,respond,q1337,sprint,c,mobile
1551175076534,submit,b1337,sprint,,mobile
1551175094388,enter,b484,sprint,,mobile
1551175112671,respond,q484,sprint,c,mobile
1551175115104,submit,b484,sprint,,mobile
1551175238566,enter,b1111,sprint,,mobile
1551175256668,respond,q1111,sprint,c,mobile
1551175259590,respond,q1111,sprint,a,mobile
1551175263306,submit,b1111,sprint,,mobile
1551175286185,enter,b864,sprint,,mobile
1551175299451,respond,q864,sprint,b,mobile
1551175303701,submit,b864,sprint,,mobile
1551175323756,enter,b231,sprint,,mobile
1551175341472,respond,q231,sprint,c,mobile
1551175345070,submit,b231,sprint,,mobile
1551175360147,enter,b477,sprint,,mobile
1551175375120,respond,q477,sprint,b,mobile
1551175379454,submit,b477,sprint,,mobile
1551175399198,enter,b845,sprint,,mobile
1551175415744,respond,q845,sprint,a,mobile
1551175418533,submit,b845,sprint,,mobile
1551175454504,enter,b1167,sprint,,mobile
1551175472984,respond,q1167,sprint,b,mobile
1551175475195,submit,b1167,sprint,,mobile
1551175497937,enter,b414,sprint,,mobile
1551175518219,respond,q414,sprint,a,mobile
1551175520573,submit,b414,sprint,,mobile
1551175543502,enter,b957,sprint,,mobile
1551175560784,respond,q957,sprint,b,mobile
1551175563530,submit,b957,sprint,,mobile
1551175588106,enter,b200,sprint,,mobile
1551175648249,submit,b200,sprint,,mobile
1551180050769,enter,b7922,sprint,,mobile
1551180165938,respond,q10645,sprint,c,mobile
1551180176407,submit,b7922,sprint,,mobile
1551229178912,enter,b5202,adaptive_offer,,mobile
1551229230244,respond,q6904,adaptive_offer,a,mobile
1551229235510,submit,b5202,adaptive_offer,,mobile
1551229461561,enter,b7922,adaptive_offer,,mobile
1551229601105,respond,q10645,adaptive_offer,c,mobile
1551229604274,submit,b7922,adaptive_offer,,mobile
1551230569830,enter,b7922,adaptive_offer,,mobile
1551230630090,respond,q10645,adaptive_offer,d,mobile
1551230651126,submit,b7922,adaptive_offer,,mobile
1551230721925,enter,b8481,sprint,,mobile
1551230855973,respond,q11594,sprint,b,mobile
1551230879591,respond,q11594,sprint,d,mobile
1551230884491,submit,b8481,sprint,,mobile
1551230945671,enter,b5119,sprint,,mobile
1551231196906,respond,q6692,sprint,b,mobile
1551231234520,submit,b5119,sprint,,mobile
1551231380557,enter,b5194,sprint,,mobile
1551231568341,respond,q6872,sprint,d,mobile
1551231670221,respond,q6872,sprint,c,mobile
1551231692999,submit,b5194,sprint,,mobile
1551231897681,enter,b5182,sprint,,mobile
1551232111454,respond,q6824,sprint,a,mobile
1551232146076,submit,b5182,sprint,,mobile
1551232378367,enter,b7953,sprint,,mobile
1551232560492,respond,q10757,sprint,a,mobile
1551232577996,submit,b7953,sprint,,mobile
1551232789698,enter,b5112,adaptive_offer,,mobile
1551233020890,respond,q6662,adaptive_offer,b,mobile
1551233023907,submit,b5112,adaptive_offer,,mobile
1551233158844,enter,b5114,sprint,,mobile
1551233406717,respond,q6671,sprint,a,mobile
1551233419500,respond,q6670,sprint,c,mobile
1551233429627,respond,q6670,sprint,d,mobile
1551233433251,submit,b5114,sprint,,mobile
1551233633755,enter,b5122,adaptive_offer,,mobile
1551233806228,respond,q6703,adaptive_offer,b,mobile
1551233810277,submit,b5122,adaptive_offer,,mobile
1551233941941,enter,b5212,sprint,,mobile
1551234176958,respond,q6943,sprint,c,mobile
1551234181670,submit,b5212,sprint,,mobile
1551234200625,enter,b5212,adaptive_offer,,mobile
1551234291667,respond,q6944,adaptive_offer,c,mobile
1551234296565,respond,q6944,adaptive_offer,b,mobile
1551234300517,submit,b5212,adaptive_offer,,mobile
1551234437369,enter,b7922,adaptive_offer,,mobile
1551234482532,respond,q10645,adaptive_offer,d,mobile
1551234485797,submit,b7922,adaptive_offer,,mobile
1551234555011,enter,b5224,sprint,,mobile
1551234771381,respond,q6991,sprint,d,mobile
1551234779220,respond,q6991,sprint,b,mobile
1551234781471,respond,q6990,sprint,c,mobile
1551234783089,respond,q6989,sprint,a,mobile
1551234795413,respond,q6989,sprint,c,mobile
1551234800743,submit,b5224,sprint,,mobile
1551234901658,enter,b5207,adaptive_offer,,mobile
1551235190813,respond,q6924,adaptive_offer,a,mobile
1551235194778,submit,b5207,adaptive_offer,,mobile
1551235406950,enter,b180,sprint,,mobile
1551235420197,respond,q180,sprint,b,mobile
1551235430432,submit,b180,sprint,,mobile
1551235436818,enter,b5635,sprint,,mobile
1551235456428,respond,q8164,sprint,d,mobile
1551235458609,submit,b5635,sprint,,mobile
1551235468470,enter,b8207,sprint,,mobile
1551235489283,respond,q11154,sprint,a,mobile
1551235495338,submit,b8207,sprint,,mobile
1551235524882,enter,b5579,sprint,,mobile
1551235551168,respond,q8108,sprint,b,mobile
1551235554077,submit,b5579,sprint,,mobile
1551235590476,enter,b5567,sprint,,mobile
1551235619643,respond,q8096,sprint,d,mobile
1551235621778,submit,b5567,sprint,,mobile
1551239526839,enter,b5650,adaptive_offer,,mobile
1551239545943,respond,q8179,adaptive_offer,b,mobile
1551239549872,respond,q8179,adaptive_offer,d,mobile
1551239553415,respond,q8179,adaptive_offer,a,mobile
1551239556657,submit,b5650,adaptive_offer,,mobile
1551240168427,enter,b166,adaptive_offer,,mobile
1551240191363,respond,q166,adaptive_offer,a,mobile
1551240194666,submit,b166,adaptive_offer,,mobile
1551243771621,enter,b7,sprint,,mobile
1551243779084,submit,b7,sprint,,mobile
1551243783444,enter,b7,sprint,,mobile
1551243811369,respond,q7,sprint,b,mobile
1551243813686,submit,b7,sprint,,mobile
1551245795559,enter,b8185,sprint,,mobile
1551245816974,respond,q11132,sprint,a,mobile
1551245819391,submit,b8185,sprint,,mobile
1551245826360,enter,b5619,sprint,,mobile
1551245848703,respond,q8148,sprint,d,mobile
1551245850699,submit,b5619,sprint,,mobile
1551245863927,enter,b5623,sprint,,mobile
1551245886760,respond,q8152,sprint,b,mobile
1551245888982,submit,b5623,sprint,,mobile
1551245928307,enter,b100,sprint,,mobile
1551245945629,respond,q100,sprint,c,mobile
1551245951042,submit,b100,sprint,,mobile
1551245976780,enter,b8058,sprint,,mobile
1551245989395,respond,q11005,sprint,b,mobile
1551245998388,respond,q11005,sprint,b,mobile
1551246000931,submit,b8058,sprint,,mobile
1551246022920,enter,b18,sprint,,mobile
1551246045582,respond,q18,sprint,b,mobile
1551246047855,submit,b18,sprint,,mobile
1551246062344,enter,b5583,sprint,,mobile
1551246083856,submit,b5583,sprint,,mobile
1551246107796,enter,b78,sprint,,mobile
1551246129319,respond,q78,sprint,b,mobile
1551246131641,submit,b78,sprint,,mobile
1551246169022,enter,b8134,sprint,,mobile
1551246191003,respond,q11081,sprint,d,mobile
1551246198331,submit,b8134,sprint,,mobile
1551246223168,enter,b195,sprint,,mobile
1551246237301,respond,q195,sprint,b,mobile
1551246243593,respond,q195,sprint,b,mobile
1551246251398,submit,b195,sprint,,mobile
1551246276745,enter,b5569,sprint,,mobile
1551246290615,respond,q8098,sprint,b,mobile
1551246297480,respond,q8098,sprint,b,mobile
1551246299792,submit,b5569,sprint,,mobile
1551246310125,enter,b5530,sprint,,mobile
1551246320560,respond,q8059,sprint,a,mobile
1551246333102,submit,b5530,sprint,,mobile
1551246349238,enter,b8229,sprint,,mobile
1551246371251,respond,q11176,sprint,d,mobile
1551246373633,submit,b8229,sprint,,mobile
1551246394813,enter,b5564,sprint,,mobile
1551246415083,respond,q8093,sprint,d,mobile
1551246416865,respond,q8093,sprint,c,mobile
1551246420047,respond,q8093,sprint,a,mobile
1551246422243,submit,b5564,sprint,,mobile
1551246441179,enter,b107,sprint,,mobile
1551246463683,respond,q107,sprint,d,mobile
1551246465926,submit,b107,sprint,,mobile
1551246495949,enter,b5618,sprint,,mobile
1551246519019,respond,q8147,sprint,c,mobile
1551246521339,submit,b5618,sprint,,mobile
1551246563036,enter,b8110,sprint,,mobile
1551246583597,respond,q11057,sprint,b,mobile
1551246586324,respond,q11057,sprint,b,mobile
1551246588501,submit,b8110,sprint,,mobile
1551246611043,enter,b5541,sprint,,mobile
1551246628492,respond,q8070,sprint,c,mobile
1551246633772,submit,b5541,sprint,,mobile
1551246654283,enter,b5531,sprint,,mobile
1551246664238,respond,q8060,sprint,a,mobile
1551246675981,respond,q8060,sprint,a,mobile
1551246678710,submit,b5531,sprint,,mobile
1551246695957,enter,b5582,sprint,,mobile
1551246718115,respond,q8111,sprint,c,mobile
1551246721106,submit,b5582,sprint,,mobile
1551247034562,enter,b195,adaptive_offer,,mobile
1551247040240,respond,q195,adaptive_offer,c,mobile
1551247056286,submit,b195,adaptive_offer,,mobile
1551247060010,enter,b5623,adaptive_offer,,mobile
1551247080953,respond,q8152,adaptive_offer,c,mobile
1551247083079,submit,b5623,adaptive_offer,,mobile
1551247128941,enter,b314,sprint,,mobile
1551247143002,respond,q314,sprint,c,mobile
1551247145397,submit,b314,sprint,,mobile
1551247151472,enter,b665,sprint,,mobile
1551247167755,respond,q665,sprint,b,mobile
1551247171938,submit,b665,sprint,,mobile
1551247184120,enter,b995,sprint,,mobile
1551247201823,respond,q995,sprint,b,mobile
1551247204452,submit,b995,sprint,,mobile
1551247224964,enter,b1321,sprint,,mobile
1551247235064,respond,q1321,sprint,a,mobile
1551247243271,submit,b1321,sprint,,mobile
1551247264132,enter,b870,sprint,,mobile
1551247283625,respond,q870,sprint,b,mobile
1551247286161,respond,q870,sprint,a,mobile
1551247288598,submit,b870,sprint,,mobile
1551247309710,enter,b898,sprint,,mobile
1551247327644,respond,q898,sprint,c,mobile
1551247330096,submit,b898,sprint,,mobile
1551247337592,enter,b1006,sprint,,mobile
1551247357563,submit,b1006,sprint,,mobile
1551247364304,enter,b380,sprint,,mobile
1551247381957,respond,q380,sprint,b,mobile
1551247384444,submit,b380,sprint,,mobile
1551247405456,enter,b304,sprint,,mobile
1551247417384,respond,q304,sprint,a,mobile
1551247423459,submit,b304,sprint,,mobile
1551247429593,enter,b357,sprint,,mobile
1551247444824,respond,q357,sprint,b,mobile
1551247450421,submit,b357,sprint,,mobile
1551247855763,enter,b5179,adaptive_offer,,mobile
1551247971060,respond,q6811,adaptive_offer,d,mobile
1551248006551,submit,b5179,adaptive_offer,,mobile
1551248119757,enter,b8499,sprint,,mobile
1551248210345,respond,q11666,sprint,c,mobile
1551248232984,submit,b8499,sprint,,mobile
1551257284778,enter,b3322,sprint,,mobile
1551257297626,respond,q4790,sprint,b,mobile
1551257301778,submit,b3322,sprint,,mobile
1551257318394,enter,b7647,sprint,,mobile
1551257355296,respond,q10296,sprint,b,mobile
1551257360216,respond,q10296,sprint,a,mobile
1551257364934,submit,b7647,sprint,,mobile
1551257382923,enter,b4917,sprint,,mobile
1551257394623,respond,q6385,sprint,d,mobile
1551257403128,submit,b4917,sprint,,mobile
1551257427829,enter,b3581,sprint,,mobile
1551257458655,respond,q5049,sprint,a,mobile
1551257466688,submit,b3581,sprint,,mobile
1551257508356,enter,b3023,sprint,,mobile
1551257542714,respond,q4491,sprint,c,mobile
1551257544070,respond,q4491,sprint,d,mobile
1551257552862,submit,b3023,sprint,,mobile
1551257572448,enter,b5983,sprint,,mobile
1551257606154,respond,q8632,sprint,d,mobile
1551257646340,submit,b5983,sprint,,mobile
1551257714033,enter,b4688,sprint,,mobile
1551257726156,respond,q6156,sprint,c,mobile
1551257743225,submit,b4688,sprint,,mobile
1551257754746,enter,b3381,sprint,,mobile
1551257770511,respond,q4849,sprint,d,mobile
1551257797017,respond,q4849,sprint,c,mobile
1551257799854,submit,b3381,sprint,,mobile
1551257819848,enter,b2493,sprint,,mobile
1551257824203,respond,q3961,sprint,a,mobile
1551257848188,respond,q3961,sprint,a,mobile
1551257852233,submit,b2493,sprint,,mobile
1551257896731,enter,b5868,sprint,,mobile
1551257933406,respond,q8517,sprint,a,mobile
1551257942071,respond,q8517,sprint,c,mobile
1551257951021,respond,q8517,sprint,a,mobile
1551257968500,respond,q8517,sprint,d,mobile
1551257974809,respond,q8517,sprint,c,mobile
1551257976214,respond,q8517,sprint,a,mobile
1551257981710,submit,b5868,sprint,,mobile
1551258026951,enter,b3301,sprint,,mobile
1551258042450,respond,q4769,sprint,c,mobile
1551258046124,submit,b3301,sprint,,mobile
1551258063468,enter,b4181,sprint,,mobile
1551258086140,respond,q5649,sprint,b,mobile
1551258089759,submit,b4181,sprint,,mobile
1551258100843,enter,b4709,sprint,,mobile
1551258110068,respond,q6177,sprint,a,mobile
1551258116231,submit,b4709,sprint,,mobile
1551258229026,enter,b4688,adaptive_offer,,mobile
1551258246367,respond,q6156,adaptive_offer,d,mobile
1551258254250,submit,b4688,adaptive_offer,,mobile
1551258269273,enter,b3261,adaptive_offer,,mobile
1551258277320,respond,q4729,adaptive_offer,b,mobile
1551258279445,submit,b3261,adaptive_offer,,mobile
1551258512923,enter,b4716,adaptive_offer,,mobile
1551258524200,respond,q6184,adaptive_offer,c,mobile
1551258525379,respond,q6184,adaptive_offer,b,mobile
1551258528231,submit,b4716,adaptive_offer,,mobile
1551258532749,enter,b5082,adaptive_offer,,mobile
1551258537261,respond,q6550,adaptive_offer,a,mobile
1551258539905,submit,b5082,adaptive_offer,,mobile
1551258548325,enter,b3266,sprint,,mobile
1551258564612,respond,q4734,sprint,c,mobile
1551258583482,respond,q4734,sprint,a,mobile
1551258586350,submit,b3266,sprint,,mobile
1551258596732,enter,b6755,sprint,,mobile
1551258605918,respond,q9404,sprint,b,mobile
1551258610663,submit,b6755,sprint,,mobile
1551258670577,enter,b3230,sprint,,mobile
1551258682270,respond,q4698,sprint,d,mobile
1551258684099,respond,q4698,sprint,a,mobile
1551258693196,submit,b3230,sprint,,mobile
1551258713804,enter,b4169,sprint,,mobile
1551258728832,respond,q5637,sprint,a,mobile
1551258734164,submit,b4169,sprint,,mobile
1551258740399,enter,b2487,sprint,,mobile
1551258748363,respond,q3955,sprint,c,mobile
1551258765928,submit,b2487,sprint,,mobile
1551258970148,enter,b3752,adaptive_offer,,mobile
1551258981742,respond,q5220,adaptive_offer,b,mobile
1551258984909,submit,b3752,adaptive_offer,,mobile
1551258989558,enter,b3381,adaptive_offer,,mobile
1551259004344,respond,q4849,adaptive_offer,a,mobile
1551259007944,submit,b3381,adaptive_offer,,mobile
1551259417597,enter,b4169,adaptive_offer,,mobile
1551259422177,respond,q5637,adaptive_offer,a,mobile
1551259435588,respond,q5637,adaptive_offer,c,mobile
1551259437994,submit,b4169,adaptive_offer,,mobile
1551259449133,enter,b3266,adaptive_offer,,mobile
1551259459549,respond,q4734,adaptive_offer,c,mobile
1551259462357,submit,b3266,adaptive_offer,,mobile
1551259471558,enter,b7058,sprint,,mobile
1551259486320,respond,q9707,sprint,d,mobile
1551259489353,submit,b7058,sprint,,mobile
1551265898286,enter,b7921,sprint,,mobile
1551266095658,respond,q10641,sprint,a,mobile
1551266096740,respond,q10640,sprint,d,mobile
1551266097599,respond,q10639,sprint,b,mobile
1551266100248,respond,q10638,sprint,d,mobile
1551266125876,submit,b7921,sprint,,mobile
1551266274165,enter,b5180,sprint,,mobile
1551266432544,respond,q6814,sprint,a,mobile
1551266485152,respond,q6813,sprint,a,mobile
1551266513091,respond,q6814,sprint,a,mobile
1551266527930,submit,b5180,sprint,,mobile
1551266660757,enter,b5117,sprint,,mobile
1551266835659,respond,q6684,sprint,c,mobile
1551266840805,submit,b5117,sprint,,mobile
1551267268566,enter,b7921,adaptive_offer,,mobile
1551267413185,respond,q10641,adaptive_offer,c,mobile
1551267416539,submit,b7921,adaptive_offer,,mobile
1551267510337,enter,b8482,sprint,,mobile
1551267745571,respond,q11598,sprint,c,mobile
1551267789810,respond,q11598,sprint,b,mobile
1551267795170,submit,b8482,sprint,,mobile
1551267946572,enter,b5198,sprint,,mobile
1551268140909,respond,q6888,sprint,c,mobile
1551268151738,submit,b5198,sprint,,mobile
1551268390842,enter,b8248,sprint,,mobile
1551268417998,submit,b8248,sprint,,mobile
1551268440091,enter,b32,sprint,,mobile
1551268460221,respond,q32,sprint,a,mobile
1551268462493,submit,b32,sprint,,mobile
1551268488344,enter,b5605,sprint,,mobile
1551268512175,respond,q8134,sprint,c,mobile
1551268517640,submit,b5605,sprint,,mobile
1551268559343,enter,b5615,sprint,,mobile
1551268579397,respond,q8144,sprint,d,mobile
1551268581779,submit,b5615,sprint,,mobile
1551268600372,enter,b8262,sprint,,mobile
1551268620311,respond,q11209,sprint,a,mobile
1551268623057,submit,b8262,sprint,,mobile
1551268643705,enter,b5536,sprint,,mobile
1551268665099,respond,q8065,sprint,d,mobile
1551268667183,submit,b5536,sprint,,mobile
1551268688040,enter,b2,sprint,,mobile
1551268708012,respond,q2,sprint,a,mobile
1551268710442,submit,b2,sprint,,mobile
1551268733738,enter,b44,sprint,,mobile
1551268754170,respond,q44,sprint,d,mobile
1551268756501,submit,b44,sprint,,mobile
1551268775290,enter,b8056,sprint,,mobile
1551268800183,submit,b8056,sprint,,mobile
1551268857222,enter,b14,sprint,,mobile
1551268875605,respond,q14,sprint,c,mobile
1551268879402,respond,q14,sprint,a,mobile
1551268882932,submit,b14,sprint,,mobile
1551268914194,enter,b192,sprint,,mobile
1551268936245,respond,q192,sprint,b,mobile
1551268938757,submit,b192,sprint,,mobile
1551268962562,enter,b5597,sprint,,mobile
1551268984782,respond,q8126,sprint,c,mobile
1551268986953,submit,b5597,sprint,,mobile
1551269010311,enter,b8118,sprint,,mobile
1551269023119,respond,q11065,sprint,b,mobile
1551269031512,respond,q11065,sprint,b,mobile
1551269036308,submit,b8118,sprint,,mobile
1551269045582,enter,b5593,sprint,,mobile
1551269075494,respond,q8122,sprint,a,mobile
1551269086846,submit,b5593,sprint,,mobile
1551269111324,enter,b5642,sprint,,mobile
1551269140833,respond,q8171,sprint,b,mobile
1551269143163,submit,b5642,sprint,,mobile
1551269170645,enter,b5535,sprint,,mobile
1551269189043,respond,q8064,sprint,c,mobile
1551269194879,submit,b5535,sprint,,mobile
1551269217804,enter,b8167,sprint,,mobile
1551269237413,respond,q11114,sprint,c,mobile
1551269242900,submit,b8167,sprint,,mobile
1551269287279,enter,b38,sprint,,mobile
1551269309607,respond,q38,sprint,a,mobile
1551269312244,submit,b38,sprint,,mobile
1551269381086,enter,b1,sprint,,mobile
1551269394756,respond,q1,sprint,b,mobile
1551269401689,respond,q1,sprint,b,mobile
1551269404387,submit,b1,sprint,,mobile
1551269452996,enter,b5611,sprint,,mobile
1551269474045,respond,q8140,sprint,a,mobile
1551269476594,submit,b5611,sprint,,mobile
1551269784061,enter,b162,adaptive_offer,,mobile
1551269798480,respond,q162,adaptive_offer,b,mobile
1551269809409,submit,b162,adaptive_offer,,mobile
1551269851707,enter,b5593,adaptive_offer,,mobile
1551269875338,submit,b5593,adaptive_offer,,mobile
1551269912668,enter,b5593,review_quiz,,mobile
1551269915757,respond,q8122,review_quiz,d,mobile
1551269917536,submit,b5593,review_quiz,,mobile
1551269920848,enter,b162,review_quiz,,mobile
1551269923200,respond,q162,review_quiz,b,mobile
1551269935650,submit,b162,review_quiz,,mobile
1551269940698,enter,b5611,review_quiz,,mobile
1551269953330,respond,q8140,review_quiz,b,mobile
1551269959733,submit,b5611,review_quiz,,mobile
1551269969376,enter,b1,review_quiz,,mobile
1551269977496,respond,q1,review_quiz,b,mobile
1551269982726,submit,b1,review_quiz,,mobile
1551269985836,enter,b38,review_quiz,,mobile
1551269991179,submit,b38,review_quiz,,mobile
1551270001040,enter,b477,review_quiz,,mobile
1551270015325,respond,q477,review_quiz,b,mobile
1551270020263,submit,b477,review_quiz,,mobile
1551270023462,enter,b3901,review_quiz,,mobile
1551270028884,respond,q5369,review_quiz,a,mobile
1551270039551,submit,b3901,review_quiz,,mobile
1551270047118,enter,b1105,review_quiz,,mobile
1551270063074,respond,q1105,review_quiz,c,mobile
1551270065399,submit,b1105,review_quiz,,mobile
1551270076665,enter,b3927,review_quiz,,mobile
1551270095262,respond,q5395,review_quiz,d,mobile
1551270131248,respond,q5395,review_quiz,b,mobile
1551270134315,submit,b3927,review_quiz,,mobile
1551270170476,enter,b5027,review_quiz,,mobile
1551270184400,respond,q6495,review_quiz,d,mobile
1551270188946,respond,q6495,review_quiz,a,mobile
1551270191136,submit,b5027,review_quiz,,mobile
1551270206611,enter,b84,review_quiz,,mobile
1551270230362,respond,q84,review_quiz,a,mobile
1551270232623,submit,b84,review_quiz,,mobile
1551270265528,enter,b1314,review_quiz,,mobile
1551270291876,respond,q1314,review_quiz,c,mobile
1551270293966,submit,b1314,review_quiz,,mobile
1551270318283,enter,b4306,review_quiz,,mobile
1551270356170,submit,b4306,review_quiz,,mobile
1551270390893,enter,b1592,review_quiz,,mobile
1551270492861,respond,q1974,review_quiz,c,mobile
1551270496268,submit,b1592,review_quiz,,mobile
1551346970211,enter,b4065,sprint,,mobile
1551346982767,respond,q5533,sprint,d,mobile
1551347006125,submit,b4065,sprint,,mobile
1551347058984,enter,b4318,sprint,,mobile
1551347080726,respond,q5786,sprint,d,mobile
1551347102659,submit,b4318,sprint,,mobile
1551347142125,enter,b4785,sprint,,mobile
1551347161875,respond,q6253,sprint,c,mobile
1551347168389,submit,b4785,sprint,,mobile
1551347224732,enter,b5961,sprint,,mobile
1551347233388,respond,q8610,sprint,c,mobile
1551347257146,respond,q8610,sprint,c,mobile
1551347259257,submit,b5961,sprint,,mobile
1551347303743,enter,b3542,sprint,,mobile
1551347316959,respond,q5010,sprint,a,mobile
1551347321013,submit,b3542,sprint,,mobile
1551347331759,enter,b3010,sprint,,mobile
1551347343070,respond,q4478,sprint,b,mobile
1551347347925,submit,b3010,sprint,,mobile
1551347560039,enter,b3010,adaptive_offer,,mobile
1551347562774,respond,q4478,adaptive_offer,a,mobile
1551347564937,submit,b3010,adaptive_offer,,mobile
1551347569806,enter,b4319,adaptive_offer,,mobile
1551347574661,respond,q5787,adaptive_offer,a,mobile
1551347576793,submit,b4319,adaptive_offer,,mobile
1551347583847,enter,b4826,sprint,,mobile
1551347612425,respond,q6294,sprint,d,mobile
1551347616923,submit,b4826,sprint,,mobile
1551347634086,enter,b6780,sprint,,mobile
1551347642588,respond,q9429,sprint,b,mobile
1551347645328,submit,b6780,sprint,,mobile
1551347651118,enter,b3354,sprint,,mobile
1551347682772,respond,q4822,sprint,b,mobile
1551347690060,submit,b3354,sprint,,mobile
1551347706983,enter,b4098,sprint,,mobile
1551347734957,respond,q5566,sprint,c,mobile
1551347738285,submit,b4098,sprint,,mobile
1551347755466,enter,b3391,sprint,,mobile
1551347779671,respond,q4859,sprint,a,mobile
1551347785123,respond,q4859,sprint,b,mobile
1551347789366,submit,b3391,sprint,,mobile
1551348199699,enter,b3391,adaptive_offer,,mobile
1551348208427,respond,q4859,adaptive_offer,a,mobile
1551348212392,submit,b3391,adaptive_offer,,mobile
1551348227247,enter,b3230,adaptive_offer,,mobile
1551348233796,respond,q4698,adaptive_offer,d,mobile
1551348235724,submit,b3230,adaptive_offer,,mobile
1551348693959,enter,b5220,sprint,,mobile
1551348715627,respond,q6975,sprint,c,mobile
1551348725559,submit,b5220,sprint,,mobile
1551348788281,enter,b5088,sprint,,mobile
1551348931111,respond,q6568,sprint,d,mobile
1551348945948,respond,q6567,sprint,b,mobile
1551348962424,submit,b5088,sprint,,mobile
1551351647262,enter,b7911,sprint,,mobile
1551351836082,respond,q10600,sprint,a,mobile
1551351860253,respond,q10600,sprint,b,mobile
1551351868970,respond,q10600,sprint,c,mobile
1551351873663,submit,b7911,sprint,,mobile
1551360304668,enter,b5167,sprint,,mobile
1551360442111,respond,q6764,sprint,d,mobile
1551360454462,respond,q6764,sprint,a,mobile
1551360496594,respond,q6764,sprint,d,mobile
1551360501762,submit,b5167,sprint,,mobile
1551360555276,enter,b5113,sprint,,mobile
1551360821981,respond,q6667,sprint,c,mobile
1551360841063,respond,q6667,sprint,d,mobile
1551360845110,submit,b5113,sprint,,mobile
1551360915908,enter,b5116,sprint,,mobile
1551361061324,respond,q6680,sprint,c,mobile
1551361068361,submit,b5116,sprint,,mobile
1551361197507,enter,b8465,sprint,,mobile
1551361344146,respond,q11530,sprint,a,mobile
1551361391098,respond,q11530,sprint,a,mobile
1551361395637,submit,b8465,sprint,,mobile
1551361567446,enter,b5089,sprint,,mobile
1551361797744,respond,q6570,sprint,d,mobile
1551361808264,respond,q6570,sprint,c,mobile
1551361825698,respond,q6570,sprint,a,mobile
1551361833095,submit,b5089,sprint,,mobile
1551361845308,enter,b5122,adaptive_offer,,mobile
1551361921515,respond,q6703,adaptive_offer,b,mobile
1551361925541,submit,b5122,adaptive_offer,,mobile
1551362286025,enter,b6507,sprint,,mobile
1551362320400,respond,q9156,sprint,d,mobile
1551362336327,respond,q9156,sprint,a,mobile
1551362340467,submit,b6507,sprint,,mobile
1551362382307,enter,b4742,sprint,,mobile
1551362388860,respond,q6210,sprint,a,mobile
1551362389844,respond,q6210,sprint,b,mobile
1551362412919,respond,q6210,sprint,d,mobile
1551362427001,submit,b4742,sprint,,mobile
1551362459042,enter,b3924,sprint,,mobile
1551362467036,respond,q5392,sprint,a,mobile
1551362472544,submit,b3924,sprint,,mobile
1551362492888,enter,b3625,sprint,,mobile
1551362512707,respond,q5093,sprint,b,mobile
1551362517025,respond,q5093,sprint,a,mobile
1551362525292,submit,b3625,sprint,,mobile
1551362569094,enter,b6318,sprint,,mobile
1551362574604,respond,q8967,sprint,a,mobile
1551362584229,submit,b6318,sprint,,mobile
1551362605054,enter,b4796,sprint,,mobile
1551362630763,respond,q6264,sprint,c,mobile
1551362643399,respond,q6264,sprint,b,mobile
1551362646584,submit,b4796,sprint,,mobile
1551362654213,enter,b3602,sprint,,mobile
1551362695986,respond,q5070,sprint,d,mobile
1551362698850,submit,b3602,sprint,,mobile
1551362710225,enter,b4592,sprint,,mobile
1551362733574,respond,q6060,sprint,c,mobile
1551362738293,submit,b4592,sprint,,mobile
1551362743522,enter,b7576,sprint,,mobile
1551362764205,respond,q10225,sprint,c,mobile
1551362803011,submit,b7576,sprint,,mobile
1551362858014,enter,b3090,sprint,,mobile
1551362889419,respond,q4558,sprint,c,mobile
1551362891825,submit,b3090,sprint,,mobile
1551363157248,enter,b1291,sprint,,mobile
1551363178194,respond,q1291,sprint,c,mobile
1551363184539,submit,b1291,sprint,,mobile
1551363211717,enter,b1188,sprint,,mobile
1551363222877,respond,q1188,sprint,a,mobile
1551363230452,submit,b1188,sprint,,mobile
1551363249264,enter,b514,sprint,,mobile
1551363264360,respond,q514,sprint,c,mobile
1551363267327,submit,b514,sprint,,mobile
1551363284811,enter,b1388,sprint,,mobile
1551363299951,respond,q1388,sprint,b,mobile
1551363304758,submit,b1388,sprint,,mobile
1551363309289,enter,b374,sprint,,mobile
1551363327377,respond,q374,sprint,a,mobile
1551363329801,respond,q374,sprint,a,mobile
1551363332366,submit,b374,sprint,,mobile
1551363342621,enter,b276,sprint,,mobile
1551363358717,respond,q276,sprint,b,mobile
1551363361243,submit,b276,sprint,,mobile
1551363367984,enter,b596,sprint,,mobile
1551363380099,respond,q596,sprint,b,mobile
1551363384809,submit,b596,sprint,,mobile
1551363402152,enter,b611,sprint,,mobile
1551363422474,respond,q611,sprint,b,mobile
1551363426754,submit,b611,sprint,,mobile
1551363433629,enter,b449,sprint,,mobile
1551363451051,respond,q449,sprint,a,mobile
1551363453151,submit,b449,sprint,,mobile
1551363460238,enter,b1317,sprint,,mobile
1551363476483,respond,q1317,sprint,a,mobile
1551363479051,submit,b1317,sprint,,mobile
1551363669182,enter,b212,adaptive_offer,,mobile
1551363684711,respond,q212,adaptive_offer,b,mobile
1551363689627,submit,b212,adaptive_offer,,mobile
1551363700182,enter,b296,adaptive_offer,,mobile
1551363716530,respond,q296,adaptive_offer,b,mobile
1551363719388,submit,b296,adaptive_offer,,mobile
1551363746932,enter,b1165,sprint,,mobile
1551363757673,respond,q1165,sprint,a,mobile
1551363772321,submit,b1165,sprint,,mobile
1551363777255,enter,b1188,adaptive_offer,,mobile
1551363785377,respond,q1188,adaptive_offer,c,mobile
1551363787766,submit,b1188,adaptive_offer,,mobile
1551363791019,enter,b273,adaptive_offer,,mobile
1551363809520,respond,q273,adaptive_offer,b,mobile
1551363811860,submit,b273,adaptive_offer,,mobile
1551363816134,enter,b1165,adaptive_offer,,mobile
1551363833432,respond,q1165,adaptive_offer,c,mobile
1551363835662,submit,b1165,adaptive_offer,,mobile
1551363848376,enter,b200,sprint,,mobile
1551363866324,respond,q200,sprint,b,mobile
1551363870510,submit,b200,sprint,,mobile
1551363875847,enter,b674,sprint,,mobile
1551363892875,respond,q674,sprint,c,mobile
1551363895263,submit,b674,sprint,,mobile
1551363899478,enter,b1225,sprint,,mobile
1551363915764,respond,q1225,sprint,c,mobile
1551363918050,submit,b1225,sprint,,mobile
1551363923424,enter,b751,sprint,,mobile
1551363943464,submit,b751,sprint,,mobile
1551363948243,enter,b751,sprint,,mobile
1551363954920,respond,q751,sprint,b,mobile
1551363957381,submit,b751,sprint,,mobile
1551363971201,enter,b1258,sprint,,mobile
1551363988779,respond,q1258,sprint,c,mobile
1551363991981,submit,b1258,sprint,,mobile
1551364112885,enter,b1062,sprint,,mobile
1551364114792,submit,b1062,sprint,,mobile
1551364117946,enter,b1062,sprint,,mobile
1551364142731,submit,b1062,sprint,,mobile
1551364151301,enter,b552,sprint,,mobile
1551364170036,respond,q552,sprint,b,mobile
1551364172549,submit,b552,sprint,,mobile
1551364179786,enter,b807,sprint,,mobile
1551364210006,submit,b807,sprint,,mobile
1551364218548,enter,b1221,sprint,,mobile
1551364241849,submit,b1221,sprint,,mobile
1551364426814,enter,b200,adaptive_offer,,mobile
1551364450540,respond,q200,adaptive_offer,c,mobile
1551364452915,submit,b200,adaptive_offer,,mobile
1551364464621,enter,b807,adaptive_offer,,mobile
1551364486369,respond,q807,adaptive_offer,c,mobile
1551364487479,respond,q807,adaptive_offer,b,mobile
1551364490172,submit,b807,adaptive_offer,,mobile
1551364512337,enter,b824,sprint,,mobile
1551364532500,submit,b824,sprint,,mobile
1551364550148,enter,b1400,sprint,,mobile
1551364560034,respond,q1400,sprint,a,mobile
1551364568670,submit,b1400,sprint,,mobile
1551364572545,enter,b772,sprint,,mobile
1551364591913,respond,q772,sprint,c,mobile
1551364594127,submit,b772,sprint,,mobile
1551364614738,enter,b230,sprint,,mobile
1551364633539,submit,b230,sprint,,mobile
1551364644327,enter,b1062,sprint,,mobile
1551364662897,respond,q1062,sprint,c,mobile
1551364664189,respond,q1062,sprint,a,mobile
1551364666255,submit,b1062,sprint,,mobile
1551364808749,enter,b230,adaptive_offer,,mobile
1551364821407,respond,q230,adaptive_offer,b,mobile
1551364827604,submit,b230,adaptive_offer,,mobile
1551364848522,enter,b650,adaptive_offer,,mobile
1551364867580,respond,q650,adaptive_offer,b,mobile
1551364869941,submit,b650,adaptive_offer,,mobile
1551411136047,enter,b4292,sprint,,mobile
1551411143412,respond,q5760,sprint,b,mobile
1551411146575,submit,b4292,sprint,,mobile
1551411217753,enter,b6009,sprint,,mobile
1551411242806,respond,q8658,sprint,b,mobile
1551411254328,respond,q8658,sprint,a,mobile
1551411256876,submit,b6009,sprint,,mobile
1551411280583,enter,b6816,sprint,,mobile
1551411330811,respond,q9465,sprint,b,mobile
1551411348005,respond,q9465,sprint,a,mobile
1551411351311,submit,b6816,sprint,,mobile
1551411385996,enter,b4215,sprint,,mobile
1551411447642,respond,q5683,sprint,b,mobile
1551411451906,submit,b4215,sprint,,mobile
1551411470744,enter,b3048,sprint,,mobile
1551411492357,respond,q4516,sprint,c,mobile
1551411501705,respond,q4516,sprint,d,mobile
1551411507463,respond,q4516,sprint,c,mobile
1551411513919,submit,b3048,sprint,,mobile
1551411540224,enter,b4532,sprint,,mobile
1551411568908,respond,q6000,sprint,a,mobile
1551411571979,submit,b4532,sprint,,mobile
1551411620524,enter,b7649,sprint,,mobile
1551411641621,respond,q10298,sprint,c,mobile
1551411668856,respond,q10298,sprint,b,mobile
1551411679872,submit,b7649,sprint,,mobile
1551411738112,enter,b3991,sprint,,mobile
1551411755992,respond,q5459,sprint,b,mobile
1551411761744,submit,b3991,sprint,,mobile
1551411794562,enter,b3092,sprint,,mobile
1551411847260,respond,q4560,sprint,c,mobile
1551411859724,submit,b3092,sprint,,mobile
1551411961068,enter,b4854,sprint,,mobile
1551411980554,respond,q6322,sprint,a,mobile
1551411983015,submit,b4854,sprint,,mobile
1551412004869,enter,b6119,sprint,,mobile
1551412022318,respond,q8768,sprint,c,mobile
1551412029071,respond,q8768,sprint,b,mobile
1551412035219,submit,b6119,sprint,,mobile
1551412095788,enter,b2698,sprint,,mobile
1551412125060,respond,q4166,sprint,d,mobile
1551412133968,submit,b2698,sprint,,mobile
1551412205982,enter,b3170,sprint,,mobile
1551412221567,respond,q4638,sprint,c,mobile
1551412231144,respond,q4638,sprint,a,mobile
1551412234231,submit,b3170,sprint,,mobile
1551412249769,enter,b2749,sprint,,mobile
1551412261172,respond,q4217,sprint,b,mobile
1551412264621,submit,b2749,sprint,,mobile
1551412281608,enter,b6829,sprint,,mobile
1551412324189,respond,q9478,sprint,a,mobile
1551412330309,submit,b6829,sprint,,mobile
1551412393377,enter,b4769,sprint,,mobile
1551412407627,respond,q6237,sprint,b,mobile
1551412422194,respond,q6237,sprint,c,mobile
1551412423470,respond,q6237,sprint,d,mobile
1551412443754,respond,q6237,sprint,a,mobile
1551412446668,submit,b4769,sprint,,mobile
1551412499957,enter,b3503,sprint,,mobile
1551412507402,respond,q4971,sprint,d,mobile
1551412509791,submit,b3503,sprint,,mobile
1551412522363,enter,b4869,sprint,,mobile
1551412544060,respond,q6337,sprint,b,mobile
1551412556357,submit,b4869,sprint,,mobile
1551429076410,enter,b6367,sprint,,mobile
1551429105192,respond,q9016,sprint,a,mobile
1551429109387,respond,q9016,sprint,b,mobile
1551429112925,submit,b6367,sprint,,mobile
1551429145153,enter,b4665,sprint,,mobile
1551429171732,respond,q6133,sprint,a,mobile
1551429177574,submit,b4665,sprint,,mobile
1551429260747,enter,b2970,sprint,,mobile
1551429267112,respond,q4438,sprint,a,mobile
1551429271210,respond,q4438,sprint,a,mobile
1551429274174,submit,b2970,sprint,,mobile
1551429398036,enter,b5206,sprint,,mobile
1551429653947,respond,q6920,sprint,d,mobile
1551429670463,submit,b5206,sprint,,mobile
1551429758957,enter,b5221,sprint,,mobile
1551429974645,respond,q6980,sprint,b,mobile
1551429978976,respond,q6979,sprint,a,mobile
1551429980407,respond,q6978,sprint,b,mobile
1551429981195,respond,q6977,sprint,a,mobile
1551429982073,respond,q6978,sprint,b,mobile
1551429982708,respond,q6979,sprint,a,mobile
1551429983354,respond,q6980,sprint,b,mobile
1551429988555,submit,b5221,sprint,,mobile
1551434338841,enter,b5089,adaptive_offer,,mobile
1551434477147,respond,q6571,adaptive_offer,d,mobile
1551434480651,respond,q6571,adaptive_offer,a,mobile
1551434498278,respond,q6572,adaptive_offer,b,mobile
1551434501686,respond,q6572,adaptive_offer,c,mobile
1551434513007,respond,q6572,adaptive_offer,a,mobile
1551434540828,submit,b5089,adaptive_offer,,mobile
1551435699730,enter,b8471,sprint,,mobile
1551435839490,respond,q11553,sprint,d,mobile
1551435844533,submit,b8471,sprint,,mobile
1551437798244,enter,b5201,sprint,,mobile
1551437974151,respond,q6900,sprint,d,mobile
1551438021501,submit,b5201,sprint,,mobile
1551438206728,enter,b5206,adaptive_offer,,mobile
1551438265020,respond,q6920,adaptive_offer,b,mobile
1551438275214,submit,b5206,adaptive_offer,,mobile
1551450454886,enter,b5199,sprint,,mobile
1551450682428,respond,q6892,sprint,a,mobile
1551450686595,submit,b5199,sprint,,mobile
1551450738029,enter,b5172,sprint,,mobile
1551450842309,submit,b5172,sprint,,mobile
1551450853780,enter,b5085,sprint,,mobile
1551450927622,respond,q6556,sprint,c,mobile
1551450936983,submit,b5085,sprint,,mobile
1551450989809,enter,b5199,adaptive_offer,,mobile
1551451056257,respond,q6892,adaptive_offer,b,mobile
1551451059783,submit,b5199,adaptive_offer,,mobile
1551451157921,enter,b8524,sprint,,mobile
1551451288346,respond,q11764,sprint,a,mobile
1551451292012,submit,b8524,sprint,,mobile
1551509938378,enter,b1381,sprint,,mobile
1551509953192,respond,q1381,sprint,b,mobile
1551509958952,submit,b1381,sprint,,mobile
1551509985015,enter,b284,sprint,,mobile
1551510001728,respond,q284,sprint,b,mobile
1551510007188,submit,b284,sprint,,mobile
1551510029137,enter,b778,sprint,,mobile
1551510039431,respond,q778,sprint,a,mobile
1551510047500,submit,b778,sprint,,mobile
1551510058424,enter,b1304,sprint,,mobile
1551510068096,respond,q1304,sprint,a,mobile
1551510077108,submit,b1304,sprint,,mobile
1551510099593,enter,b432,sprint,,mobile
1551510109160,respond,q432,sprint,a,mobile
1551510113176,respond,q432,sprint,a,mobile
1551510118228,submit,b432,sprint,,mobile
1551510125843,enter,b1032,sprint,,mobile
1551510142494,respond,q1032,sprint,c,mobile
1551510144858,submit,b1032,sprint,,mobile
1551510158404,enter,b663,sprint,,mobile
1551510173611,respond,q663,sprint,b,mobile
1551510178339,submit,b663,sprint,,mobile
1551510204655,enter,b657,sprint,,mobile
1551510214237,respond,q657,sprint,a,mobile
1551510224214,submit,b657,sprint,,mobile
1551510248118,enter,b708,sprint,,mobile
1551510266374,respond,q708,sprint,a,mobile
1551510268923,submit,b708,sprint,,mobile
1551510293373,enter,b683,sprint,,mobile
1551510306519,respond,q683,sprint,b,mobile
1551510311132,submit,b683,sprint,,mobile
1551510369148,enter,b5214,sprint,,mobile
1551510701744,respond,q6949,sprint,c,mobile
1551510707371,submit,b5214,sprint,,mobile
1551511057660,enter,b5175,sprint,,mobile
1551511255944,respond,q6796,sprint,c,mobile
1551511257902,respond,q6796,sprint,b,mobile
1551511263849,submit,b5175,sprint,,mobile
1551511328920,enter,b5214,adaptive_offer,,mobile
1551511438852,respond,q6951,adaptive_offer,d,mobile
1551511443930,submit,b5214,adaptive_offer,,mobile
1551511639648,enter,b5201,adaptive_offer,,mobile
1551511935456,respond,q6900,adaptive_offer,d,mobile
1551511941247,respond,q6900,adaptive_offer,c,mobile
1551511950635,respond,q6900,adaptive_offer,b,mobile
1551511964389,submit,b5201,adaptive_offer,,mobile
1551522421770,enter,b5214,adaptive_offer,,mobile
1551522505884,respond,q6952,adaptive_offer,b,mobile
1551522510614,submit,b5214,adaptive_offer,,mobile
1551523699244,enter,b5175,adaptive_offer,,mobile
1551523765277,respond,q6796,adaptive_offer,d,mobile
1551523766181,respond,q6796,adaptive_offer,c,mobile
1551523770337,submit,b5175,adaptive_offer,,mobile
1551523808562,enter,b5204,sprint,,mobile
1551524104967,submit,b5204,sprint,,mobile
1551524153584,enter,b5204,sprint,,mobile
1551524178790,respond,q6911,sprint,c,mobile
1551524192031,respond,q6911,sprint,b,mobile
1551524198464,submit,b5204,sprint,,mobile
1551524377927,enter,b7694,sprint,,mobile
1551524723506,respond,q10365,sprint,c,mobile
1551524738086,respond,q10365,sprint,b,mobile
1551524742241,submit,b7694,sprint,,mobile
1551525327183,enter,b1819,sprint,,mobile
1551525407651,respond,q2655,sprint,a,mobile
1551525416394,submit,b1819,sprint,,mobile
1551525468110,enter,b2068,sprint,,mobile
1551525557117,respond,q3402,sprint,c,mobile
1551525561180,submit,b2068,sprint,,mobile
1551525589822,enter,b1950,sprint,,mobile
1551525711534,respond,q3048,sprint,b,mobile
1551525730464,respond,q3048,sprint,d,mobile
1551525738136,submit,b1950,sprint,,mobile
1551525827179,enter,b1957,sprint,,mobile
1551526144198,respond,q3069,sprint,a,mobile
1551526166986,respond,q3069,sprint,a,mobile
1551526175496,submit,b1957,sprint,,mobile
1551526344156,enter,b1957,sprint,,mobile
1551526421015,submit,b1957,sprint,,mobile
1551526421066,enter,b1958,sprint,,mobile
1551526515071,respond,q3072,sprint,c,mobile
1551526533166,submit,b1958,sprint,,mobile
1551526614557,enter,b1915,sprint,,mobile
1551526688191,respond,q2943,sprint,c,mobile
1551526695960,submit,b1915,sprint,,mobile
1551526778342,enter,b8334,sprint,,mobile
1551526857176,submit,b8334,sprint,,mobile
1551527083636,enter,b1958,adaptive_offer,,mobile
1551527164228,respond,q3072,adaptive_offer,a,mobile
1551527168486,submit,b1958,adaptive_offer,,mobile
1551527339286,enter,b8323,sprint,,mobile
1551527412984,respond,q11275,sprint,c,mobile
1551527419055,respond,q11275,sprint,c,mobile
1551527422467,submit,b8323,sprint,,mobile
1551527468103,enter,b1887,sprint,,mobile
1551527546565,respond,q2859,sprint,d,mobile
1551527556887,respond,q2859,sprint,a,mobile
1551527565867,submit,b1887,sprint,,mobile
1551527650363,enter,b1801,sprint,,mobile
1551527723321,submit,b1801,sprint,,mobile
1551527950730,enter,b1915,adaptive_offer,,mobile
1551528017610,respond,q2943,adaptive_offer,d,mobile
1551528025059,submit,b1915,adaptive_offer,,mobile
1551528315064,enter,b3071,adaptive_offer,,mobile
1551528317189,respond,q4539,adaptive_offer,a,mobile
1551528319097,submit,b3071,adaptive_offer,,mobile
1551528323174,enter,b2698,adaptive_offer,,mobile
1551528326010,respond,q4166,adaptive_offer,b,mobile
1551528328311,submit,b2698,adaptive_offer,,mobile
1551528341154,enter,b2288,sprint,,mobile
1551528382690,respond,q3756,sprint,a,mobile
1551528386391,submit,b2288,sprint,,mobile
1551528426865,enter,b7177,sprint,,mobile
1551528440647,respond,q9826,sprint,b,mobile
1551528445910,respond,q9826,sprint,d,mobile
1551528447005,respond,q9826,sprint,c,mobile
1551528448752,respond,q9826,sprint,a,mobile
1551528453697,submit,b7177,sprint,,mobile
1551528497831,enter,b3267,sprint,,mobile
1551528503663,respond,q4735,sprint,d,mobile
1551528506933,submit,b3267,sprint,,mobile
1551528515731,enter,b5768,sprint,,mobile
1551528544616,respond,q8417,sprint,c,mobile
1551528552327,respond,q8417,sprint,c,mobile
1551528590100,respond,q8417,sprint,b,mobile
1551528593978,submit,b5768,sprint,,mobile
1551528917863,enter,b4826,adaptive_offer,,mobile
1551528943067,respond,q6294,adaptive_offer,c,mobile
1551528949789,respond,q6294,adaptive_offer,b,mobile
1551528952092,submit,b4826,adaptive_offer,,mobile
1551529012369,enter,b5768,adaptive_offer,,mobile
1551529025807,respond,q8417,adaptive_offer,d,mobile
1551529031294,submit,b5768,adaptive_offer,,mobile
1551529112697,enter,b2533,sprint,,mobile
1551529141549,respond,q4001,sprint,a,mobile
1551529144935,submit,b2533,sprint,,mobile
1551529358323,enter,b2533,adaptive_offer,,mobile
1551529366389,respond,q4001,adaptive_offer,b,mobile
1551529370173,submit,b2533,adaptive_offer,,mobile
1551529495210,enter,b3297,adaptive_offer,,mobile
1551529499410,respond,q4765,adaptive_offer,a,mobile
1551529502680,submit,b3297,adaptive_offer,,mobile
1551529524840,enter,b5678,sprint,,mobile
1551529539963,respond,q8207,sprint,a,mobile
1551529548789,submit,b5678,sprint,,mobile
1551529562803,enter,b4291,sprint,,mobile
1551529573807,respond,q5759,sprint,b,mobile
1551529578331,respond,q5759,sprint,d,mobile
1551529581797,submit,b4291,sprint,,mobile
1551529612698,enter,b4524,sprint,,mobile
1551529617325,respond,q5992,sprint,a,mobile
1551529619778,submit,b4524,sprint,,mobile
1551529632244,enter,b4754,sprint,,mobile
1551529658964,respond,q6222,sprint,c,mobile
1551529666361,submit,b4754,sprint,,mobile
1551529760952,enter,b6793,sprint,,mobile
1551529775008,respond,q9442,sprint,a,mobile
1551529789173,respond,q9442,sprint,b,mobile
1551529791849,submit,b6793,sprint,,mobile
1551529858486,enter,b2678,adaptive_offer,,mobile
1551529875571,respond,q4146,adaptive_offer,c,mobile
1551529886375,respond,q4146,adaptive_offer,a,mobile
1551529889534,submit,b2678,adaptive_offer,,mobile
1551529928879,enter,b4769,adaptive_offer,,mobile
1551529945169,respond,q6237,adaptive_offer,b,mobile
1551529951990,respond,q6237,adaptive_offer,d,mobile
1551529958035,submit,b4769,adaptive_offer,,mobile
1551530005204,enter,b4867,adaptive_offer,,mobile
1551530019170,respond,q6335,adaptive_offer,b,mobile
1551530025956,submit,b4867,adaptive_offer,,mobile
1551530107380,enter,b4869,adaptive_offer,,mobile
1551530121609,respond,q6337,adaptive_offer,b,mobile
1551530131714,respond,q6337,adaptive_offer,d,mobile
1551530134419,submit,b4869,adaptive_offer,,mobile
1551530156892,enter,b3050,adaptive_offer,,mobile
1551530179514,respond,q4518,adaptive_offer,b,mobile
1551530181708,submit,b3050,adaptive_offer,,mobile
1551530236335,enter,b5188,sprint,,mobile
1551530346297,respond,q6847,sprint,c,mobile
1551530351827,submit,b5188,sprint,,mobile
1551589526993,enter,b5172,sprint,,mobile
1551589617882,respond,q6783,sprint,a,mobile
1551589622070,submit,b5172,sprint,,mobile
1551590411978,enter,b5221,adaptive_offer,,mobile
1551590459504,respond,q6980,adaptive_offer,d,mobile
1551590474252,submit,b5221,adaptive_offer,,mobile
1551590618613,enter,b5210,sprint,,mobile
1551590725349,respond,q6936,sprint,d,mobile
1551590730832,respond,q6936,sprint,a,mobile
1551590735713,submit,b5210,sprint,,mobile
1551591017161,enter,b5094,sprint,,mobile
1551591247649,respond,q6589,sprint,b,mobile
1551591265170,respond,q6589,sprint,a,mobile
1551591271372,submit,b5094,sprint,,mobile
1551591376136,enter,b5194,adaptive_offer,,mobile
1551591508768,respond,q6872,adaptive_offer,d,mobile
1551591555114,respond,q6872,adaptive_offer,a,mobile
1551591559834,submit,b5194,adaptive_offer,,mobile
1551591690302,enter,b5188,adaptive_offer,,mobile
1551591885724,respond,q6847,adaptive_offer,c,mobile
1551591888401,respond,q6848,adaptive_offer,b,mobile
1551591895402,respond,q6848,adaptive_offer,c,mobile
1551591901665,submit,b5188,adaptive_offer,,mobile
1551592525557,enter,b2023,sprint,,mobile
1551592619608,respond,q3267,sprint,c,mobile
1551592630800,submit,b2023,sprint,,mobile
1551612707568,enter,b5110,sprint,,mobile
1551612926656,submit,b5110,sprint,,mobile
1551613105552,enter,b5110,sprint,,mobile
1551613116323,respond,q6656,sprint,d,mobile
1551613131511,respond,q6656,sprint,c,mobile
1551613134078,respond,q6655,sprint,d,mobile
1551613166061,submit,b5110,sprint,,mobile
1551613275174,enter,b5222,sprint,,mobile
1551613434808,respond,q6984,sprint,b,mobile
1551613448335,respond,q6984,sprint,c,mobile
1551613461141,respond,q6984,sprint,d,mobile
1551613491837,submit,b5222,sprint,,mobile
1551613525599,enter,b5186,sprint,,mobile
1551613792492,respond,q6839,sprint,d,mobile
1551613811957,respond,q6839,sprint,b,mobile
1551613821682,submit,b5186,sprint,,mobile
1551613887933,enter,b5175,adaptive_offer,,mobile
1551614190256,respond,q6796,adaptive_offer,b,mobile
1551614193398,respond,q6796,adaptive_offer,c,mobile
1551614195545,respond,q6795,adaptive_offer,a,mobile
1551614200732,submit,b5175,adaptive_offer,,mobile
1551614792694,enter,b5167,adaptive_offer,,mobile
1551614916557,respond,q6764,adaptive_offer,d,mobile
1551614922234,respond,q6764,adaptive_offer,d,mobile
1551614926714,submit,b5167,adaptive_offer,,mobile
1551615396650,enter,b5219,adaptive_offer,,mobile
1551615550000,respond,q6972,adaptive_offer,a,mobile
1551615557768,respond,q6972,adaptive_offer,b,mobile
1551615558838,respond,q6972,adaptive_offer,a,mobile
1551615572729,respond,q6972,adaptive_offer,b,mobile
1551615576331,submit,b5219,adaptive_offer,,mobile
1551615683254,enter,b1960,sprint,,mobile
1551615753694,respond,q3078,sprint,a,mobile
1551615764291,submit,b1960,sprint,,mobile
1551615890617,enter,b1942,sprint,,mobile
1551615961169,respond,q3024,sprint,d,mobile
1551615962598,respond,q3024,sprint,a,mobile
1551615977593,submit,b1942,sprint,,mobile
1551616035053,enter,b2005,sprint,,mobile
1551616139914,respond,q3213,sprint,b,mobile
1551616143292,submit,b2005,sprint,,mobile
1551616232100,enter,b2081,sprint,,mobile
1551616319979,respond,q3441,sprint,b,mobile
1551616324213,submit,b2081,sprint,,mobile
1551616366904,enter,b2032,sprint,,mobile
1551616443833,respond,q3294,sprint,a,mobile
1551616453542,submit,b2032,sprint,,mobile
1551616589683,enter,b1887,adaptive_offer,,mobile
1551616656126,respond,q2859,adaptive_offer,a,mobile
1551616659065,submit,b1887,adaptive_offer,,mobile
1551616671093,enter,b1915,adaptive_offer,,mobile
1551616739974,respond,q2943,adaptive_offer,a,mobile
1551616744201,respond,q2943,adaptive_offer,c,mobile
1551616745754,respond,q2943,adaptive_offer,d,mobile
1551616748994,submit,b1915,adaptive_offer,,mobile
1551616762762,enter,b8492,sprint,,mobile
1551616930347,respond,q11637,sprint,d,mobile
1551616938643,submit,b8492,sprint,,mobile
1551616983387,enter,b5173,sprint,,mobile
1551617128432,respond,q6786,sprint,a,mobile
1551617129289,respond,q6785,sprint,a,mobile
1551617145140,respond,q6785,sprint,d,mobile
1551617175403,submit,b5173,sprint,,mobile
1551617185709,enter,b5116,adaptive_offer,,mobile
1551617376946,respond,q6680,adaptive_offer,c,mobile
1551617394287,respond,q6680,adaptive_offer,d,mobile
1551617404865,respond,q6680,adaptive_offer,c,mobile
1551617406114,respond,q6680,adaptive_offer,d,mobile
1551617417253,respond,q6680,adaptive_offer,d,mobile
1551617421899,submit,b5116,adaptive_offer,,mobile
1551617503267,enter,b5115,sprint,,mobile
1551617590600,respond,q6675,sprint,b,mobile
1551617626118,submit,b5115,sprint,,mobile
1551617688557,enter,b5195,sprint,,mobile
1551617832916,respond,q6874,sprint,c,mobile
1551617837869,submit,b5195,sprint,,mobile
1551617919861,enter,b5222,adaptive_offer,,mobile
1551617962089,respond,q6984,adaptive_offer,a,mobile
1551617964685,submit,b5222,adaptive_offer,,mobile
1551618029341,enter,b5179,adaptive_offer,,mobile
1551618143686,respond,q6811,adaptive_offer,a,mobile
1551618149106,respond,q6811,adaptive_offer,b,mobile
1551618151210,respond,q6812,adaptive_offer,a,mobile
1551618155979,respond,q6812,adaptive_offer,b,mobile
1551618157738,respond,q6812,adaptive_offer,a,mobile
1551618186849,submit,b5179,adaptive_offer,,mobile
1551680671230,enter,b8470,sprint,,mobile
1551680931447,respond,q11550,sprint,d,mobile
1551680936826,respond,q11550,sprint,c,mobile
1551680940662,submit,b8470,sprint,,mobile
1551680977403,enter,b5125,sprint,,mobile
1551681214508,respond,q6716,sprint,b,mobile
1551681215655,respond,q6716,sprint,a,mobile
1551681220972,submit,b5125,sprint,,mobile
1551682023789,enter,b5181,sprint,,mobile
1551682239755,respond,q6819,sprint,a,mobile
1551682244640,submit,b5181,sprint,,mobile
1551682384698,enter,b7920,sprint,,mobile
1551682485018,respond,q10637,sprint,d,mobile
1551682490363,submit,b7920,sprint,,mobile
1551687783619,enter,b5222,adaptive_offer,,mobile
1551687869378,submit,b5222,adaptive_offer,,mobile
1551687933852,enter,b5222,adaptive_offer,,mobile
1551687961298,respond,q6984,adaptive_offer,c,mobile
1551687965469,submit,b5222,adaptive_offer,,mobile
1551688303938,enter,b5173,adaptive_offer,,mobile
1551688415264,respond,q6786,adaptive_offer,a,mobile
1551688419040,submit,b5173,adaptive_offer,,mobile
1551712352054,enter,b7989,sprint,,mobile
1551712514969,respond,q10903,sprint,a,mobile
1551712547531,respond,q10901,sprint,b,mobile
1551712549462,respond,q10902,sprint,d,mobile
1551712559684,respond,q10902,sprint,d,mobile
1551712562029,respond,q10903,sprint,a,mobile
1551712580072,respond,q10903,sprint,b,mobile
1551712591804,submit,b7989,sprint,,mobile
1551743009078,enter,b2084,sprint,,mobile
1551743078664,respond,q3450,sprint,d,mobile
1551743128508,submit,b2084,sprint,,mobile
1551743245308,enter,b1847,sprint,,mobile
1551743331326,respond,q2739,sprint,d,mobile
1551743340910,submit,b1847,sprint,,mobile
1551743406342,enter,b2073,sprint,,mobile
1551743494740,respond,q3417,sprint,b,mobile
1551743505756,respond,q3417,sprint,c,mobile
1551743526543,submit,b2073,sprint,,mobile
1551743579095,enter,b1926,sprint,,mobile
1551743661876,respond,q2976,sprint,a,mobile
1551743676408,submit,b1926,sprint,,mobile
1551743890148,enter,b1915,adaptive_offer,,mobile
1551743909872,respond,q2943,adaptive_offer,d,mobile
1551743961523,submit,b1915,adaptive_offer,,mobile
1551744019585,enter,b8335,sprint,,mobile
1551744108275,respond,q11311,sprint,c,mobile
1551744117370,submit,b8335,sprint,,mobile
1551744407974,enter,b1914,sprint,,mobile
1551744504906,respond,q2940,sprint,c,mobile
1551744508082,submit,b1914,sprint,,mobile
1551744566609,enter,b2103,sprint,,mobile
1551744672821,respond,q3507,sprint,c,mobile
1551744683267,respond,q3507,sprint,c,mobile
1551744687602,submit,b2103,sprint,,mobile
1551745287687,enter,b2081,adaptive_offer,,mobile
1551745352142,respond,q3441,adaptive_offer,d,mobile
1551745361531,submit,b2081,adaptive_offer,,mobile
1551745457183,enter,b1886,sprint,,mobile
1551745554181,respond,q2856,sprint,a,mobile
1551745557625,submit,b1886,sprint,,mobile
1551745658816,enter,b8321,sprint,,mobile
1551745737158,respond,q11269,sprint,c,mobile
1551745740931,submit,b8321,sprint,,mobile
1551745829084,enter,b2099,sprint,,mobile
1551745915831,respond,q3495,sprint,b,mobile
1551745930975,respond,q3495,sprint,b,mobile
1551745934369,submit,b2099,sprint,,mobile
1551746366333,enter,b1887,adaptive_offer,,mobile
1551746414881,respond,q2859,adaptive_offer,a,mobile
1551746423428,submit,b1887,adaptive_offer,,mobile
1551746441139,enter,b5174,sprint,,mobile
1551746573746,respond,q6790,sprint,c,mobile
1551746589590,submit,b5174,sprint,,mobile
1551746695820,enter,b7920,adaptive_offer,,mobile
1551746769324,respond,q10637,adaptive_offer,d,mobile
1551746794188,submit,b7920,adaptive_offer,,mobile
1551749146333,enter,b5193,sprint,,mobile
1551749289942,respond,q6867,sprint,d,mobile
1551749293977,submit,b5193,sprint,,mobile
1551749301915,enter,b5088,adaptive_offer,,mobile
1551749392034,respond,q6568,adaptive_offer,d,mobile
1551749393575,respond,q6568,adaptive_offer,c,mobile
1551749408569,submit,b5088,adaptive_offer,,mobile
1551749546964,enter,b5203,sprint,,mobile
1551749681646,respond,q6908,sprint,c,mobile
1551749692035,respond,q6908,sprint,b,mobile
1551749696412,respond,q6908,sprint,c,mobile
1551749697233,respond,q6908,sprint,b,mobile
1551749702108,submit,b5203,sprint,,mobile
1551761381883,enter,b5172,adaptive_offer,,mobile
1551761474673,respond,q6784,adaptive_offer,c,mobile
1551761498030,respond,q6784,adaptive_offer,d,mobile
1551761501869,submit,b5172,adaptive_offer,,mobile
1551844632920,enter,b7976,sprint,,mobile
1551844726087,respond,q10850,sprint,d,mobile
1551844747042,respond,q10850,sprint,c,mobile
1551844753934,submit,b7976,sprint,,mobile
1551844851541,enter,b5106,sprint,,mobile
1551844968560,respond,q6640,sprint,d,mobile
1551844973792,submit,b5106,sprint,,mobile
1551844982693,enter,b5203,adaptive_offer,,mobile
1551845078882,respond,q6908,adaptive_offer,d,mobile
1551845082339,submit,b5203,adaptive_offer,,mobile
1551845165199,enter,b5176,sprint,,mobile
1551845258292,respond,q6798,sprint,c,mobile
1551845263066,submit,b5176,sprint,,mobile
1551845271896,enter,b5212,adaptive_offer,,mobile
1551845316197,respond,q6944,adaptive_offer,a,mobile
1551845316197,respond,q6944,adaptive_offer,a,mobile
1551845321865,submit,b5212,adaptive_offer,,mobile
1551939879339,enter,b5199,adaptive_offer,,mobile
1551940021065,respond,q6892,adaptive_offer,a,mobile
1551940024711,submit,b5199,adaptive_offer,,mobile
1551940198022,enter,b7920,adaptive_offer,,mobile
1551940343828,respond,q10637,adaptive_offer,c,mobile
1551940379429,respond,q10636,adaptive_offer,c,mobile
1551940380714,respond,q10635,adaptive_offer,a,mobile
1551940381431,respond,q10634,adaptive_offer,c,mobile
1551940385463,respond,q10635,adaptive_offer,a,mobile
1551940386914,respond,q10636,adaptive_offer,c,mobile
1551940387623,respond,q10637,adaptive_offer,c,mobile
1551940394029,submit,b7920,adaptive_offer,,mobile
1551940413213,enter,b7920,adaptive_offer,,mobile
1551940428796,respond,q10637,adaptive_offer,c,mobile
1551940431582,submit,b7920,adaptive_offer,,mobile
1551967064639,enter,b5197,sprint,,mobile
1551967173757,respond,q6884,sprint,d,mobile
1551967178669,submit,b5197,sprint,,mobile
1551967389595,enter,b5107,adaptive_offer,,mobile
1551967475326,respond,q6644,adaptive_offer,c,mobile
1551967478783,submit,b5107,adaptive_offer,,mobile
1551967843169,enter,b5106,adaptive_offer,,mobile
1551967950076,respond,q6640,adaptive_offer,c,mobile
1551967952392,respond,q6640,adaptive_offer,d,mobile
1551967989327,respond,q6640,adaptive_offer,b,mobile
1551967992531,respond,q6640,adaptive_offer,a,mobile
1551967996529,submit,b5106,adaptive_offer,,mobile
1552018960299,enter,b5176,adaptive_offer,,mobile
1552019138126,respond,q6798,adaptive_offer,b,mobile
1552019153941,submit,b5176,adaptive_offer,,mobile
1552019428742,enter,b8568,sprint,,mobile
1552019704877,respond,q11939,sprint,d,mobile
1552019723854,submit,b8568,sprint,,mobile
1552019880311,enter,b5185,sprint,,mobile
1552020095806,respond,q6836,sprint,c,mobile
1552020101824,submit,b5185,sprint,,mobile
1552020209246,enter,b5189,sprint,,mobile
1552020440468,respond,q6851,sprint,a,mobile
1552020473400,respond,q6851,sprint,d,mobile
1552020477934,submit,b5189,sprint,,mobile
1552020487067,enter,b5181,adaptive_offer,,mobile
1552020576472,respond,q6819,adaptive_offer,d,mobile
1552020592384,submit,b5181,adaptive_offer,,mobile
1552020656034,enter,b5178,sprint,,mobile
1552020775912,respond,q6808,sprint,c,mobile
1552020831644,respond,q6808,sprint,b,mobile
1552020842238,respond,q6808,sprint,c,mobile
1552020871554,submit,b5178,sprint,,mobile
1552021120337,enter,b8543,sprint,,mobile
1552021248309,respond,q11841,sprint,a,mobile
1552021265716,submit,b8543,sprint,,mobile
1552021622615,enter,b5178,adaptive_offer,,mobile
1552021740597,respond,q6806,adaptive_offer,c,mobile
1552021748851,respond,q6805,adaptive_offer,a,mobile
1552021749683,respond,q6806,adaptive_offer,c,mobile
1552021751902,respond,q6806,adaptive_offer,d,mobile
1552021752887,respond,q6805,adaptive_offer,a,mobile
1552021764403,respond,q6805,adaptive_offer,a,mobile
1552021768149,submit,b5178,adaptive_offer,,mobile
1552119342745,enter,b5223,sprint,,mobile
1552119514805,respond,q6988,sprint,b,mobile
1552119533485,respond,q6988,sprint,d,mobile
1552119586540,respond,q6988,sprint,a,mobile
1552119626754,respond,q6988,sprint,c,mobile
1552119647498,respond,q6988,sprint,b,mobile
1552119657192,submit,b5223,sprint,,mobile
1552119993028,enter,b5187,adaptive_offer,,mobile
1552120125712,respond,q6843,adaptive_offer,c,mobile
1552120129333,submit,b5187,adaptive_offer,,mobile
1552120566084,enter,b5214,adaptive_offer,,mobile
1552120785679,respond,q6951,adaptive_offer,d,mobile
1552120790195,submit,b5214,adaptive_offer,,mobile
1552121343160,enter,b1966,sprint,,mobile
1552121426461,respond,q3096,sprint,d,mobile
1552121430443,respond,q3096,sprint,b,mobile
1552121431388,respond,q3096,sprint,a,mobile
1552121435556,submit,b1966,sprint,,mobile
1552121480144,enter,b1908,sprint,,mobile
1552121556829,respond,q2922,sprint,b,mobile
1552121563860,submit,b1908,sprint,,mobile
1552122138939,enter,b1908,adaptive_offer,,mobile
1552122196767,respond,q2922,adaptive_offer,b,mobile
1552122204437,submit,b1908,adaptive_offer,,mobile
1552279948734,enter,b5171,sprint,,mobile
1552280119087,respond,q6780,sprint,a,mobile
1552280128530,submit,b5171,sprint,,mobile
1552369050578,enter,b5197,adaptive_offer,,mobile
1552369186966,respond,q6884,adaptive_offer,c,mobile
1552369200274,submit,b5197,adaptive_offer,,mobile
1552369255376,enter,b5170,sprint,,mobile
1552369368825,respond,q6774,sprint,c,mobile
1552369375221,submit,b5170,sprint,,mobile
1552369438954,enter,b8555,sprint,,mobile
1552369519235,respond,q11889,sprint,d,mobile
1552369545775,respond,q11889,sprint,b,mobile
1552369550567,submit,b8555,sprint,,mobile
1552370086530,enter,b5171,adaptive_offer,,mobile
1552370195580,respond,q6780,adaptive_offer,b,mobile
1552370205082,submit,b5171,adaptive_offer,,mobile
1552370290681,enter,b8336,sprint,,mobile
1552370393063,respond,q11314,sprint,c,mobile
1552370405060,submit,b8336,sprint,,mobile
1552370524799,enter,b1947,sprint,,mobile
1552370595624,respond,q3039,sprint,d,mobile
1552370615358,respond,q3039,sprint,c,mobile
1552370622892,submit,b1947,sprint,,mobile
1552370698854,enter,b1938,sprint,,mobile
1552370752405,respond,q3012,sprint,c,mobile
1552370768844,respond,q3012,sprint,c,mobile
1552370774783,submit,b1938,sprint,,mobile
1552370878542,enter,b2119,sprint,,mobile
1552370958702,respond,q3555,sprint,b,mobile
1552370977240,respond,q3555,sprint,a,mobile
1552370978628,respond,q3555,sprint,b,mobile
1552370986213,respond,q3555,sprint,b,mobile
1552370990333,submit,b2119,sprint,,mobile
1552371068145,enter,b1954,sprint,,mobile
1552371148956,respond,q3060,sprint,d,mobile
1552371183186,respond,q3060,sprint,b,mobile
1552371187528,submit,b1954,sprint,,mobile
1552371245128,enter,b1828,sprint,,mobile
1552371333601,respond,q2682,sprint,c,mobile
1552371345524,submit,b1828,sprint,,mobile
1552371501127,enter,b3067,sprint,,mobile
1552371513488,respond,q4535,sprint,b,mobile
1552371516539,submit,b3067,sprint,,mobile
1552371556083,enter,b4300,sprint,,mobile
1552371571097,respond,q5768,sprint,b,mobile
1552371591449,respond,q5768,sprint,c,mobile
1552371595050,submit,b4300,sprint,,mobile
1552371607234,enter,b6929,sprint,,mobile
1552371617102,respond,q9578,sprint,b,mobile
1552371645188,respond,q9578,sprint,c,mobile
1552371656389,respond,q9578,sprint,d,mobile
1552371659023,submit,b6929,sprint,,mobile
1552371686295,enter,b7315,sprint,,mobile
1552371702746,respond,q9964,sprint,b,mobile
1552371707099,respond,q9964,sprint,d,mobile
1552371711790,respond,q9964,sprint,b,mobile
1552371715909,submit,b7315,sprint,,mobile
1552371732816,enter,b3089,sprint,,mobile
1552371753279,respond,q4557,sprint,a,mobile
1552371756078,respond,q4557,sprint,c,mobile
1552371776529,submit,b3089,sprint,,mobile
1552371832297,enter,b3089,adaptive_offer,,mobile
1552371844182,respond,q4557,adaptive_offer,c,mobile
1552371846307,submit,b3089,adaptive_offer,,mobile
1552371878851,enter,b4291,adaptive_offer,,mobile
1552371884026,respond,q5759,adaptive_offer,d,mobile
1552371888109,respond,q5759,adaptive_offer,c,mobile
1552371892356,submit,b4291,adaptive_offer,,mobile
1552371905169,enter,b3572,sprint,,mobile
1552371923753,respond,q5040,sprint,c,mobile
1552371941176,respond,q5040,sprint,b,mobile
1552371943537,submit,b3572,sprint,,mobile
1552371949277,enter,b4760,sprint,,mobile
1552371958099,respond,q6228,sprint,b,mobile
1552371962232,submit,b4760,sprint,,mobile
1552371968248,enter,b7515,sprint,,mobile
1552371981391,respond,q10164,sprint,d,mobile
1552372001316,submit,b7515,sprint,,mobile
1552372017116,enter,b3820,sprint,,mobile
1552372031159,respond,q5288,sprint,a,mobile
1552372033777,submit,b3820,sprint,,mobile
1552372044084,enter,b3046,sprint,,mobile
1552372050547,respond,q4514,sprint,d,mobile
1552372052193,respond,q4514,sprint,b,mobile
1552372083135,respond,q4514,sprint,d,mobile
1552372086080,submit,b3046,sprint,,mobile
1552372097177,enter,b3820,adaptive_offer,,mobile
1552372107306,respond,q5288,adaptive_offer,a,mobile
1552372110685,respond,q5288,adaptive_offer,a,mobile
1552372116221,respond,q5288,adaptive_offer,d,mobile
1552372118603,submit,b3820,adaptive_offer,,mobile
1552372123252,enter,b4869,adaptive_offer,,mobile
1552372130680,respond,q6337,adaptive_offer,d,mobile
1552372138549,submit,b4869,adaptive_offer,,mobile
1552372143832,enter,b4769,adaptive_offer,,mobile
1552372149529,respond,q6237,adaptive_offer,b,mobile
1552372153033,respond,q6237,adaptive_offer,d,mobile
1552372159069,respond,q6237,adaptive_offer,a,mobile
1552372161792,respond,q6237,adaptive_offer,c,mobile
1552372164175,submit,b4769,adaptive_offer,,mobile
1552372173632,enter,b3046,adaptive_offer,,mobile
1552372181187,respond,q4514,adaptive_offer,b,mobile
1552372186035,submit,b3046,adaptive_offer,,mobile
1552372192861,enter,b4867,adaptive_offer,,mobile
1552372196296,respond,q6335,adaptive_offer,b,mobile
1552372214706,respond,q6335,adaptive_offer,c,mobile
1552372219636,respond,q6335,adaptive_offer,a,mobile
1552372221548,respond,q6335,adaptive_offer,b,mobile
1552372224634,submit,b4867,adaptive_offer,,mobile
1552529579773,enter,b7923,sprint,,mobile
1552529697738,respond,q10647,sprint,b,mobile
1552529703772,submit,b7923,sprint,,mobile
1552529793375,enter,b5196,sprint,,mobile
1552529937637,respond,q6880,sprint,b,mobile
1552529958644,respond,q6880,sprint,d,mobile
1552529964748,respond,q6880,sprint,b,mobile
1552529987190,submit,b5196,sprint,,mobile
1552529992964,enter,b5171,adaptive_offer,,mobile
1552530170279,respond,q6780,adaptive_offer,d,mobile
1552530186369,respond,q6780,adaptive_offer,a,mobile
1552530191079,submit,b5171,adaptive_offer,,mobile
1552572185264,enter,b5123,sprint,,mobile
1552572365302,respond,q6707,sprint,d,mobile
1552572379659,respond,q6707,sprint,b,mobile
1552572389374,submit,b5123,sprint,,mobile
1552572618833,enter,b5195,adaptive_offer,,mobile
1552572773309,respond,q6876,adaptive_offer,c,mobile
1552572777342,respond,q6876,adaptive_offer,b,mobile
1552572786149,submit,b5195,adaptive_offer,,mobile
1552572865234,enter,b7974,sprint,,mobile
1552573049599,respond,q10843,sprint,c,mobile
1552573081031,respond,q10842,sprint,b,mobile
1552573082622,respond,q10841,sprint,c,mobile
1552573083587,respond,q10840,sprint,c,mobile
1552573111903,respond,q10840,sprint,b,mobile
1552573113813,respond,q10840,sprint,a,mobile
1552573129809,respond,q10840,sprint,b,mobile
1552573155526,submit,b7974,sprint,,mobile
1552657091876,enter,b5168,sprint,,mobile
1552657215346,respond,q6766,sprint,a,mobile
1552657221425,respond,q6766,sprint,c,mobile
1552657229940,respond,q6766,sprint,d,mobile
1552657248342,respond,q6766,sprint,d,mobile
1552657270689,respond,q6766,sprint,b,mobile
1552657289745,respond,q6766,sprint,d,mobile
1552657322602,submit,b5168,sprint,,mobile
1552657347855,enter,b5171,adaptive_offer,,mobile
1552657423413,respond,q6780,adaptive_offer,c,mobile
1552657435559,submit,b5171,adaptive_offer,,mobile
1552657532047,enter,b7923,adaptive_offer,,mobile
1552657567356,respond,q10649,adaptive_offer,a,mobile
1552657572756,submit,b7923,adaptive_offer,,mobile
1552657587559,enter,b5169,sprint,,mobile
1552657716778,respond,q6769,sprint,a,mobile
1552657721046,submit,b5169,sprint,,mobile
1552657773748,enter,b5178,adaptive_offer,,mobile
1552657863573,respond,q6806,adaptive_offer,d,mobile
1552657868924,submit,b5178,adaptive_offer,,mobile
1552729039798,enter,b5190,sprint,,mobile
1552729139644,respond,q6855,sprint,b,mobile
1552729143820,submit,b5190,sprint,,mobile
1552729227554,enter,b8551,sprint,,mobile
1552729338140,respond,q11874,sprint,d,mobile
1552729342468,submit,b8551,sprint,,mobile
1552729586886,enter,b8491,sprint,,mobile
1552729738990,respond,q11632,sprint,c,mobile
1552729748811,respond,q11632,sprint,b,mobile
1552729754923,submit,b8491,sprint,,mobile
1552729888606,enter,b7915,sprint,,mobile
1552730019257,respond,q10615,sprint,a,mobile
1552730026965,submit,b7915,sprint,,mobile
1552730131303,enter,b8490,sprint,,mobile
1552730307186,respond,q11630,sprint,b,mobile
1552730319244,submit,b8490,sprint,,mobile
1552730437987,enter,b7992,sprint,,mobile
1552730508942,submit,b7992,sprint,,mobile
1552730516683,enter,b7992,sprint,,mobile
1552730576744,respond,q10915,sprint,c,mobile
1552730579053,respond,q10915,sprint,d,mobile
1552730595980,respond,q10915,sprint,c,mobile
1552730602281,respond,q10915,sprint,a,mobile
1552730606724,submit,b7992,sprint,,mobile
1552730827661,enter,b2018,sprint,,mobile
1552730933942,respond,q3252,sprint,c,mobile
1552730938086,submit,b2018,sprint,,mobile
1552825320897,enter,b8556,sprint,,mobile
1552825386705,respond,q11894,sprint,b,mobile
1552825394561,submit,b8556,sprint,,mobile
1552825426260,enter,b8541,sprint,,mobile
1552825523904,respond,q11834,sprint,a,mobile
1552825525862,respond,q11834,sprint,d,mobile
1552825530290,submit,b8541,sprint,,mobile
1552825569393,enter,b8518,sprint,,mobile
1552825647425,respond,q11742,sprint,a,mobile
1552825659169,submit,b8518,sprint,,mobile
1552825729617,enter,b8571,sprint,,mobile
1552825876896,respond,q11954,sprint,d,mobile
1552825905160,respond,q11954,sprint,c,mobile
1552825914509,submit,b8571,sprint,,mobile
1552825984237,enter,b7954,sprint,,mobile
1552826122374,respond,q10763,sprint,a,mobile
1552826126342,respond,q10763,sprint,c,mobile
1552826132283,respond,q10763,sprint,d,mobile
1552826136632,submit,b7954,sprint,,mobile
1552962867588,enter,b8485,sprint,,mobile
1552962921775,respond,q11610,sprint,a,mobile
1552962927397,respond,q11610,sprint,b,mobile
1552962929448,respond,q11610,sprint,a,mobile
1552962935940,submit,b8485,sprint,,mobile
1552962972514,enter,b5093,sprint,,mobile
1552963096158,respond,q6585,sprint,a,mobile
1552963098466,respond,q6585,sprint,b,mobile
1552963104084,submit,b5093,sprint,,mobile
1552963140103,enter,b7973,sprint,,mobile
1552963216138,respond,q10839,sprint,a,mobile
1552963220389,submit,b7973,sprint,,mobile
1553054142656,enter,b7971,sprint,,mobile
1553054285837,respond,q10831,sprint,d,mobile
1553054290081,submit,b7971,sprint,,mobile
1553423788536,enter,b5097,sprint,,mobile
1553423889868,respond,q6602,sprint,c,mobile
1553423893688,submit,b5097,sprint,,mobile
1553423933226,enter,b7991,sprint,,mobile
1553423991079,respond,q10911,sprint,c,mobile
1553423996918,submit,b7991,sprint,,mobile
1553483550496,enter,b1839,sprint,,mobile
1553483621640,respond,q2715,sprint,a,mobile
1553483630592,submit,b1839,sprint,,mobile
1553483705701,enter,b1848,sprint,,mobile
1553483782890,respond,q2742,sprint,a,mobile
1553483783886,respond,q2742,sprint,a,mobile
1553483790168,respond,q2742,sprint,c,mobile
1553483806211,submit,b1848,sprint,,mobile
1553483854254,enter,b2087,sprint,,mobile
1553483929104,respond,q3459,sprint,b,mobile
1553483934352,submit,b2087,sprint,,mobile
1553483985049,enter,b1806,sprint,,mobile
1553484067581,respond,q2616,sprint,a,mobile
1553484073203,submit,b1806,sprint,,mobile
1553484081639,enter,b1947,adaptive_offer,,mobile
1553484145708,respond,q3039,adaptive_offer,b,mobile
1553484154507,submit,b1947,adaptive_offer,,mobile
1553484158909,enter,b1806,adaptive_offer,,mobile
1553484231756,respond,q2616,adaptive_offer,b,mobile
1553484236727,submit,b1806,adaptive_offer,,mobile
1553484304406,enter,b2072,sprint,,mobile
1553484364133,respond,q3414,sprint,b,mobile
1553484376542,respond,q3414,sprint,b,mobile
1553484383921,submit,b2072,sprint,,mobile
1553489937154,enter,b7965,sprint,,mobile
1553489981644,respond,q10807,sprint,a,mobile
1553489983229,respond,q10807,sprint,b,mobile
1553489990136,respond,q10807,sprint,d,mobile
1553489995290,submit,b7965,sprint,,mobile
1553490013739,enter,b8548,sprint,,mobile
1553490074292,respond,q11862,sprint,c,mobile
1553490076721,respond,q11862,sprint,b,mobile
1553490081790,submit,b8548,sprint,,mobile
1553490110313,enter,b7955,sprint,,mobile
1553490179404,respond,q10767,sprint,b,mobile
1553490205958,respond,q10767,sprint,b,mobile
1553490207439,respond,q10767,sprint,d,mobile
1553490216250,respond,q10767,sprint,b,mobile
1553490219934,submit,b7955,sprint,,mobile
1553490289030,enter,b7945,sprint,,mobile
1553490390970,respond,q10727,sprint,b,mobile
1553490392244,respond,q10727,sprint,c,mobile
1553490395629,respond,q10727,sprint,b,mobile
1553490404398,respond,q10727,sprint,a,mobile
1553490411264,submit,b7945,sprint,,mobile
1553573455063,enter,b7925,sprint,,mobile
1553573561758,respond,q10657,sprint,d,mobile
1553573564421,respond,q10657,sprint,b,mobile
1553573579777,respond,q10657,sprint,a,mobile
1553573589771,submit,b7925,sprint,,mobile
1553573622142,enter,b7986,sprint,,mobile
1553573679249,respond,q10888,sprint,b,mobile
1553573684319,submit,b7986,sprint,,mobile
1553681031220,enter,b8513,sprint,,mobile
1553681160477,respond,q11720,sprint,b,mobile
1553681164761,submit,b8513,sprint,,mobile
1553782968435,enter,b8522,sprint,,mobile
1553783129256,respond,q11755,sprint,c,mobile
1553783140142,respond,q11755,sprint,a,mobile
1553783145969,submit,b8522,sprint,,mobile
1553867447095,enter,b7958,sprint,,mobile
1553867497666,respond,q10779,sprint,a,mobile
1553867502058,submit,b7958,sprint,,mobile
1553867947307,enter,b8554,sprint,,mobile
1553868021892,respond,q11886,sprint,c,mobile
1553868023241,respond,q11886,sprint,d,mobile
1553868024546,respond,q11886,sprint,c,mobile
1553868030452,submit,b8554,sprint,,mobile
1553957452685,enter,b8511,sprint,,mobile
1553957490831,respond,q11714,sprint,c,mobile
1553957520225,respond,q11714,sprint,b,mobile
1553957530318,submit,b8511,sprint,,mobile
1553957624879,enter,b8496,sprint,,mobile
1553957765616,respond,q11653,sprint,d,mobile
1553957767950,respond,q11653,sprint,c,mobile
1553957769527,respond,q11653,sprint,b,mobile
1553957776230,submit,b8496,sprint,,mobile
1554032203558,enter,b8557,sprint,,mobile
1554032423611,respond,q11897,sprint,c,mobile
1554032428585,submit,b8557,sprint,,mobile
1554114084595,enter,b8477,sprint,,mobile
1554114120585,respond,q11578,sprint,b,mobile
1554114121398,respond,q11578,sprint,a,mobile
1554114122375,respond,q11578,sprint,c,mobile
1554114128468,respond,q11578,sprint,d,mobile
1554114133412,submit,b8477,sprint,,mobile
1554177359106,enter,b451,sprint,,mobile
1554177376925,respond,q451,sprint,a,mobile
1554177384389,submit,b451,sprint,,mobile
1554177401261,enter,b324,sprint,,mobile
1554177412346,respond,q324,sprint,a,mobile
1554177420370,submit,b324,sprint,,mobile
1554177440006,enter,b766,sprint,,mobile
1554177449032,respond,q766,sprint,a,mobile
1554177456791,submit,b766,sprint,,mobile
1554177475409,enter,b783,sprint,,mobile
1554177488028,respond,q783,sprint,a,mobile
1554177494327,submit,b783,sprint,,mobile
1554177500765,enter,b1116,sprint,,mobile
1554177514102,respond,q1116,sprint,a,mobile
1554177518363,submit,b1116,sprint,,mobile
1554177540398,enter,b8466,sprint,,mobile
1554177667379,respond,q11531,sprint,c,mobile
1554177673672,submit,b8466,sprint,,mobile
1554177747323,enter,b8535,sprint,,mobile
1554177886655,respond,q11807,sprint,b,mobile
1554177889693,submit,b8535,sprint,,mobile
1554177994379,enter,b7990,sprint,,mobile
1554178080922,respond,q10907,sprint,c,mobile
1554178086975,respond,q10904,sprint,c,mobile
1554178088499,respond,q10905,sprint,b,mobile
1554178092296,submit,b7990,sprint,,mobile
1554270875000,enter,b8531,sprint,,mobile
1554270962625,respond,q11794,sprint,d,mobile
1554270977078,respond,q11793,sprint,b,mobile
1554270984272,respond,q11793,sprint,a,mobile
1554270987743,respond,q11793,sprint,b,mobile
1554270988182,respond,q11793,sprint,c,mobile
1554270994156,submit,b8531,sprint,,mobile
1554271041413,enter,b8558,sprint,,mobile
1554271092879,respond,q11900,sprint,d,mobile
1554271094479,respond,q11900,sprint,a,mobile
1554271097392,submit,b8558,sprint,,mobile
1554271161143,enter,b7948,sprint,,mobile
1554271215721,respond,q10739,sprint,c,mobile
1554271217575,respond,q10739,sprint,d,mobile
1554271220685,submit,b7948,sprint,,mobile
1554385629923,enter,b8563,sprint,,mobile
1554385690320,respond,q11922,sprint,c,mobile
1554385692129,respond,q11922,sprint,d,mobile
1554385697822,submit,b8563,sprint,,mobile
1554450874477,enter,b8510,sprint,,mobile
1554451079968,respond,q11707,sprint,d,mobile
1554451086154,submit,b8510,sprint,,mobile
1554451220643,enter,b8505,sprint,,mobile
1554451373519,respond,q11687,sprint,d,mobile
1554451393709,respond,q11687,sprint,c,mobile
1554451397248,respond,q11689,sprint,b,mobile
1554451432459,respond,q11689,sprint,c,mobile
1554451436397,respond,q11689,sprint,d,mobile
1554451441701,submit,b8505,sprint,,mobile
1554451584636,enter,b7956,sprint,,mobile
1554451787138,respond,q10768,sprint,d,mobile
1554451795025,respond,q10768,sprint,c,mobile
1554451802563,submit,b7956,sprint,,mobile
1554451948525,enter,b8549,sprint,,mobile
1554452124215,respond,q11864,sprint,b,mobile
1554452136866,respond,q11864,sprint,d,mobile
1554452149078,respond,q11864,sprint,b,mobile
1554452156158,submit,b8549,sprint,,mobile
1554452281727,enter,b2466,sprint,,mobile
1554452295502,respond,q3934,sprint,b,mobile
1554452301185,respond,q3934,sprint,c,mobile
1554452306662,submit,b2466,sprint,,mobile
1554452632630,enter,b3837,sprint,,mobile
1554452640219,respond,q5305,sprint,d,mobile
1554452654489,submit,b3837,sprint,,mobile
1554452676404,enter,b3580,sprint,,mobile
1554452685255,respond,q5048,sprint,a,mobile
1554452693493,submit,b3580,sprint,,mobile
1554452704797,enter,b3850,sprint,,mobile
1554452725528,respond,q5318,sprint,d,mobile
1554452728820,submit,b3850,sprint,,mobile
1554454238489,enter,b6004,sprint,,mobile
1554454265031,respond,q8653,sprint,b,mobile
1554454271801,submit,b6004,sprint,,mobile
1554463428495,enter,b7183,sprint,,mobile
1554463515749,respond,q9832,sprint,d,mobile
1554463527027,respond,q9832,sprint,b,mobile
1554463530259,submit,b7183,sprint,,mobile
1554463554875,enter,b4275,sprint,,mobile
1554463586458,respond,q5743,sprint,b,mobile
1554463590419,submit,b4275,sprint,,mobile
1554463610158,enter,b2438,sprint,,mobile
1554463620828,respond,q3906,sprint,a,mobile
1554463624679,submit,b2438,sprint,,mobile
1554463632412,enter,b4105,sprint,,mobile
1554463642167,respond,q5573,sprint,d,mobile
1554463645552,submit,b4105,sprint,,mobile
1554463652609,enter,b6401,sprint,,mobile
1554463666728,respond,q9050,sprint,b,mobile
1554463697948,respond,q9050,sprint,c,mobile
1554463714510,respond,q9050,sprint,b,mobile
1554463717989,submit,b6401,sprint,,mobile
1554468454778,enter,b5319,sprint,,mobile
1554468671800,respond,q7324,sprint,b,mobile
1554468675984,submit,b5319,sprint,,mobile
1554475039433,enter,b5251,sprint,,mobile
1554475225384,respond,q7102,sprint,c,mobile
1554475253686,respond,q7102,sprint,d,mobile
1554475257964,respond,q7102,sprint,b,mobile
1554475259398,respond,q7103,sprint,a,mobile
1554475265471,respond,q7103,sprint,d,mobile
1554475304596,respond,q7103,sprint,b,mobile
1554475306401,respond,q7103,sprint,a,mobile
1554475309741,submit,b5251,sprint,,mobile
1554475411303,enter,b5467,sprint,,mobile
1554475661593,respond,q7855,sprint,d,mobile
1554475667427,submit,b5467,sprint,,mobile
1554475836045,enter,b5239,sprint,,mobile
1554476054394,respond,q7053,sprint,b,mobile
1554476058764,submit,b5239,sprint,,mobile
1554476089914,enter,b5692,sprint,,mobile
1554476369606,respond,q8258,sprint,c,mobile
1554476376469,submit,b5692,sprint,,mobile
1554548863728,enter,b2223,sprint,,mobile
1554548884230,respond,q3691,sprint,c,mobile
1554548894326,submit,b2223,sprint,,mobile
1554549198914,enter,b2223,adaptive_offer,,mobile
1554549201699,respond,q3691,adaptive_offer,a,mobile
1554549204167,submit,b2223,adaptive_offer,,mobile
1554549209700,enter,b4215,adaptive_offer,,mobile
1554549220592,respond,q5683,adaptive_offer,c,mobile
1554549237479,submit,b4215,adaptive_offer,,mobile
1554549282791,enter,b3874,sprint,,mobile
1554549290206,respond,q5342,sprint,d,mobile
1554549293728,submit,b3874,sprint,,mobile
1554549306538,enter,b5143,sprint,,mobile
1554549340494,respond,q6737,sprint,b,mobile
1554549372638,respond,q6737,sprint,c,mobile
1554549376114,submit,b5143,sprint,,mobile
1554549388429,enter,b7132,sprint,,mobile
1554549404669,respond,q9781,sprint,a,mobile
1554549415452,submit,b7132,sprint,,mobile
1554549446512,enter,b3404,sprint,,mobile
1554549457540,respond,q4872,sprint,d,mobile
1554549470458,respond,q4872,sprint,a,mobile
1554549494151,respond,q4872,sprint,d,mobile
1554549497969,submit,b3404,sprint,,mobile
1554549517700,enter,b2455,sprint,,mobile
1554549531113,respond,q3923,sprint,a,mobile
1554549536572,submit,b2455,sprint,,mobile
1554549543224,enter,b3911,sprint,,mobile
1554549548116,respond,q5379,sprint,c,mobile
1554549552641,submit,b3911,sprint,,mobile
1554549626614,enter,b6270,sprint,,mobile
1554549646054,respond,q8919,sprint,d,mobile
1554549675350,respond,q8919,sprint,b,mobile
1554549679926,submit,b6270,sprint,,mobile
1554549690841,enter,b3096,sprint,,mobile
1554549712693,respond,q4564,sprint,a,mobile
1554549727016,respond,q4564,sprint,b,mobile
1554549732038,submit,b3096,sprint,,mobile
1554549742236,enter,b3444,sprint,,mobile
1554549751283,respond,q4912,sprint,a,mobile
1554549779684,submit,b3444,sprint,,mobile
1554549846323,enter,b8503,sprint,,mobile
1554549995259,respond,q11682,sprint,d,mobile
1554549998313,respond,q11682,sprint,a,mobile
1554550001349,respond,q11682,sprint,b,mobile
1554550005906,respond,q11682,sprint,c,mobile
1554550010117,submit,b8503,sprint,,mobile
1554713470875,enter,b5475,sprint,,mobile
1554713864498,respond,q7895,sprint,a,mobile
1554713870475,submit,b5475,sprint,,mobile
1554787757647,enter,b5322,sprint,,mobile
1554787936759,respond,q7335,sprint,c,mobile
1554787940586,submit,b5322,sprint,,mobile
1554787982270,enter,b5284,sprint,,mobile
1554788449900,respond,q7192,sprint,b,mobile
1554788460076,submit,b5284,sprint,,mobile
1554788557032,enter,b5698,sprint,,mobile
1554788941259,respond,q8289,sprint,d,mobile
1554788942404,respond,q8290,sprint,a,mobile
1554788947415,respond,q8290,sprint,d,mobile
1554788948576,respond,q8291,sprint,c,mobile
1554788953146,submit,b5698,sprint,,mobile
1554789101377,enter,b5683,sprint,,mobile
1554789461738,respond,q8215,sprint,b,mobile
1554789471411,respond,q8215,sprint,a,mobile
1554789487351,respond,q8215,sprint,b,mobile
1554789488628,respond,q8214,sprint,d,mobile
1554789494429,respond,q8213,sprint,a,mobile
1554789497521,submit,b5683,sprint,,mobile
1554789829638,enter,b5391,sprint,,mobile
1554789915731,submit,b5391,sprint,,mobile
1554790963325,enter,b7981,sprint,,mobile
1554791029910,respond,q10868,sprint,a,mobile
1554791042280,respond,q10868,sprint,d,mobile
1554791058913,submit,b7981,sprint,,mobile
1554791172606,enter,b8561,sprint,,mobile
1554791309578,respond,q11912,sprint,b,mobile
1554791339979,respond,q11912,sprint,d,mobile
1554791344986,respond,q11912,sprint,c,mobile
1554791352731,respond,q11911,sprint,a,mobile
1554791357911,submit,b8561,sprint,,mobile
1554860419320,enter,b7928,sprint,,mobile
1554860548418,respond,q10668,sprint,d,mobile
1554860563686,respond,q10668,sprint,a,mobile
1554860569640,submit,b7928,sprint,,mobile
1554860611849,enter,b7997,sprint,,mobile
1554860698648,respond,q10934,sprint,c,mobile
1554860706537,submit,b7997,sprint,,mobile
1555068496797,enter,b8538,sprint,,mobile
1555068667223,respond,q11819,sprint,b,mobile
1555068686248,respond,q11819,sprint,a,mobile
1555068715839,respond,q11819,sprint,b,mobile
1555068731795,submit,b8538,sprint,,mobile
1555068875933,enter,b7967,sprint,,mobile
1555068988675,respond,q10813,sprint,c,mobile
1555068990372,respond,q10813,sprint,d,mobile
1555068993480,respond,q10813,sprint,b,mobile
1555069074915,respond,q10814,sprint,c,mobile
1555069076344,respond,q10815,sprint,c,mobile
1555069077416,respond,q10812,sprint,b,mobile
1555069081268,submit,b7967,sprint,,mobile
1555069268037,enter,b8569,sprint,,mobile
1555069310872,respond,q11946,sprint,b,mobile
1555069315046,submit,b8569,sprint,,mobile
1555145387699,enter,b7957,sprint,,mobile
1555145497623,respond,q10773,sprint,c,mobile
1555145532443,submit,b7957,sprint,,mobile
1555244447608,enter,b5096,sprint,,mobile
1555244524836,respond,q6600,sprint,b,mobile
1555244543472,submit,b5096,sprint,,mobile
1555244571809,enter,b8560,sprint,,mobile
1555244654249,respond,q11907,sprint,c,mobile
1555244659887,respond,q11907,sprint,b,mobile
1555244662312,respond,q11907,sprint,c,mobile
1555244668506,submit,b8560,sprint,,mobile
1555311444159,enter,b2220,sprint,,mobile
1555311455080,respond,q3688,sprint,c,mobile
1555311458174,respond,q3688,sprint,a,mobile
1555311461054,submit,b2220,sprint,,mobile
1555311489887,enter,b6138,sprint,,mobile
1555311511112,respond,q8787,sprint,a,mobile
1555311534359,respond,q8787,sprint,b,mobile
1555311546362,respond,q8787,sprint,c,mobile
1555311548868,submit,b6138,sprint,,mobile
1555311596875,enter,b4717,sprint,,mobile
1555311601992,respond,q6185,sprint,c,mobile
1555311609616,respond,q6185,sprint,a,mobile
1555311610695,respond,q6185,sprint,b,mobile
1555311613367,respond,q6185,sprint,d,mobile
1555311615721,submit,b4717,sprint,,mobile
1555311622727,enter,b3418,sprint,,mobile
1555311628009,respond,q4886,sprint,a,mobile
1555311635626,submit,b3418,sprint,,mobile
1555311640874,enter,b2593,sprint,,mobile
1555311644930,respond,q4061,sprint,a,mobile
1555311650879,submit,b2593,sprint,,mobile
1555311657296,enter,b6277,sprint,,mobile
1555311664116,respond,q8926,sprint,b,mobile
1555311666006,respond,q8926,sprint,c,mobile
1555311669102,submit,b6277,sprint,,mobile
1555311675159,enter,b4445,sprint,,mobile
1555311684341,respond,q5913,sprint,d,mobile
1555311690200,submit,b4445,sprint,,mobile
1555311695910,enter,b6970,sprint,,mobile
1555311706650,respond,q9619,sprint,c,mobile
1555311708708,respond,q9619,sprint,a,mobile
1555311712652,submit,b6970,sprint,,mobile
1555311718341,enter,b3594,sprint,,mobile
1555311724282,respond,q5062,sprint,a,mobile
1555311729274,submit,b3594,sprint,,mobile
1555311736139,enter,b6537,sprint,,mobile
1555311742045,respond,q9186,sprint,a,mobile
1555311759069,submit,b6537,sprint,,mobile
1555311797305,enter,b8507,sprint,,mobile
1555311859918,respond,q11696,sprint,c,mobile
1555311870761,respond,q11696,sprint,d,mobile
1555311875273,submit,b8507,sprint,,mobile
1555311910578,enter,b7961,sprint,,mobile
1555312004663,respond,q10791,sprint,c,mobile
1555312009825,submit,b7961,sprint,,mobile
1555425294162,enter,b5474,sprint,,mobile
1555425426103,respond,q7890,sprint,b,mobile
1555425430882,submit,b5474,sprint,,mobile
1555594459571,enter,b8552,sprint,,mobile
1555594476882,respond,q11878,sprint,b,mobile
1555594480483,submit,b8552,sprint,,mobile
1555594514603,enter,b5501,sprint,,mobile
1555594528992,respond,q7977,sprint,c,mobile
1555594532386,submit,b5501,sprint,,mobile
1555594773449,enter,b5098,sprint,,mobile
1555594866711,respond,q6606,sprint,c,mobile
1555594871160,submit,b5098,sprint,,mobile
1555640835805,enter,b7916,sprint,,mobile
1555640908096,respond,q10618,sprint,b,mobile
1555640914218,submit,b7916,sprint,,mobile
1555640920710,enter,b8476,sprint,,mobile
1555641004129,respond,q11574,sprint,c,mobile
1555641008798,submit,b8476,sprint,,mobile
1555641033368,enter,b5231,sprint,,mobile
1555641144223,respond,q7017,sprint,b,mobile
1555641147902,submit,b5231,sprint,,mobile
1556114839026,enter,b5321,sprint,,mobile
1556115037300,respond,q7334,sprint,d,mobile
1556115038622,respond,q7332,sprint,a,mobile
1556115039182,respond,q7333,sprint,b,mobile
1556115039940,respond,q7331,sprint,a,mobile
1556115054004,submit,b5321,sprint,,mobile
1556115247476,enter,b5319,adaptive_offer,,mobile
1556115465942,respond,q7325,adaptive_offer,b,mobile
1556115470018,submit,b5319,adaptive_offer,,mobile
1556115640093,enter,b8483,sprint,,mobile
1556115752108,respond,q11602,sprint,a,mobile
1556115762346,submit,b8483,sprint,,mobile
1556283179006,enter,b8544,sprint,,mobile
1556283199465,respond,q11846,sprint,a,mobile
1556283210295,submit,b8544,sprint,,mobile
1556967356327,enter,b8500,sprint,,mobile
1556967490021,respond,q11670,sprint,a,mobile
1556967492236,respond,q11667,sprint,b,mobile
1556967493012,respond,q11668,sprint,d,mobile
1556967493504,respond,q11667,sprint,b,mobile
1556967499382,submit,b8500,sprint,,mobile
1556967554230,enter,b7963,sprint,,mobile
1556967688775,respond,q10796,sprint,a,mobile
1556967709857,respond,q10796,sprint,d,mobile
1556967715527,respond,q10796,sprint,a,mobile
1556967720656,respond,q10796,sprint,b,mobile
1556967725238,submit,b7963,sprint,,mobile
1557152724375,enter,b7995,sprint,,mobile
1557152829373,respond,q10927,sprint,c,mobile
1557152834830,submit,b7995,sprint,,mobile
1557335343690,enter,b8525,sprint,,mobile
1557335492502,respond,q11770,sprint,b,mobile
1557335505093,respond,q11770,sprint,c,mobile
1557335538509,respond,q11770,sprint,b,mobile
1557335540020,respond,q11768,sprint,a,mobile
1557335547637,submit,b8525,sprint,,mobile
1557336199883,enter,b7917,sprint,,mobile
1557336361319,respond,q10625,sprint,c,mobile
1557336370537,respond,q10622,sprint,d,mobile
1557336387071,respond,q10622,sprint,c,mobile
1557336403213,respond,q10623,sprint,a,mobile
1557336418225,respond,q10623,sprint,c,mobile
1557336426840,respond,q10623,sprint,a,mobile
1557336442183,respond,q10622,sprint,c,mobile
1557336447035,respond,q10622,sprint,a,mobile
1557336455961,submit,b7917,sprint,,mobile
1557336801143,enter,b8468,sprint,,mobile
1557336909752,respond,q11540,sprint,a,mobile
1557336911025,respond,q11539,sprint,a,mobile
1557336915419,submit,b8468,sprint,,mobile
1557337060653,enter,b5502,sprint,,mobile
1557337494129,respond,q7982,sprint,b,mobile
1557337495948,respond,q7982,sprint,a,mobile
1557337497702,respond,q7981,sprint,d,mobile
1557337502915,respond,q7981,sprint,a,mobile
1557337504474,respond,q7980,sprint,a,mobile
1557337520031,submit,b5502,sprint,,mobile
1557337596626,enter,b5398,sprint,,mobile
1557337698790,respond,q7636,sprint,c,mobile
1557337750220,respond,q7635,sprint,b,mobile
1557337754386,respond,q7635,sprint,a,mobile
1557337756637,respond,q7635,sprint,b,mobile
1557337765828,submit,b5398,sprint,,mobile
1557337803412,enter,b5321,adaptive_offer,,mobile
1557337914823,respond,q7334,adaptive_offer,c,mobile
1557337931578,respond,q7334,adaptive_offer,d,mobile
1557337934719,submit,b5321,adaptive_offer,,mobile
1557337985296,enter,b5369,sprint,,mobile
1557338208392,respond,q7524,sprint,a,mobile
1557338212489,submit,b5369,sprint,,mobile
1557396504244,enter,b8530,sprint,,mobile
1557396631293,respond,q11790,sprint,b,mobile
1557396642652,respond,q11790,sprint,c,mobile
1557396647026,respond,q11790,sprint,d,mobile
1557396648610,respond,q11789,sprint,c,mobile
1557396650702,respond,q11788,sprint,b,mobile
1557396665454,respond,q11788,sprint,b,mobile
1557396670912,submit,b8530,sprint,,mobile
1557396735316,enter,b8504,sprint,,mobile
1557396866213,respond,q11686,sprint,c,mobile
1557396875505,respond,q11685,sprint,d,mobile
1557396877608,respond,q11684,sprint,a,mobile
1557396898430,respond,q11684,sprint,b,mobile
1557396928488,respond,q11684,sprint,a,mobile
1557396935078,submit,b8504,sprint,,mobile
1557397027820,enter,b5401,sprint,,mobile
1557397272667,respond,q7644,sprint,a,mobile
1557397300469,submit,b5401,sprint,,mobile
1557400338064,enter,b5289,sprint,,mobile
1557400655418,respond,q7218,sprint,c,mobile
1557400662699,submit,b5289,sprint,,mobile
1557400810412,enter,b5321,adaptive_offer,,mobile
1557400867701,respond,q7334,adaptive_offer,c,mobile
1557400872914,submit,b5321,adaptive_offer,,mobile
1557401108114,enter,b5367,sprint,,mobile
1557401455221,respond,q7513,sprint,d,mobile
1557401459150,submit,b5367,sprint,,mobile
1557892104981,enter,b5391,sprint,,mobile
1557892150629,respond,q7612,sprint,c,mobile
1557892154955,submit,b5391,sprint,,mobile
1557926204794,enter,b7692,sprint,,mobile
1557926363433,respond,q10357,sprint,b,mobile
1557926371547,submit,b7692,sprint,,mobile
1558351308253,enter,b5462,sprint,,mobile
1558351595811,respond,q7830,sprint,b,mobile
1558351612905,respond,q7830,sprint,d,mobile
1558351617871,submit,b5462,sprint,,mobile
1558529746009,enter,b5242,sprint,,mobile
1558530073031,respond,q7068,sprint,d,mobile
1558530078323,submit,b5242,sprint,,mobile
1558530518651,enter,b5375,sprint,,mobile
1558530834541,respond,q7554,sprint,d,mobile
1558530869058,respond,q7554,sprint,c,mobile
1558530874617,respond,q7551,sprint,a,mobile
1558530884572,submit,b5375,sprint,,mobile
1558617507233,enter,b5704,sprint,,mobile
1558617720527,respond,q8321,sprint,c,mobile
1558617777142,respond,q8321,sprint,b,mobile
1558617779731,respond,q8321,sprint,c,mobile
1558617784648,submit,b5704,sprint,,mobile
1558618105963,enter,b5365,sprint,,mobile
1558618517423,respond,q7504,sprint,d,mobile
1558618519725,respond,q7504,sprint,b,mobile
1558618554003,submit,b5365,sprint,,mobile
1558701098297,enter,b7914,sprint,,mobile
1558701221165,respond,q10613,sprint,a,mobile
1558701236444,respond,q10610,sprint,b,mobile
1558701267157,respond,q10610,sprint,c,mobile
1558701270860,respond,q10610,sprint,d,mobile
1558701275628,submit,b7914,sprint,,mobile
1558701622448,enter,b5104,sprint,,mobile
1558701647462,respond,q6632,sprint,a,mobile
1558701661288,submit,b5104,sprint,,mobile
1558701885152,enter,b8501,sprint,,mobile
1558702084454,respond,q11674,sprint,a,mobile
1558702092172,respond,q11673,sprint,d,mobile
1558702125281,respond,q11673,sprint,c,mobile
1558702130780,submit,b8501,sprint,,mobile
1558794269501,enter,b7926,sprint,,mobile
1558794459421,respond,q10658,sprint,c,mobile
1558794466599,respond,q10658,sprint,d,mobile
1558794471832,submit,b7926,sprint,,mobile
1558794531725,enter,b8514,sprint,,mobile
1558794763996,respond,q11725,sprint,c,mobile
1558794765641,respond,q11725,sprint,d,mobile
1558794777560,respond,q11725,sprint,b,mobile
1558794799197,submit,b8514,sprint,,mobile
1558794931761,enter,b5516,sprint,,mobile
1558795202727,respond,q8040,sprint,d,mobile
1558795203545,respond,q8039,sprint,c,mobile
1558795204271,respond,q8038,sprint,d,mobile
1558795212367,respond,q8039,sprint,c,mobile
1558795217644,submit,b5516,sprint,,mobile
1558795462087,enter,b5516,adaptive_offer,,mobile
1558795527956,respond,q8038,adaptive_offer,a,mobile
1558795531516,respond,q8039,adaptive_offer,c,mobile
1558795536201,respond,q8040,adaptive_offer,b,mobile
1558795537694,respond,q8039,adaptive_offer,c,mobile
1558795539967,respond,q8040,adaptive_offer,b,mobile
1558795609850,respond,q8040,adaptive_offer,b,mobile
1558795614766,submit,b5516,adaptive_offer,,mobile
1558796299843,enter,b5401,adaptive_offer,,mobile
1558796588235,respond,q7643,adaptive_offer,a,mobile
1558796594305,submit,b5401,adaptive_offer,,mobile
1558872640080,enter,b5245,sprint,,mobile
1558873008126,respond,q7083,sprint,b,mobile
1558873013015,respond,q7083,sprint,d,mobile
1558873018761,submit,b5245,sprint,,mobile
1558873155375,enter,b5395,sprint,,mobile
1558873269855,respond,q7628,sprint,c,mobile
1558873305108,respond,q7628,sprint,d,mobile
1558873307212,respond,q7628,sprint,b,mobile
1558873309563,respond,q7629,sprint,d,mobile
1558873315836,respond,q7629,sprint,c,mobile
1558873317147,respond,q7629,sprint,d,mobile
1558873321499,respond,q7629,sprint,c,mobile
1558873325424,submit,b5395,sprint,,mobile
1558873425054,enter,b5372,sprint,,mobile
1558873698566,respond,q7537,sprint,b,mobile
1558873703484,submit,b5372,sprint,,mobile
1558874051201,enter,b7977,sprint,,mobile
1558874235310,respond,q10854,sprint,d,mobile
1558874239791,submit,b7977,sprint,,mobile
1558874324856,enter,b7983,sprint,,mobile
1558874467608,respond,q10878,sprint,b,mobile
1558874487908,respond,q10879,sprint,d,mobile
1558874491230,respond,q10879,sprint,a,mobile
1558874492572,respond,q10877,sprint,d,mobile
1558874493968,respond,q10876,sprint,a,mobile
1558874511264,submit,b7983,sprint,,mobile
1558874591667,enter,b7918,sprint,,mobile
1558874743179,respond,q10629,sprint,d,mobile
1558874745905,respond,q10628,sprint,d,mobile
1558874774547,respond,q10628,sprint,a,mobile
1558874796743,submit,b7918,sprint,,mobile
1558874893971,enter,b8498,sprint,,mobile
1558875084719,respond,q11662,sprint,c,mobile
1558875089309,submit,b8498,sprint,,mobile
1558963914896,enter,b8542,sprint,,mobile
1558964018933,respond,q11838,sprint,a,mobile
1558964027766,respond,q11838,sprint,c,mobile
1558964032083,respond,q11838,sprint,d,mobile
1558964037237,submit,b8542,sprint,,mobile
1558964066107,enter,b7998,sprint,,mobile
1558964195191,respond,q10938,sprint,c,mobile
1558964226801,respond,q10938,sprint,a,mobile
1558964233449,submit,b7998,sprint,,mobile
1558964306105,enter,b8536,sprint,,mobile
1558964450266,respond,q11814,sprint,d,mobile
1558964470300,submit,b8536,sprint,,mobile
1559053375887,enter,b7979,sprint,,mobile
1559053513759,respond,q10863,sprint,b,mobile
1559053519709,respond,q10863,sprint,c,mobile
1559053538409,respond,q10863,sprint,b,mobile
1559053558782,respond,q10863,sprint,c,mobile
1559053564203,respond,q10863,sprint,d,mobile
1559053569451,respond,q10863,sprint,a,mobile
1559053574421,submit,b7979,sprint,,mobile
1559053671853,enter,b8523,sprint,,mobile
1559053763985,respond,q11761,sprint,b,mobile
1559053771039,respond,q11761,sprint,d,mobile
1559053777146,submit,b8523,sprint,,mobile
1559053846633,enter,b8484,sprint,,mobile
1559053976559,respond,q11606,sprint,b,mobile
1559053985242,submit,b8484,sprint,,mobile
1559054024210,enter,b8550,sprint,,mobile
1559054226471,respond,q11870,sprint,a,mobile
1559054259201,respond,q11870,sprint,c,mobile
1559054272263,respond,q11870,sprint,b,mobile
1559054280149,submit,b8550,sprint,,mobile
1559054315865,enter,b5090,sprint,,mobile
1559054489718,respond,q6573,sprint,a,mobile
1559054502239,respond,q6573,sprint,c,mobile
1559054507048,submit,b5090,sprint,,mobile
1559213816502,enter,b8515,sprint,,mobile
1559213911452,respond,q11730,sprint,b,mobile
1559213916644,submit,b8515,sprint,,mobile
1559215437463,enter,b8572,sprint,,mobile
1559215532628,respond,q11958,sprint,b,mobile
1559215538266,submit,b8572,sprint,,mobile
1559309153738,enter,b5328,sprint,,mobile
1559309312178,respond,q7362,sprint,b,mobile
1559309332724,submit,b5328,sprint,,mobile
1559309506035,enter,b5251,adaptive_offer,,mobile
1559309621390,respond,q7103,adaptive_offer,a,mobile
1559309629030,submit,b5251,adaptive_offer,,mobile
1559309660061,enter,b5328,adaptive_offer,,mobile
1559309795128,respond,q7361,adaptive_offer,b,mobile
1559309810224,respond,q7361,adaptive_offer,a,mobile
1559309814066,submit,b5328,adaptive_offer,,mobile
1559743464199,enter,b8564,sprint,,mobile
1559743583830,respond,q11926,sprint,c,mobile
1559743611716,submit,b8564,sprint,,mobile
1559824794525,enter,b8533,sprint,,mobile
1559824877840,respond,q11802,sprint,d,mobile
1559824883434,respond,q11802,sprint,a,mobile
1559824884895,respond,q11802,sprint,c,mobile
1559824889359,submit,b8533,sprint,,mobile
1562073497822,enter,b5305,tutor,,mobile
1562073562171,respond,q7278,tutor,b,mobile
1562073574243,submit,b5305,tutor,,mobile
1562144180626,enter,b8331,sprint,,mobile
1562144232207,respond,q11299,sprint,b,mobile
1562144242355,respond,q11299,sprint,d,mobile
1562144255968,submit,b8331,sprint,,mobile
1562144520101,respond,q11032,sprint,c,mobile
1562144528267,respond,q11032,sprint,d,mobile
1562144586241,enter,b142,sprint,,mobile
1562144675683,submit,b142,sprint,,mobile
1562144772942,enter,b20,sprint,,mobile
1562144799342,respond,q20,sprint,b,mobile
1562144804077,submit,b20,sprint,,mobile
1562234003838,enter,b54,sprint,,mobile
1562234026697,respond,q54,sprint,c,mobile
1562234030454,respond,q54,sprint,d,mobile
1562234034199,submit,b54,sprint,,mobile
1562234131509,enter,b8135,sprint,,mobile
1562234146439,respond,q11082,sprint,b,mobile
1562234151183,respond,q11082,sprint,b,mobile
1562234156010,submit,b8135,sprint,,mobile
1562234244994,enter,b5533,sprint,,mobile
1562234249967,submit,b5533,sprint,,mobile
1562234585010,enter,b133,sprint,,mobile
1562234613081,submit,b133,sprint,,mobile
1562234704399,enter,b5632,sprint,,mobile
1562234727648,respond,q8161,sprint,d,mobile
1562234731087,submit,b5632,sprint,,mobile
1562234923436,enter,b8196,sprint,,mobile
1562234936865,respond,q11143,sprint,b,mobile
1562234945708,respond,q11143,sprint,b,mobile
1562234948508,submit,b8196,sprint,,mobile
1562235013512,enter,b5598,sprint,,mobile
1562235038534,respond,q8127,sprint,d,mobile
1562235041873,submit,b5598,sprint,,mobile
1562235456182,enter,b54,adaptive_offer,,mobile
1562235468817,respond,q54,adaptive_offer,b,mobile
1562235478974,submit,b54,adaptive_offer,,mobile
1562235621963,enter,b848,sprint,,mobile
1562235634689,respond,q848,sprint,b,mobile
1562235640499,respond,q848,sprint,c,mobile
1562235646018,submit,b848,sprint,,mobile
1562235692289,enter,b946,sprint,,mobile
1562235708460,respond,q946,sprint,a,mobile
1562235712495,submit,b946,sprint,,mobile
1562235813327,enter,b870,adaptive_offer,,mobile
1562235827675,respond,q870,adaptive_offer,b,mobile
1562235833116,submit,b870,adaptive_offer,,mobile
1562235895827,enter,b451,adaptive_offer,,mobile
1562235908303,respond,q451,adaptive_offer,b,mobile
1562235914250,submit,b451,adaptive_offer,,mobile
1562236048320,enter,b946,adaptive_offer,,mobile
1562236066039,respond,q946,adaptive_offer,b,mobile
1562236070618,submit,b946,adaptive_offer,,mobile
1562236124505,enter,b901,sprint,,mobile
1562236138318,respond,q901,sprint,b,mobile
1562236143239,submit,b901,sprint,,mobile
1562236181513,enter,b781,sprint,,mobile
1562236199945,respond,q781,sprint,c,mobile
1562236201432,respond,q781,sprint,b,mobile
1562236206162,submit,b781,sprint,,mobile
1562236288574,enter,b1028,sprint,,mobile
1562236305991,respond,q1028,sprint,c,mobile
1562236308782,submit,b1028,sprint,,mobile
1562236356205,enter,b1346,sprint,,mobile
1562236375940,respond,q1346,sprint,c,mobile
1562236379550,submit,b1346,sprint,,mobile
1562236430919,enter,b1254,sprint,,mobile
1562236445748,respond,q1254,sprint,b,mobile
1562236449764,submit,b1254,sprint,,mobile
1562236534562,enter,b803,sprint,,mobile
1562236543934,respond,q803,sprint,a,mobile
1562236552199,submit,b803,sprint,,mobile
1562236604180,enter,b1201,sprint,,mobile
1562236622561,respond,q1201,sprint,c,mobile
1562236626730,submit,b1201,sprint,,mobile
1562236722936,enter,b351,sprint,,mobile
1562236740541,respond,q351,sprint,a,mobile
1562236745320,submit,b351,sprint,,mobile
1562237098894,enter,b275,adaptive_offer,,mobile
1562237112511,respond,q275,adaptive_offer,b,mobile
1562237116106,respond,q275,adaptive_offer,c,mobile
1562237118867,submit,b275,adaptive_offer,,mobile
1562237460940,enter,b1855,sprint,,mobile
1562237530550,respond,q2763,sprint,a,mobile
1562237535314,submit,b1855,sprint,,mobile
1562237679824,enter,b2052,sprint,,mobile
1562237766194,respond,q3354,sprint,a,mobile
1562237771297,submit,b2052,sprint,,mobile
1562237852773,enter,b1951,sprint,,mobile
1562237959214,respond,q3051,sprint,c,mobile
1562237974115,submit,b1951,sprint,,mobile
1562238417180,enter,b2018,adaptive_offer,,mobile
1562238529710,respond,q3252,adaptive_offer,a,mobile
1562238534032,submit,b2018,adaptive_offer,,mobile
1562243195793,enter,b1443,sprint,,mobile
1562243270655,respond,q1527,sprint,b,mobile
1562243275738,submit,b1443,sprint,,mobile
1562243654073,enter,b1710,sprint,,mobile
1562243732604,respond,q2328,sprint,a,mobile
1562243738389,submit,b1710,sprint,,mobile
1562243980957,enter,b1699,sprint,,mobile
1562244018382,submit,b1699,sprint,,mobile
1562244346351,enter,b1699,review_quiz,,mobile
1562244428924,respond,q2295,review_quiz,c,mobile
1562244433672,submit,b1699,review_quiz,,mobile
1562244556790,enter,b1535,sprint,,mobile
1562244627019,respond,q1803,sprint,b,mobile
1562244637703,respond,q1803,sprint,b,mobile
1562244646301,respond,q1803,sprint,b,mobile
1562244651852,respond,q1803,sprint,b,mobile
1562244657078,submit,b1535,sprint,,mobile
1562244808403,enter,b5578,sprint,,mobile
1562244834809,respond,q8107,sprint,b,mobile
1562244838840,submit,b5578,sprint,,mobile
1562244881009,enter,b5551,sprint,,mobile
1562244895445,submit,b5551,sprint,,mobile
1562244926147,enter,b5551,sprint,,mobile
1562244947275,respond,q8080,sprint,d,mobile
1562244950692,submit,b5551,sprint,,mobile
1562245056728,enter,b8086,sprint,,mobile
1562245077186,respond,q11033,sprint,c,mobile
1562245083646,submit,b8086,sprint,,mobile
1562245166125,enter,b86,sprint,,mobile
1562245199547,respond,q86,sprint,a,mobile
1562245203697,submit,b86,sprint,,mobile
1562245327982,enter,b5529,sprint,,mobile
1562245341785,respond,q8058,sprint,b,mobile
1562245355166,submit,b5529,sprint,,mobile
1562325830284,enter,b186,sprint,,mobile
1562325843550,submit,b186,sprint,,mobile
1562325846890,enter,b186,sprint,,mobile
1562325857663,respond,q186,sprint,b,mobile
1562325861243,submit,b186,sprint,,mobile
1562326026998,enter,b8192,sprint,,mobile
1562326044070,respond,q11139,sprint,b,mobile
1562326048903,respond,q11139,sprint,b,mobile
1562326052515,submit,b8192,sprint,,mobile
1562326232109,enter,b5640,sprint,,mobile
1562326260326,respond,q8169,sprint,d,mobile
1562326262786,submit,b5640,sprint,,mobile
1562326349451,enter,b5645,sprint,,mobile
1562326366123,respond,q8174,sprint,c,mobile
1562326384332,respond,q8174,sprint,d,mobile
1562326392072,respond,q8174,sprint,c,mobile
1562326402287,respond,q8174,sprint,d,mobile
1562326406413,submit,b5645,sprint,,mobile
1562326529716,enter,b67,sprint,,mobile
1562326550230,respond,q67,sprint,c,mobile
1562326557798,submit,b67,sprint,,mobile
1562326652056,enter,b8163,sprint,,mobile
1562326679154,respond,q11110,sprint,a,mobile
1562326682316,submit,b8163,sprint,,mobile
1562326826953,enter,b134,sprint,,mobile
1562326848894,respond,q134,sprint,b,mobile
1562326851861,submit,b134,sprint,,mobile
1562326928439,enter,b5614,sprint,,mobile
1562326950829,respond,q8143,sprint,a,mobile
1562326955478,submit,b5614,sprint,,mobile
1562327522763,enter,b77,sprint,,mobile
1562327547623,respond,q77,sprint,c,mobile
1562327550225,respond,q77,sprint,d,mobile
1562327554742,submit,b77,sprint,,mobile
1562327833676,enter,b77,adaptive_offer,,mobile
1562327856659,respond,q77,adaptive_offer,c,mobile
1562327862653,submit,b77,adaptive_offer,,mobile
1562328465259,enter,b8239,sprint,,mobile
1562328482974,respond,q11186,sprint,c,mobile
1562328501062,respond,q11186,sprint,c,mobile
1562328505939,respond,q11186,sprint,b,mobile
1562328509835,submit,b8239,sprint,,mobile
1562328574806,enter,b175,sprint,,mobile
1562328589587,respond,q175,sprint,b,mobile
1562328600743,submit,b175,sprint,,mobile
1562328818820,enter,b5559,sprint,,mobile
1562328837588,respond,q8088,sprint,c,mobile
1562328845991,submit,b5559,sprint,,mobile
1562329429105,enter,b444,sprint,,mobile
1562329443751,respond,q444,sprint,b,mobile
1562329450403,submit,b444,sprint,,mobile
1562329562926,enter,b5566,sprint,,mobile
1562329576829,respond,q8095,sprint,b,mobile
1562329588758,submit,b5566,sprint,,mobile
1562329760504,enter,b595,sprint,,mobile
1562329778642,respond,q595,sprint,c,mobile
1562329781812,submit,b595,sprint,,mobile
1562329831920,enter,b1097,sprint,,mobile
1562329844862,respond,q1097,sprint,b,mobile
1562329851153,submit,b1097,sprint,,mobile
1562329928110,enter,b656,sprint,,mobile
1562329945126,respond,q656,sprint,b,mobile
1562329948123,submit,b656,sprint,,mobile
1562330004555,enter,b640,sprint,,mobile
1562330031476,respond,q640,sprint,b,mobile
1562330033271,respond,q640,sprint,a,mobile
1562330036285,submit,b640,sprint,,mobile
1562330134725,enter,b333,sprint,,mobile
1562330153355,respond,q333,sprint,c,mobile
1562330156577,submit,b333,sprint,,mobile
1562330219377,enter,b895,sprint,,mobile
1562330237157,respond,q895,sprint,b,mobile
1562330242201,submit,b895,sprint,,mobile
1562330277784,enter,b1188,adaptive_offer,,mobile
1562330289841,respond,q1188,adaptive_offer,a,mobile
1562330297516,submit,b1188,adaptive_offer,,mobile
1562330345025,enter,b895,adaptive_offer,,mobile
1562330363265,respond,q895,adaptive_offer,c,mobile
1562330366173,submit,b895,adaptive_offer,,mobile
1562330510750,enter,b781,adaptive_offer,,mobile
1562330520632,respond,q781,adaptive_offer,a,mobile
1562330529933,submit,b781,adaptive_offer,,mobile
1562330654723,enter,b273,adaptive_offer,,mobile
1562330675624,respond,q273,adaptive_offer,a,mobile
1562330678167,submit,b273,adaptive_offer,,mobile
1562331126935,enter,b1276,sprint,,mobile
1562331142543,respond,q1276,sprint,c,mobile
1562331146568,submit,b1276,sprint,,mobile
1562331177448,enter,b630,sprint,,mobile
1562331192775,respond,q630,sprint,c,mobile
1562331195752,submit,b630,sprint,,mobile
1562331271278,enter,b743,sprint,,mobile
1562331287562,respond,q743,sprint,b,mobile
1562331290756,submit,b743,sprint,,mobile
1562332480182,enter,b252,sprint,,mobile
1562332497117,respond,q252,sprint,a,mobile
1562332501433,submit,b252,sprint,,mobile
1562333321056,enter,b11657,sprint,,mobile
1562333381990,respond,q17437,sprint,c,mobile
1562333420398,respond,q17437,sprint,a,mobile
1562333425258,submit,b11657,sprint,,mobile
1562333813442,enter,b8334,sprint,,mobile
1562333915049,respond,q11308,sprint,d,mobile
1562333920597,respond,q11308,sprint,c,mobile
1562333928700,respond,q11308,sprint,d,mobile
1562333932662,submit,b8334,sprint,,mobile
1562334038103,enter,b1911,sprint,,mobile
1562334125687,respond,q2931,sprint,c,mobile
1562334131449,submit,b1911,sprint,,mobile
1562334286027,enter,b1941,sprint,,mobile
1562334368466,respond,q3021,sprint,c,mobile
1562334375352,submit,b1941,sprint,,mobile
1562334600795,enter,b1974,sprint,,mobile
1562334709288,respond,q3120,sprint,b,mobile
1562334713455,submit,b1974,sprint,,mobile
1562335282389,enter,b1943,sprint,,mobile
1562335371600,respond,q3027,sprint,c,mobile
1562335377502,submit,b1943,sprint,,mobile
1562335571373,enter,b1820,sprint,,mobile
1562335663305,respond,q2658,sprint,d,mobile
1562335668681,respond,q2658,sprint,d,mobile
1562335675426,submit,b1820,sprint,,mobile
1562337224734,enter,b1987,sprint,,mobile
1562337308410,respond,q3159,sprint,b,mobile
1562337317685,respond,q3159,sprint,c,mobile
1562337321784,respond,q3159,sprint,d,mobile
1562337326309,submit,b1987,sprint,,mobile
1562415275670,enter,b1948,sprint,,mobile
1562415345294,respond,q3042,sprint,d,mobile
1562415360009,submit,b1948,sprint,,mobile
1562415548306,enter,b1873,sprint,,mobile
1562415613269,respond,q2817,sprint,a,mobile
1562415619917,respond,q2817,sprint,a,mobile
1562415625153,submit,b1873,sprint,,mobile
1562415716899,enter,b1897,sprint,,mobile
1562415814346,respond,q2889,sprint,b,mobile
1562415822632,submit,b1897,sprint,,mobile
1562415934556,enter,b1841,sprint,,mobile
1562416011634,respond,q2721,sprint,b,mobile
1562416013690,respond,q2721,sprint,a,mobile
1562416021499,submit,b1841,sprint,,mobile
1562416136865,enter,b2039,sprint,,mobile
1562416217962,respond,q3315,sprint,a,mobile
1562416219662,respond,q3315,sprint,a,mobile
1562416232799,submit,b2039,sprint,,mobile
1562416403630,enter,b1427,sprint,,mobile
1562416483700,respond,q1479,sprint,c,mobile
1562416495049,submit,b1427,sprint,,mobile
1562416587645,enter,b1576,sprint,,mobile
1562416685162,respond,q1926,sprint,c,mobile
1562416698057,submit,b1576,sprint,,mobile
1562416854514,enter,b1539,sprint,,mobile
1562416942404,submit,b1539,sprint,,mobile
1562416975313,enter,b1539,sprint,,mobile
1562417032624,respond,q1815,sprint,b,mobile
1562417037899,submit,b1539,sprint,,mobile
1562417368048,enter,b1719,sprint,,mobile
1562417437200,respond,q2355,sprint,a,mobile
1562417460786,submit,b1719,sprint,,mobile
1562417552218,enter,b1481,sprint,,mobile
1562417639639,respond,q1641,sprint,d,mobile
1562417640571,respond,q1641,sprint,d,mobile
1562417646088,submit,b1481,sprint,,mobile
1562507773418,enter,b4647,sprint,,mobile
1562507798534,respond,q6115,sprint,c,mobile
1562507802675,respond,q6115,sprint,a,mobile
1562507820242,submit,b4647,sprint,,mobile
1562508178469,enter,b7933,sprint,,mobile
1562508247103,respond,q10682,sprint,c,mobile
1562508258949,respond,q10682,sprint,c,mobile
1562508270101,submit,b7933,sprint,,mobile
1562508410885,enter,b1833,sprint,,mobile
1562508480709,respond,q2697,sprint,a,mobile
1562508492708,submit,b1833,sprint,,mobile
1562508524959,enter,b2025,sprint,,mobile
1562508635721,respond,q3273,sprint,c,mobile
1562508643602,submit,b2025,sprint,,mobile
1562508740557,enter,b1933,sprint,,mobile
1562508825646,respond,q2997,sprint,d,mobile
1562508832858,submit,b1933,sprint,,mobile
1562547078515,enter,b1955,sprint,,mobile
1562547112146,submit,b1955,sprint,,mobile
1562547117545,enter,b1955,sprint,,mobile
1562547156200,respond,q3063,sprint,a,mobile
1562547159368,respond,q3063,sprint,a,mobile
1562547164431,respond,q3063,sprint,a,mobile
1562547170893,submit,b1955,sprint,,mobile
1562547380902,enter,b2112,sprint,,mobile
1562547456245,respond,q3534,sprint,c,mobile
1562547468962,submit,b2112,sprint,,mobile
1562547590846,enter,b2030,sprint,,mobile
1562547659850,respond,q3288,sprint,a,mobile
1562547671869,respond,q3288,sprint,a,mobile
1562547686454,respond,q3288,sprint,a,mobile
1562547698513,respond,q3288,sprint,a,mobile
1562547704405,respond,q3288,sprint,a,mobile
1562547709175,submit,b2030,sprint,,mobile
1562547776225,enter,b1902,sprint,,mobile
1562547867843,respond,q2904,sprint,c,mobile
1562547901577,respond,q2904,sprint,c,mobile
1562547910277,submit,b1902,sprint,,mobile
1562548488779,enter,b8327,sprint,,mobile
1562548580623,respond,q11287,sprint,b,mobile
1562548597165,respond,q11287,sprint,a,mobile
1562548600903,submit,b8327,sprint,,mobile
1562549454623,enter,b1710,review_quiz,,mobile
1562549490399,submit,b1710,review_quiz,,mobile
1562549496975,enter,b1710,review_quiz,,mobile
1562549541122,respond,q2328,review_quiz,a,mobile
1562549554635,submit,b1710,review_quiz,,mobile
1562594283221,enter,b8181,sprint,,mobile
1562594304211,respond,q11128,sprint,d,mobile
1562594308784,submit,b8181,sprint,,mobile
1562594371990,enter,b126,sprint,,mobile
1562594395211,respond,q126,sprint,a,mobile
1562594400000,submit,b126,sprint,,mobile
1562594500685,enter,b5525,sprint,,mobile
1562594516575,respond,q8054,sprint,b,mobile
1562594526235,submit,b5525,sprint,,mobile
1562595879229,enter,b65,sprint,,mobile
1562595908048,respond,q65,sprint,c,mobile
1562595915751,submit,b65,sprint,,mobile
1562637287985,enter,b4109,my_note,,web
1562637324089,respond,q5577,my_note,b,web
1562637327674,respond,q5577,my_note,a,web
1562637330004,submit,b4109,my_note,,web
1562637346040,enter,b3720,my_note,,web
1562637370186,respond,q5188,my_note,c,web
1562637376747,respond,q5188,my_note,d,web
1562637378864,submit,b3720,my_note,,web
1562637406847,enter,b2940,my_note,,web
1562637419739,respond,q4408,my_note,d,web
1562637429863,respond,q4408,my_note,c,web
1562637447400,submit,b2940,my_note,,web
1562637471378,enter,b4079,my_note,,web
1562637483165,respond,q5547,my_note,c,web
1562637496505,submit,b4079,my_note,,web
1562637507396,enter,b2460,my_note,,web
1562637519697,respond,q3928,my_note,b,web
1562637530913,respond,q3928,my_note,d,web
1562637548409,respond,q3928,my_note,c,web
1562637551103,respond,q3928,my_note,b,web
1562637558655,submit,b2460,my_note,,web
1562637593007,enter,b4167,my_note,,web
1562637609134,respond,q5635,my_note,c,web
1562637637375,submit,b4167,my_note,,web
1562637657560,enter,b7494,my_note,,web
1562637682830,respond,q10143,my_note,c,web
1562637684407,submit,b7494,my_note,,web
1562637719829,enter,b3612,my_note,,web
1562637734307,respond,q5080,my_note,a,web
1562637736674,submit,b3612,my_note,,web
1562637746985,enter,b6340,my_note,,web
1562637756067,respond,q8989,my_note,d,web
1562637757772,submit,b6340,my_note,,web
1562637801861,enter,b7237,my_note,,web
1562637834090,respond,q9886,my_note,c,web
1562637837120,respond,q9886,my_note,d,web
1562637859156,respond,q9886,my_note,a,web
1562637866394,submit,b7237,my_note,,web
1562637909205,enter,b5026,my_note,,web
1562637933711,respond,q6494,my_note,d,web
1562637944844,respond,q6494,my_note,b,web
1562637959869,respond,q6494,my_note,a,web
1562637968374,respond,q6494,my_note,b,web
1562637970040,submit,b5026,my_note,,web
1562637993042,enter,b5071,my_note,,web
1562638015653,respond,q6539,my_note,a,web
1562638031006,submit,b5071,my_note,,web
1562643206941,enter,b111,my_note,,web
1562643223120,respond,q111,my_note,b,web
1562643231384,respond,q111,my_note,d,web
1562643233161,submit,b111,my_note,,web
1562643264351,enter,b10,my_note,,web
1562643287645,respond,q10,my_note,b,web
1562643289439,submit,b10,my_note,,web
1562643297299,enter,b5633,my_note,,web
1562643313000,respond,q8162,my_note,b,web
1562643324943,submit,b5633,my_note,,web
1562643466599,enter,b3,my_note,,web
1562643480457,respond,q3,my_note,b,web
1562643495568,submit,b3,my_note,,web
1562643508902,enter,b135,my_note,,web
1562643532643,respond,q135,my_note,a,web
1562643534731,submit,b135,my_note,,web
1562643591884,enter,b5118,my_note,,web
1562643631212,respond,q6685,my_note,d,web
1562643646272,respond,q6685,my_note,b,web
1562643718637,respond,q6686,my_note,a,web
1562643741381,respond,q6687,my_note,c,web
1562643807181,respond,q6688,my_note,a,web
1562643851171,respond,q6688,my_note,b,web
1562643853245,submit,b5118,my_note,,web
1562643918903,enter,b5226,my_note,,web
1562643941278,respond,q6997,my_note,a,web
1562643960780,respond,q6998,my_note,c,web
1562643987151,respond,q6999,my_note,b,web
1562644004966,respond,q7000,my_note,a,web
1562644007928,submit,b5226,my_note,,web
1562644045435,enter,b5124,my_note,,web
1562644068251,respond,q6709,my_note,c,web
1562644113349,respond,q6710,my_note,a,web
1562644115853,respond,q6710,my_note,b,web
1562644117889,respond,q6710,my_note,c,web
1562644316055,respond,q6711,my_note,d,web
1562644321458,respond,q6712,my_note,d,web
1562644337876,submit,b5124,my_note,,web
1562644363852,enter,b5212,my_note,,web
1562644502358,respond,q6941,my_note,a,web
1562644510456,respond,q6941,my_note,d,web
1562644644329,respond,q6942,my_note,b,web
1562644649958,respond,q6943,my_note,d,web
1562644655545,respond,q6944,my_note,c,web
1562644657225,submit,b5212,my_note,,web
1562649157243,enter,b8083,sprint,,mobile
1562649181568,respond,q11030,sprint,d,mobile
1562649184714,submit,b8083,sprint,,mobile
1562649208809,enter,b26,sprint,,mobile
1562649219192,respond,q26,sprint,a,mobile
1562649234329,submit,b26,sprint,,mobile
1562649256961,enter,b92,sprint,,mobile
1562649266492,respond,q92,sprint,a,mobile
1562649270024,respond,q92,sprint,a,mobile
1562649279751,submit,b92,sprint,,mobile
1562649300496,enter,b156,sprint,,mobile
1562649323110,respond,q156,sprint,a,mobile
1562649326544,submit,b156,sprint,,mobile
1562649349307,enter,b8288,sprint,,mobile
1562649373726,submit,b8288,sprint,,mobile
1562649396223,enter,b90,sprint,,mobile
1562649422140,respond,q90,sprint,a,mobile
1562649425269,submit,b90,sprint,,mobile
1562649459624,enter,b5522,sprint,,mobile
1562649480941,respond,q8051,sprint,a,mobile
1562649484546,submit,b5522,sprint,,mobile
1562649505277,enter,b5548,sprint,,mobile
1562649525853,respond,q8077,sprint,b,mobile
1562649527996,respond,q8077,sprint,d,mobile
1562649531350,submit,b5548,sprint,,mobile
1562649554547,enter,b8268,sprint,,mobile
1562649576173,respond,q11215,sprint,a,mobile
1562649579273,submit,b8268,sprint,,mobile
1562649599845,enter,b5580,sprint,,mobile
1562649623744,respond,q8109,sprint,b,mobile
1562649627323,submit,b5580,sprint,,mobile
1562649645252,enter,b45,sprint,,mobile
1562649666135,respond,q45,sprint,d,mobile
1562649669390,submit,b45,sprint,,mobile
1562649694076,enter,b109,sprint,,mobile
1562649713362,respond,q109,sprint,c,mobile
1562649720260,submit,b109,sprint,,mobile
1562649741425,enter,b8161,sprint,,mobile
1562649765804,respond,q11108,sprint,d,mobile
1562649769025,submit,b8161,sprint,,mobile
1562649816919,enter,b121,sprint,,mobile
1562649837061,respond,q121,sprint,c,mobile
1562649845507,submit,b121,sprint,,mobile
1562649884097,enter,b95,sprint,,mobile
1562649907861,respond,q95,sprint,d,mobile
1562649910744,submit,b95,sprint,,mobile
1562649932926,enter,b94,sprint,,mobile
1562649949951,respond,q94,sprint,c,mobile
1562649958157,submit,b94,sprint,,mobile
1562651434876,respond,q726,sprint,a,mobile
1562651461056,enter,b377,sprint,,mobile
1562651471927,respond,q377,sprint,a,mobile
1562651481007,submit,b377,sprint,,mobile
1562651491849,enter,b443,sprint,,mobile
1562651505542,respond,q443,sprint,b,mobile
1562651509316,respond,q443,sprint,c,mobile
1562651512860,submit,b443,sprint,,mobile
1562651519021,enter,b1090,sprint,,mobile
1562651531186,submit,b1090,sprint,,mobile
1562651536130,enter,b1090,sprint,,mobile
1562651540550,respond,q1090,sprint,a,mobile
1562651543519,submit,b1090,sprint,,mobile
1562651563391,enter,b370,sprint,,mobile
1562651580626,respond,q370,sprint,c,mobile
1562651583563,submit,b370,sprint,,mobile
1562651606941,enter,b488,sprint,,mobile
1562651625333,respond,q488,sprint,a,mobile
1562651628868,submit,b488,sprint,,mobile
1562651646618,enter,b1021,sprint,,mobile
1562651660107,respond,q1021,sprint,b,mobile
1562651665089,submit,b1021,sprint,,mobile
1562658637945,enter,b1875,adaptive_offer,,mobile
1562658713226,respond,q2823,adaptive_offer,c,mobile
1562658717858,submit,b1875,adaptive_offer,,mobile
1562725459346,enter,b1835,sprint,,mobile
1562725528070,respond,q2703,sprint,b,mobile
1562725536270,submit,b1835,sprint,,mobile
1562725599230,enter,b1859,sprint,,mobile
1562725668046,respond,q2775,sprint,d,mobile
1562725678110,submit,b1859,sprint,,mobile
1562725742778,enter,b2075,sprint,,mobile
1562725840414,respond,q3423,sprint,b,mobile
1562725844276,submit,b2075,sprint,,mobile
1562725941855,enter,b1860,sprint,,mobile
1562726001085,respond,q2778,sprint,c,mobile
1562726007821,respond,q2778,sprint,c,mobile
1562726044037,submit,b1860,sprint,,mobile
1562728123980,enter,b195,adaptive_offer,,mobile
1562728134120,respond,q195,adaptive_offer,b,mobile
1562728148328,submit,b195,adaptive_offer,,mobile
1562728172469,enter,b57,adaptive_offer,,mobile
1562728181859,respond,q57,adaptive_offer,a,mobile
1562728194281,submit,b57,adaptive_offer,,mobile
1562728401643,enter,b756,adaptive_offer,,mobile
1562728420276,respond,q756,adaptive_offer,c,mobile
1562728425367,respond,q756,adaptive_offer,a,mobile
1562728429483,submit,b756,adaptive_offer,,mobile
1562728454379,enter,b824,adaptive_offer,,mobile
1562728465283,respond,q824,adaptive_offer,b,mobile
1562728472437,respond,q824,adaptive_offer,c,mobile
1562728475310,submit,b824,adaptive_offer,,mobile
1562741963898,enter,b3261,adaptive_offer,,mobile
1562741979436,respond,q4729,adaptive_offer,c,mobile
1562741982091,submit,b3261,adaptive_offer,,mobile
1562741991286,enter,b4688,adaptive_offer,,mobile
1562741994776,respond,q6156,adaptive_offer,c,mobile
1562741995942,respond,q6156,adaptive_offer,a,mobile
1562741998682,submit,b4688,adaptive_offer,,mobile
1562742015423,enter,b4297,adaptive_offer,,mobile
1562742033881,respond,q5765,adaptive_offer,b,mobile
1562742057912,respond,q5765,adaptive_offer,c,mobile
1562742061134,submit,b4297,adaptive_offer,,mobile
1562742075706,enter,b2850,adaptive_offer,,mobile
1562742079966,respond,q4318,adaptive_offer,a,mobile
1562742080977,respond,q4318,adaptive_offer,b,mobile
1562742113548,respond,q4318,adaptive_offer,d,mobile
1562742116146,respond,q4318,adaptive_offer,b,mobile
1562742119895,respond,q4318,adaptive_offer,c,mobile
1562742124379,respond,q4318,adaptive_offer,a,mobile
1562742127275,submit,b2850,adaptive_offer,,mobile
1562742153669,enter,b3418,adaptive_offer,,mobile
1562742158637,respond,q4886,adaptive_offer,c,mobile
1562742159898,respond,q4886,adaptive_offer,d,mobile
1562742162409,submit,b3418,adaptive_offer,,mobile
1562824549732,enter,b2043,sprint,,mobile
1562824640167,respond,q3327,sprint,d,mobile
1562824648097,respond,q3327,sprint,d,mobile
1562824663209,respond,q3327,sprint,d,mobile
1562824666178,respond,q3327,sprint,d,mobile
1562824676975,submit,b2043,sprint,,mobile
1562824725137,enter,b7931,sprint,,mobile
1562824794525,respond,q10676,sprint,d,mobile
1562824806564,submit,b7931,sprint,,mobile
1562824837548,enter,b1939,sprint,,mobile
1562824911902,respond,q3015,sprint,b,mobile
1562824915373,respond,q3015,sprint,b,mobile
1562824917697,respond,q3015,sprint,b,mobile
1562824926070,respond,q3015,sprint,c,mobile
1562824928305,respond,q3015,sprint,d,mobile
1562824930434,respond,q3015,sprint,c,mobile
1562824931179,respond,q3015,sprint,d,mobile
1562824934185,respond,q3015,sprint,c,mobile
1562824938929,submit,b1939,sprint,,mobile
1562824995734,enter,b1818,sprint,,mobile
1562825093093,respond,q2652,sprint,a,mobile
1562825097340,submit,b1818,sprint,,mobile
1562825178690,enter,b1827,sprint,,mobile
1562825259281,respond,q2679,sprint,c,mobile
1562825271268,submit,b1827,sprint,,mobile
1562898057270,enter,b8209,sprint,,mobile
1562898079658,respond,q11156,sprint,d,mobile
1562898087089,submit,b8209,sprint,,mobile
1562898125913,enter,b182,sprint,,mobile
1562898150089,respond,q182,sprint,b,mobile
1562898154220,submit,b182,sprint,,mobile
1562898203837,enter,b9,sprint,,mobile
1562898227930,respond,q9,sprint,c,mobile
1562898231375,submit,b9,sprint,,mobile
1562898323353,enter,b9,sprint,,mobile
1562898332505,submit,b9,sprint,,mobile
1562898332544,enter,b76,sprint,,mobile
1562898355739,respond,q76,sprint,b,mobile
1562898360088,respond,q76,sprint,a,mobile
1562898364556,submit,b76,sprint,,mobile
1562898386692,enter,b8232,sprint,,mobile
1562898402077,respond,q11179,sprint,b,mobile
1562898410207,submit,b8232,sprint,,mobile
1562898876190,enter,b5649,sprint,,mobile
1562898893468,respond,q8178,sprint,c,mobile
1562898900862,submit,b5649,sprint,,mobile
1562898915299,enter,b173,sprint,,mobile
1562898937820,respond,q173,sprint,a,mobile
1562898940955,submit,b173,sprint,,mobile
1562898964431,enter,b115,sprint,,mobile
1562898991077,respond,q115,sprint,b,mobile
1562898995633,submit,b115,sprint,,mobile
1562899035398,enter,b8254,sprint,,mobile
1562899059099,respond,q11201,sprint,b,mobile
1562899062111,submit,b8254,sprint,,mobile
1562899095619,enter,b11,sprint,,mobile
1562899110758,respond,q11,sprint,a,mobile
1562899116764,respond,q11,sprint,c,mobile
1562899128347,submit,b11,sprint,,mobile
1562899222897,enter,b85,adaptive_offer,,mobile
1562899247970,respond,q85,adaptive_offer,b,mobile
1562899251216,submit,b85,adaptive_offer,,mobile
1562899287918,enter,b11,adaptive_offer,,mobile
1562899294813,respond,q11,adaptive_offer,a,mobile
1562899314097,respond,q11,adaptive_offer,d,mobile
1562899317190,submit,b11,adaptive_offer,,mobile
1562899373493,enter,b1867,sprint,,mobile
1562899450297,respond,q2799,sprint,c,mobile
1562899454594,submit,b1867,sprint,,mobile
1562899461057,enter,b2009,sprint,,mobile
1562899532614,respond,q3225,sprint,c,mobile
1562899542771,respond,q3225,sprint,d,mobile
1562899544009,respond,q3225,sprint,c,mobile
1562899554368,submit,b2009,sprint,,mobile
1562899599641,enter,b1904,sprint,,mobile
1562899676160,respond,q2910,sprint,d,mobile
1562899682865,submit,b1904,sprint,,mobile
1562899788091,enter,b2000,sprint,,mobile
1562899855200,respond,q3198,sprint,d,mobile
1562899858661,respond,q3198,sprint,d,mobile
1562899866529,respond,q3198,sprint,b,mobile
1562899896709,respond,q3198,sprint,b,mobile
1562899902760,respond,q3198,sprint,b,mobile
1562899903790,respond,q3198,sprint,b,mobile
1562899905854,respond,q3198,sprint,b,mobile
1562899911411,respond,q3198,sprint,b,mobile
1562899918035,submit,b2000,sprint,,mobile
1562900048808,enter,b8326,sprint,,mobile
1562900125772,respond,q11284,sprint,b,mobile
1562900129947,submit,b8326,sprint,,mobile
1562900170830,enter,b2092,sprint,,mobile
1562900231265,respond,q3474,sprint,b,mobile
1562900243422,submit,b2092,sprint,,mobile
1562900315688,enter,b2000,adaptive_offer,,mobile
1562900392646,respond,q3198,adaptive_offer,d,mobile
1562900398688,submit,b2000,adaptive_offer,,mobile
1562900410158,enter,b1904,adaptive_offer,,mobile
1562900469815,respond,q2910,adaptive_offer,d,mobile
1562900474816,submit,b1904,adaptive_offer,,mobile
1562900508679,enter,b1824,sprint,,mobile
1562900587789,respond,q2670,sprint,b,mobile
1562900592421,submit,b1824,sprint,,mobile
1562900663379,enter,b2105,sprint,,mobile
1562900735533,respond,q3513,sprint,a,mobile
1562900741607,submit,b2105,sprint,,mobile
1562900784710,enter,b1845,sprint,,mobile
1562900860445,respond,q2733,sprint,b,mobile
1562900865272,submit,b1845,sprint,,mobile
1562900923204,enter,b1894,sprint,,mobile
1562901001515,respond,q2880,sprint,d,mobile
1562901006264,submit,b1894,sprint,,mobile
1562901035648,enter,b1928,sprint,,mobile
1562901090078,respond,q2982,sprint,c,mobile
1562901102238,submit,b1928,sprint,,mobile
1562901667054,enter,b1685,sprint,,mobile
1562901768933,respond,q2253,sprint,d,mobile
1562901773408,respond,q2253,sprint,a,mobile
1562901784915,respond,q2253,sprint,a,mobile
1562901793580,submit,b1685,sprint,,mobile
1562901890692,enter,b1441,sprint,,mobile
1562901961853,respond,q1521,sprint,b,mobile
1562901965017,respond,q1521,sprint,b,mobile
1562901969172,submit,b1441,sprint,,mobile
1562902038267,enter,b1718,sprint,,mobile
1562902121035,respond,q2352,sprint,b,mobile
1562902124272,respond,q2352,sprint,a,mobile
1562902135667,submit,b1718,sprint,,mobile
1562902202774,enter,b1589,sprint,,mobile
1562902274970,respond,q1965,sprint,c,mobile
1562902282704,respond,q1965,sprint,a,mobile
1562902288186,submit,b1589,sprint,,mobile
1562902369610,enter,b1792,sprint,,mobile
1562902446631,respond,q2574,sprint,a,mobile
1562902466624,submit,b1792,sprint,,mobile
1562902484743,enter,b1792,sprint,,mobile
1562902550137,submit,b1792,sprint,,mobile
1562902574067,enter,b7970,sprint,,mobile
1562902698142,respond,q10827,sprint,d,mobile
1562902753267,submit,b7970,sprint,,mobile
1562937673529,enter,b8469,sprint,,mobile
1562937772924,respond,q11545,sprint,b,mobile
1562937779421,submit,b8469,sprint,,mobile
1563370675126,enter,b2670,sprint,,mobile
1563370688459,respond,q4138,sprint,c,mobile
1563370693160,submit,b2670,sprint,,mobile
1563370702668,enter,b2831,sprint,,mobile
1563370721875,respond,q4299,sprint,b,mobile
1563370724484,respond,q4299,sprint,a,mobile
1563370735794,respond,q4299,sprint,b,mobile
1563370736469,respond,q4299,sprint,c,mobile
1563370744213,respond,q4299,sprint,d,mobile
1563370748135,submit,b2831,sprint,,mobile
1563370804133,enter,b3015,sprint,,mobile
1563370820337,respond,q4483,sprint,b,mobile
1563370827314,respond,q4483,sprint,b,mobile
1563370836133,submit,b3015,sprint,,mobile
1563370862961,enter,b2734,sprint,,mobile
1563370886359,respond,q4202,sprint,c,mobile
1563370894345,respond,q4202,sprint,a,mobile
1563370909875,respond,q4202,sprint,b,mobile
1563370914671,submit,b2734,sprint,,mobile
1563370946616,enter,b2664,sprint,,mobile
1563370973363,respond,q4132,sprint,c,mobile
1563370991860,submit,b2664,sprint,,mobile
1563371047517,enter,b8512,sprint,,mobile
1563371178151,respond,q11718,sprint,d,mobile
1563371192328,submit,b8512,sprint,,mobile
1563371216580,enter,b8526,sprint,,mobile
1563371276091,respond,q11774,sprint,b,mobile
1563371277597,respond,q11774,sprint,a,mobile
1563371285520,submit,b8526,sprint,,mobile
1563515445247,enter,b2094,sprint,,mobile
1563515527574,respond,q3480,sprint,c,mobile
1563515533226,submit,b2094,sprint,,mobile
1563515544814,enter,b1978,sprint,,mobile
1563515615280,respond,q3132,sprint,b,mobile
1563515620027,respond,q3132,sprint,b,mobile
1563515626304,submit,b1978,sprint,,mobile
1563515964455,enter,b1810,sprint,,mobile
1563516070488,respond,q2628,sprint,a,mobile
1563516079327,submit,b1810,sprint,,mobile
1563516318384,enter,b2119,adaptive_offer,,mobile
1563516392385,respond,q3555,adaptive_offer,c,mobile
1563516405255,respond,q3555,adaptive_offer,b,mobile
1563516409659,submit,b2119,adaptive_offer,,mobile
1563516586469,enter,b1860,sprint,,mobile
1563516670001,respond,q2778,sprint,a,mobile
1563516680006,submit,b1860,sprint,,mobile
1563516729291,enter,b2076,sprint,,mobile
1563516792709,respond,q3426,sprint,d,mobile
1563516797453,respond,q3426,sprint,d,mobile
1563516805446,submit,b2076,sprint,,mobile
1563518795705,enter,b119,sprint,,mobile
1563518823639,respond,q119,sprint,a,mobile
1563518828834,submit,b119,sprint,,mobile
1563518841857,enter,b5573,sprint,,mobile
1563518862993,respond,q8102,sprint,a,mobile
1563518866168,submit,b5573,sprint,,mobile
1563518884300,enter,b8140,sprint,,mobile
1563518901100,respond,q11087,sprint,c,mobile
1563518904762,respond,q11087,sprint,d,mobile
1563518908577,submit,b8140,sprint,,mobile
1563518916297,enter,b5634,sprint,,mobile
1563518936600,respond,q8163,sprint,b,mobile
1563518939372,submit,b5634,sprint,,mobile
1563518945150,enter,b5571,sprint,,mobile
1563518963674,respond,q8100,sprint,c,mobile
1563518970154,submit,b5571,sprint,,mobile
1563518977430,enter,b5643,sprint,,mobile
1563519001005,respond,q8172,sprint,a,mobile
1563519004038,submit,b5643,sprint,,mobile
1563519028840,enter,b8267,sprint,,mobile
1563519053139,respond,q11214,sprint,c,mobile
1563519057262,respond,q11214,sprint,a,mobile
1563519058108,respond,q11214,sprint,c,mobile
1563519061377,submit,b8267,sprint,,mobile
1563519078446,enter,b150,sprint,,mobile
1563519091693,respond,q150,sprint,b,mobile
1563519099669,respond,q150,sprint,c,mobile
1563519103043,respond,q150,sprint,d,mobile
1563519106007,submit,b150,sprint,,mobile
1563519125729,enter,b171,sprint,,mobile
1563519142699,respond,q171,sprint,c,mobile
1563519147188,submit,b171,sprint,,mobile
1563519161982,enter,b5608,sprint,,mobile
1563519181595,respond,q8137,sprint,a,mobile
1563519185367,submit,b5608,sprint,,mobile
1563519309614,enter,b1019,sprint,,mobile
1563519325899,respond,q1019,sprint,c,mobile
1563519331811,submit,b1019,sprint,,mobile
1563519337893,enter,b1149,sprint,,mobile
1563519353131,respond,q1149,sprint,b,mobile
1563519355974,submit,b1149,sprint,,mobile
1563519364372,enter,b303,sprint,,mobile
1563519377280,respond,q303,sprint,b,mobile
1563519383634,submit,b303,sprint,,mobile
1563519393893,enter,b1352,sprint,,mobile
1563519402201,respond,q1352,sprint,a,mobile
1563519410593,respond,q1352,sprint,c,mobile
1563519413532,submit,b1352,sprint,,mobile
1563519419822,enter,b1147,sprint,,mobile
1563519430358,respond,q1147,sprint,a,mobile
1563519436994,submit,b1147,sprint,,mobile
1563519442026,enter,b1016,sprint,,mobile
1563519456761,respond,q1016,sprint,b,mobile
1563519463623,submit,b1016,sprint,,mobile
1563519485555,enter,b1144,sprint,,mobile
1563519498007,respond,q1144,sprint,b,mobile
1563519503326,submit,b1144,sprint,,mobile
1563519508123,enter,b1070,sprint,,mobile
1563519525966,respond,q1070,sprint,a,mobile
1563519528845,submit,b1070,sprint,,mobile
1563519541731,enter,b1277,sprint,,mobile
1563519553405,respond,q1277,sprint,b,mobile
1563519558830,submit,b1277,sprint,,mobile
1563519566027,enter,b918,sprint,,mobile
1563519577823,respond,q918,sprint,b,mobile
1563519581427,respond,q918,sprint,c,mobile
1563519584775,submit,b918,sprint,,mobile
1563519638083,enter,b11738,sprint,,mobile
1563519672319,submit,b11738,sprint,,mobile
1563532607370,enter,b11738,sprint,,mobile
1563532652184,respond,q17595,sprint,c,mobile
1563532655535,submit,b11738,sprint,,mobile
1563532662927,enter,b1614,sprint,,mobile
1563532730281,respond,q2040,sprint,a,mobile
1563532739612,respond,q2040,sprint,a,mobile
1563532748610,submit,b1614,sprint,,mobile
1563532789851,enter,b1489,sprint,,mobile
1563532832411,respond,q1665,sprint,a,mobile
1563532860740,respond,q1665,sprint,a,mobile
1563532878268,submit,b1489,sprint,,mobile
1563532896776,enter,b1586,sprint,,mobile
1563532988588,respond,q1956,sprint,d,mobile
1563532988588,respond,q1956,sprint,d,mobile
1563532997543,submit,b1586,sprint,,mobile
1563586962177,enter,b5424,my_note,,web
1563587074697,respond,q7706,my_note,c,web
1563587126474,respond,q7707,my_note,a,web
1563587140951,respond,q7708,my_note,c,web
1563587144876,submit,b5424,my_note,,web
1563588042893,enter,b11669,sprint,,mobile
1563588126997,submit,b11669,sprint,,mobile
1563588130554,enter,b11669,sprint,,mobile
1563588175334,respond,q17477,sprint,c,mobile
1563588179138,respond,q17477,sprint,c,mobile
1563588188629,submit,b11669,sprint,,mobile
1563588346552,enter,b2017,sprint,,mobile
1563588427136,respond,q3249,sprint,a,mobile
1563588433069,submit,b2017,sprint,,mobile
1563588478784,enter,b2013,sprint,,mobile
1563588539727,respond,q3237,sprint,a,mobile
1563588542314,respond,q3237,sprint,a,mobile
1563588564925,submit,b2013,sprint,,mobile
1563588579392,enter,b1834,sprint,,mobile
1563588629947,submit,b1834,sprint,,mobile
1563588638226,enter,b2013,adaptive_offer,,mobile
1563588659752,respond,q3237,adaptive_offer,b,mobile
1563588667228,submit,b2013,adaptive_offer,,mobile
1563588676080,enter,b1972,adaptive_offer,,mobile
1563588729468,respond,q3114,adaptive_offer,b,mobile
1563588733066,submit,b1972,adaptive_offer,,mobile
1563588791127,enter,b2051,sprint,,mobile
1563588837896,respond,q3351,sprint,d,mobile
1563588847970,submit,b2051,sprint,,mobile
1563588897997,enter,b2051,sprint,,mobile
1563588924338,submit,b2051,sprint,,mobile
1563588924439,enter,b7929,sprint,,mobile
1563588963424,respond,q10670,sprint,d,mobile
1563588968294,submit,b7929,sprint,,mobile
1563589018479,enter,b1805,sprint,,mobile
1563589087199,respond,q2613,sprint,b,mobile
1563589092600,respond,q2613,sprint,b,mobile
1563589113438,submit,b1805,sprint,,mobile
1563589121967,enter,b1810,adaptive_offer,,mobile
1563589170285,respond,q2628,adaptive_offer,c,mobile
1563589179074,respond,q2628,adaptive_offer,c,mobile
1563589185816,submit,b1810,adaptive_offer,,mobile
1563589216358,enter,b1860,adaptive_offer,,mobile
1563589281555,respond,q2778,adaptive_offer,a,mobile
1563589284823,respond,q2778,adaptive_offer,a,mobile
1563589288331,respond,q2778,adaptive_offer,a,mobile
1563589289230,respond,q2778,adaptive_offer,a,mobile
1563589290481,respond,q2778,adaptive_offer,a,mobile
1563589296153,submit,b1860,adaptive_offer,,mobile
1563589358600,enter,b1981,sprint,,mobile
1563589442167,respond,q3141,sprint,b,mobile
1563589447732,submit,b1981,sprint,,mobile
1563589545796,enter,b2061,sprint,,mobile
1563589606392,respond,q3381,sprint,a,mobile
1563589611550,submit,b2061,sprint,,mobile
1563589654480,enter,b11783,sprint,,mobile
1563589706447,submit,b11783,sprint,,mobile
1563589907041,enter,b11783,sprint,,mobile
1563589947650,respond,q17680,sprint,a,mobile
1563589969330,submit,b11783,sprint,,mobile
1563590048148,enter,b1874,sprint,,mobile
1563590110896,respond,q2820,sprint,d,mobile
1563590126301,respond,q2820,sprint,d,mobile
1563590130642,submit,b1874,sprint,,mobile
1563808319565,enter,b8509,sprint,,mobile
1563808439754,respond,q11706,sprint,b,mobile
1563808452910,respond,q11706,sprint,d,mobile
1563808460366,submit,b8509,sprint,,mobile
1563808473341,enter,b8464,sprint,,mobile
1563808684957,respond,q11524,sprint,c,mobile
1563808696391,respond,q11524,sprint,b,mobile
1563808716255,submit,b8464,sprint,,mobile
1563808765036,enter,b8537,sprint,,mobile
1563808862088,respond,q11816,sprint,c,mobile
1563808867219,submit,b8537,sprint,,mobile
1563846390792,enter,b1945,sprint,,mobile
1563846456040,respond,q3033,sprint,d,mobile
1563846464926,submit,b1945,sprint,,mobile
1563846475792,enter,b1805,adaptive_offer,,mobile
1563846510951,respond,q2613,adaptive_offer,c,mobile
1563846517086,respond,q2613,adaptive_offer,c,mobile
1563846520647,respond,q2613,adaptive_offer,c,mobile
1563846530655,submit,b1805,adaptive_offer,,mobile
1563846546500,enter,b2013,adaptive_offer,,mobile
1563846587747,respond,q3237,adaptive_offer,b,mobile
1563846593148,submit,b2013,adaptive_offer,,mobile
1563846632580,enter,b1842,sprint,,mobile
1563846693376,respond,q2724,sprint,b,mobile
1563846700005,submit,b1842,sprint,,mobile
1563846748172,enter,b1979,sprint,,mobile
1563846828458,respond,q3135,sprint,a,mobile
1563846840838,respond,q3135,sprint,b,mobile
1563846842361,respond,q3135,sprint,d,mobile
1563846852561,respond,q3135,sprint,a,mobile
1563846855323,respond,q3135,sprint,b,mobile
1563846884522,submit,b1979,sprint,,mobile
1563846938572,enter,b2111,sprint,,mobile
1563847019382,respond,q3531,sprint,b,mobile
1563847023913,submit,b2111,sprint,,mobile
1563847090541,enter,b2044,sprint,,mobile
1563847190914,respond,q3330,sprint,b,mobile
1563847223386,respond,q3330,sprint,b,mobile
1563847227578,respond,q3330,sprint,b,mobile
1563847232714,submit,b2044,sprint,,mobile
1563847300744,enter,b2031,sprint,,mobile
1563847387890,respond,q3291,sprint,a,mobile
1563847408682,respond,q3291,sprint,c,mobile
1563847436652,respond,q3291,sprint,a,mobile
1563847446434,submit,b2031,sprint,,mobile
1563847733785,enter,b2059,sprint,,mobile
1563847766001,submit,b2059,sprint,,mobile
1563847883219,enter,b2036,sprint,,mobile
1563847920988,respond,q3306,sprint,b,mobile
1563847936085,respond,q3306,sprint,b,mobile
1563847941914,submit,b2036,sprint,,mobile
1563847979746,enter,b1996,sprint,,mobile
1563848043630,submit,b1996,sprint,,mobile
1563848068498,enter,b2002,sprint,,mobile
1563848118180,respond,q3204,sprint,b,mobile
1563848133325,respond,q3204,sprint,b,mobile
1563848133910,respond,q3204,sprint,b,mobile
1563848141615,respond,q3204,sprint,b,mobile
1563848142513,respond,q3204,sprint,b,mobile
1563848147570,submit,b2002,sprint,,mobile
1563869933428,enter,b8042,sprint,,mobile
1563869955801,respond,q10989,sprint,b,mobile
1563869959188,submit,b8042,sprint,,mobile
1563869977489,enter,b87,sprint,,mobile
1563869994691,respond,q87,sprint,b,mobile
1563870005064,submit,b87,sprint,,mobile
1563870015443,enter,b5603,sprint,,mobile
1563870030020,respond,q8132,sprint,b,mobile
1563870034814,respond,q8132,sprint,c,mobile
1563870042111,submit,b5603,sprint,,mobile
1563870065107,enter,b5641,sprint,,mobile
1563870088012,respond,q8170,sprint,d,mobile
1563870094851,respond,q8170,sprint,c,mobile
1563870108472,submit,b5641,sprint,,mobile
1563870129926,enter,b8127,sprint,,mobile
1563870145856,respond,q11074,sprint,b,mobile
1563870155373,submit,b8127,sprint,,mobile
1563870161677,enter,b23,sprint,,mobile
1563870180096,respond,q23,sprint,c,mobile
1563870183328,respond,q23,sprint,d,mobile
1563870186514,submit,b23,sprint,,mobile
1563870198145,enter,b123,sprint,,mobile
1563870220575,respond,q123,sprint,b,mobile
1563870226019,submit,b123,sprint,,mobile
1563870347849,enter,b123,adaptive_offer,,mobile
1563870356886,respond,q123,adaptive_offer,a,mobile
1563870370126,submit,b123,adaptive_offer,,mobile
1563870379244,enter,b5573,adaptive_offer,,mobile
1563870393621,respond,q8102,adaptive_offer,c,mobile
1563870401393,respond,q8102,adaptive_offer,b,mobile
1563870403685,submit,b5573,adaptive_offer,,mobile
1563870419550,enter,b194,sprint,,mobile
1563870445054,respond,q194,sprint,d,mobile
1563870451933,submit,b194,sprint,,mobile
1563870481903,enter,b8115,sprint,,mobile
1563870494153,respond,q11062,sprint,a,mobile
1563870527498,submit,b8115,sprint,,mobile
1563870532847,enter,b64,sprint,,mobile
1563870548051,respond,q64,sprint,b,mobile
1563870551376,respond,q64,sprint,c,mobile
1563870565482,respond,q64,sprint,d,mobile
1563870568848,submit,b64,sprint,,mobile
1563870640757,enter,b1262,sprint,,mobile
1563870661484,respond,q1262,sprint,b,mobile
1563870666790,submit,b1262,sprint,,mobile
1563870669631,enter,b1262,sprint,,mobile
1563870679874,respond,q1262,sprint,a,mobile
1563870686443,respond,q1262,sprint,c,mobile
1563870689580,submit,b1262,sprint,,mobile
1563870697775,enter,b1253,sprint,,mobile
1563870713657,respond,q1253,sprint,a,mobile
1563870717153,submit,b1253,sprint,,mobile
1563870723662,enter,b1051,sprint,,mobile
1563870734916,respond,q1051,sprint,c,mobile
1563870739634,respond,q1051,sprint,b,mobile
1563870745946,submit,b1051,sprint,,mobile
1563870753679,enter,b1345,sprint,,mobile
1563870775034,submit,b1345,sprint,,mobile
1563870804506,enter,b1395,sprint,,mobile
1563870815703,respond,q1395,sprint,a,mobile
1563870833166,submit,b1395,sprint,,mobile
1563870840454,enter,b546,sprint,,mobile
1563870859802,respond,q546,sprint,c,mobile
1563870863363,submit,b546,sprint,,mobile
1563870869857,enter,b1052,sprint,,mobile
1563870891273,respond,q1052,sprint,c,mobile
1563870895424,submit,b1052,sprint,,mobile
1563870902357,enter,b557,sprint,,mobile
1563870922173,respond,q557,sprint,b,mobile
1563870923041,respond,q557,sprint,a,mobile
1563870927772,submit,b557,sprint,,mobile
1563870937018,enter,b939,sprint,,mobile
1563870948379,submit,b939,sprint,,mobile
1563870951755,enter,b939,sprint,,mobile
1563870958908,respond,q939,sprint,a,mobile
1563870962287,submit,b939,sprint,,mobile
1563870974007,enter,b565,sprint,,mobile
1563870987532,respond,q565,sprint,a,mobile
1563870989218,respond,q565,sprint,b,mobile
1563870993927,submit,b565,sprint,,mobile
1563871059139,enter,b7975,sprint,,mobile
1563871140464,respond,q10847,sprint,a,mobile
1563871147767,submit,b7975,sprint,,mobile
1563871179825,enter,b1514,sprint,,mobile
1563871189438,submit,b1514,sprint,,mobile
1563871244947,enter,b1514,sprint,,mobile
1563871341257,respond,q1740,sprint,a,mobile
1563871361986,submit,b1514,sprint,,mobile
1563871410479,enter,b1724,sprint,,mobile
1563871493707,respond,q2370,sprint,a,mobile
1563871500537,submit,b1724,sprint,,mobile
1563871510940,enter,b1776,sprint,,mobile
1563871587240,respond,q2526,sprint,c,mobile
1563871592027,respond,q2526,sprint,c,mobile
1563871598034,submit,b1776,sprint,,mobile
1563871644131,enter,b1796,sprint,,mobile
1563871757055,respond,q2586,sprint,b,mobile
1563871767903,submit,b1796,sprint,,mobile
1563871962010,enter,b1724,adaptive_offer,,mobile
1563872028056,respond,q2370,adaptive_offer,c,mobile
1563872031264,respond,q2370,adaptive_offer,a,mobile
1563872048381,submit,b1724,adaptive_offer,,mobile
1563872061429,enter,b11747,sprint,,mobile
1563872144957,respond,q17622,sprint,b,mobile
1563872148711,submit,b11747,sprint,,mobile
1563872366571,enter,b1727,adaptive_offer,,mobile
1563872444509,respond,q2379,adaptive_offer,c,mobile
1563872448157,submit,b1727,adaptive_offer,,mobile
1563872494572,enter,b1701,sprint,,mobile
1563872554530,respond,q2301,sprint,d,mobile
1563872556465,respond,q2301,sprint,d,mobile
1563872564223,respond,q2301,sprint,c,mobile
1563872569811,submit,b1701,sprint,,mobile
1563872587165,enter,b1575,sprint,,mobile
1563872661086,respond,q1923,sprint,b,mobile
1563872667143,respond,q1923,sprint,b,mobile
1563872682240,respond,q1923,sprint,b,mobile
1563872688858,submit,b1575,sprint,,mobile
1563872716464,enter,b1516,sprint,,mobile
1563872824535,respond,q1746,sprint,b,mobile
1563872828792,submit,b1516,sprint,,mobile
1563872917211,enter,b11742,sprint,,mobile
1563872957437,respond,q17607,sprint,d,mobile
1563872989516,submit,b11742,sprint,,mobile
1564063163049,enter,b2115,sprint,,mobile
1564063240642,respond,q3543,sprint,d,mobile
1564063241890,respond,q3543,sprint,d,mobile
1564063242675,respond,q3543,sprint,d,mobile
1564063254978,submit,b2115,sprint,,mobile
1564063325038,enter,b2126,sprint,,mobile
1564063391686,respond,q3576,sprint,c,mobile
1564063402831,submit,b2126,sprint,,mobile
1564063496883,enter,b1946,sprint,,mobile
1564063584143,respond,q3036,sprint,a,mobile
1564063589258,submit,b1946,sprint,,mobile
1564063639401,enter,b2082,sprint,,mobile
1564063711345,respond,q3444,sprint,a,mobile
1564063715777,submit,b2082,sprint,,mobile
1564063764778,enter,b1823,sprint,,mobile
1564063843198,respond,q2667,sprint,d,mobile
1564063847357,submit,b1823,sprint,,mobile
1564064116169,enter,b1675,sprint,,mobile
1564064172313,respond,q2223,sprint,a,mobile
1564064182282,respond,q2223,sprint,d,mobile
1564064186819,submit,b1675,sprint,,mobile
1564064253638,enter,b1585,sprint,,mobile
1564064300185,respond,q1953,sprint,a,mobile
1564064317462,respond,q1953,sprint,a,mobile
1564064323715,respond,q1953,sprint,a,mobile
1564064328653,submit,b1585,sprint,,mobile
1564064371395,enter,b1615,sprint,,mobile
1564064459062,respond,q2043,sprint,c,mobile
1564064469306,submit,b1615,sprint,,mobile
1564064534898,enter,b11787,sprint,,mobile
1564064611491,respond,q17692,sprint,a,mobile
1564064612552,respond,q17692,sprint,b,mobile
1564064617990,respond,q17692,sprint,d,mobile
1564064623123,submit,b11787,sprint,,mobile
1564064652261,enter,b1708,sprint,,mobile
1564064710699,respond,q2322,sprint,b,mobile
1564064715252,respond,q2322,sprint,b,mobile
1564064720340,submit,b1708,sprint,,mobile
1564117711857,enter,b11784,sprint,,mobile
1564117788103,submit,b11784,sprint,,mobile
1564118041538,enter,b11784,sprint,,mobile
1564118054403,respond,q17683,sprint,a,mobile
1564118057811,submit,b11784,sprint,,mobile
1564118092772,enter,b1975,sprint,,mobile
1564118143917,respond,q3123,sprint,d,mobile
1564118163931,submit,b1975,sprint,,mobile
1564118573732,enter,b1975,sprint,,mobile
1564118649528,submit,b1975,sprint,,mobile
1564118649583,enter,b1891,sprint,,mobile
1564118702361,respond,q2871,sprint,d,mobile
1564118707284,submit,b1891,sprint,,mobile
1564118754323,enter,b2102,sprint,,mobile
1564118830716,respond,q3504,sprint,b,mobile
1564118835628,respond,q3504,sprint,b,mobile
1564118843056,submit,b2102,sprint,,mobile
1564118865621,enter,b8338,sprint,,mobile
1564118941263,submit,b8338,sprint,,mobile
1564119848499,enter,b8338,sprint,,mobile
1564119905108,respond,q11320,sprint,d,mobile
1564119918086,submit,b8338,sprint,,mobile
1564119972238,enter,b1996,sprint,,mobile
1564120040814,submit,b1996,sprint,,mobile
1564120043336,enter,b1996,sprint,,mobile
1564120092648,submit,b1996,sprint,,mobile
1564120111655,enter,b1830,sprint,,mobile
1564120158811,respond,q2688,sprint,d,mobile
1564120164346,submit,b1830,sprint,,mobile
1564120251914,enter,b5549,sprint,,mobile
1564120273997,respond,q8078,sprint,a,mobile
1564120276364,submit,b5549,sprint,,mobile
1564120284182,enter,b5523,sprint,,mobile
1564120302910,respond,q8052,sprint,c,mobile
1564120308228,submit,b5523,sprint,,mobile
1564120320225,enter,b8091,sprint,,mobile
1564120334333,respond,q11038,sprint,b,mobile
1564120345472,submit,b8091,sprint,,mobile
1564120353407,enter,b5638,sprint,,mobile
1564120365229,submit,b5638,sprint,,mobile
1564120369413,enter,b5638,sprint,,mobile
1564120379807,respond,q8167,sprint,b,mobile
1564120384943,submit,b5638,sprint,,mobile
1564120403588,enter,b79,sprint,,mobile
1564120428669,respond,q79,sprint,d,mobile
1564120433025,submit,b79,sprint,,mobile
1564120477366,enter,b79,adaptive_offer,,mobile
1564120486118,respond,q79,adaptive_offer,a,mobile
1564120498158,submit,b79,adaptive_offer,,mobile
1564120510896,enter,b103,adaptive_offer,,mobile
1564120527283,respond,q103,adaptive_offer,c,mobile
1564120533685,submit,b103,adaptive_offer,,mobile
1564120548317,enter,b48,sprint,,mobile
1564120574076,respond,q48,sprint,a,mobile
1564120577516,submit,b48,sprint,,mobile
1564120587731,enter,b8041,sprint,,mobile
1564120603343,respond,q10988,sprint,b,mobile
1564120610696,submit,b8041,sprint,,mobile
1564120617059,enter,b108,sprint,,mobile
1564120627940,submit,b108,sprint,,mobile
1564120646091,enter,b108,sprint,,mobile
1564120661969,respond,q108,sprint,b,mobile
1564120664972,submit,b108,sprint,,mobile
1564131434294,enter,b1756,sprint,,mobile
1564131459876,submit,b1756,sprint,,mobile
1564140562615,enter,b1756,sprint,,mobile
1564140610517,respond,q2466,sprint,a,mobile
1564140612819,respond,q2466,sprint,a,mobile
1564140618575,respond,q2466,sprint,a,mobile
1564140621391,respond,q2466,sprint,a,mobile
1564140625382,submit,b1756,sprint,,mobile
1564140671268,enter,b1733,sprint,,mobile
1564140720752,respond,q2397,sprint,b,mobile
1564140731212,submit,b1733,sprint,,mobile
1564140777572,enter,b1511,sprint,,mobile
1564140832305,respond,q1731,sprint,d,mobile
1564140835534,respond,q1731,sprint,b,mobile
1564140842756,submit,b1511,sprint,,mobile
1564140893689,enter,b1513,sprint,,mobile
1564140950483,respond,q1737,sprint,d,mobile
1564140955493,submit,b1513,sprint,,mobile
1564141003934,enter,b1455,sprint,,mobile
1564141081536,respond,q1563,sprint,b,mobile
1564141085994,respond,q1563,sprint,b,mobile
1564141094197,respond,q1563,sprint,d,mobile
1564141095609,respond,q1563,sprint,c,mobile
1564141101020,respond,q1563,sprint,d,mobile
1564141105281,submit,b1455,sprint,,mobile
1564382870527,enter,b5466,my_note,,web
1564382894974,respond,q7846,my_note,b,web
1564383076168,respond,q7847,my_note,a,web
1564383099687,respond,q7848,my_note,d,web
1564383113702,respond,q7848,my_note,b,web
1564383147035,respond,q7849,my_note,b,web
1564383154118,respond,q7850,my_note,a,web
1564383155617,submit,b5466,my_note,,web
1564383266357,enter,b5253,my_note,,web
1564383312002,respond,q7106,my_note,a,web
1564383354788,respond,q7107,my_note,d,web
1564383384695,submit,b5253,my_note,,web
1564383415661,enter,b5283,my_note,,web
1564383484536,respond,q7187,my_note,d,web
1564383540385,respond,q7188,my_note,c,web
1564383545607,respond,q7188,my_note,d,web
1564383573410,respond,q7189,my_note,b,web
1564383591721,respond,q7190,my_note,c,web
1564383625479,respond,q7191,my_note,d,web
1564383627314,respond,q7191,my_note,b,web
1564383628759,submit,b5283,my_note,,web
1564384251335,enter,b8528,my_note,,web
1564384286236,respond,q11779,my_note,c,web
1564384289984,respond,q11779,my_note,a,web
1564384307061,respond,q11780,my_note,b,web
1564384333699,respond,q11780,my_note,c,web
1564384369640,respond,q11781,my_note,d,web
1564384372926,respond,q11781,my_note,b,web
1564384386274,respond,q11782,my_note,a,web
1564384388689,respond,q11782,my_note,b,web
1564384391451,submit,b8528,my_note,,web
1564384434542,enter,b8478,my_note,,web
1564384448703,respond,q11579,my_note,b,web
1564384468301,respond,q11580,my_note,c,web
1564384494804,respond,q11582,my_note,d,web
1564384507361,respond,q11581,my_note,c,web
1564384528386,respond,q11581,my_note,b,web
1564384531212,submit,b8478,my_note,,web
1564384575856,enter,b8547,my_note,,web
1564384601427,respond,q11855,my_note,d,web
1564384632891,respond,q11857,my_note,c,web
1564384673893,respond,q11858,my_note,a,web
1564384694664,respond,q11856,my_note,b,web
1564384697924,respond,q11856,my_note,a,web
1564384706429,submit,b8547,my_note,,web
1564384802932,enter,b7693,my_note,,web
1564384817743,respond,q10360,my_note,b,web
1564384849461,respond,q10361,my_note,d,web
1564384891264,respond,q10362,my_note,a,web
1564384929964,respond,q10363,my_note,a,web
1564384931279,submit,b7693,my_note,,web
1564396209066,enter,b1906,sprint,,mobile
1564396280688,respond,q2916,sprint,d,mobile
1564396285650,submit,b1906,sprint,,mobile
1564396295978,enter,b1996,sprint,,mobile
1564396343114,respond,q3186,sprint,a,mobile
1564396350322,submit,b1996,sprint,,mobile
1564396434968,enter,b8324,sprint,,mobile
1564396503529,respond,q11278,sprint,d,mobile
1564396508367,submit,b8324,sprint,,mobile
1564396659048,enter,b1811,sprint,,mobile
1564396712100,respond,q2631,sprint,d,mobile
1564396714246,respond,q2631,sprint,d,mobile
1564396721491,submit,b1811,sprint,,mobile
1564396814263,enter,b2078,sprint,,mobile
1564396864822,respond,q3432,sprint,d,mobile
1564396870954,submit,b2078,sprint,,mobile
1564396879180,enter,b1811,adaptive_offer,,mobile
1564396914576,respond,q2631,adaptive_offer,c,mobile
1564396928278,submit,b1811,adaptive_offer,,mobile
1564396937242,enter,b1891,adaptive_offer,,mobile
1564396972460,respond,q2871,adaptive_offer,c,mobile
1564396982515,respond,q2871,adaptive_offer,c,mobile
1564396995063,respond,q2871,adaptive_offer,a,mobile
1564397002151,submit,b1891,adaptive_offer,,mobile
1564397049660,enter,b7993,sprint,,mobile
1564397155227,respond,q10919,sprint,b,mobile
1564397156666,respond,q10918,sprint,c,mobile
1564397160015,respond,q10918,sprint,b,mobile
1564397165283,submit,b7993,sprint,,mobile
1564397230794,enter,b8562,sprint,,mobile
1564397309479,respond,q11918,sprint,b,mobile
1564397315061,submit,b8562,sprint,,mobile
1564397340158,enter,b7947,sprint,,mobile
1564397481731,respond,q10732,sprint,c,mobile
1564397492648,respond,q10732,sprint,b,mobile
1564397499604,respond,q10732,sprint,d,mobile
1564397504360,submit,b7947,sprint,,mobile
1564397552991,enter,b7946,sprint,,mobile
1564397701666,respond,q10728,sprint,a,mobile
1564397706564,submit,b7946,sprint,,mobile
1564397759311,enter,b5101,sprint,,mobile
1564397830107,respond,q6619,sprint,b,mobile
1564397835528,submit,b5101,sprint,,mobile
1564398034290,enter,b1834,sprint,,mobile
1564398069014,submit,b1834,sprint,,mobile
1564398072847,enter,b1834,sprint,,mobile
1564398122595,respond,q2700,sprint,c,mobile
1564398136538,submit,b1834,sprint,,mobile
1564398169514,enter,b11668,sprint,,mobile
1564398247463,respond,q17474,sprint,c,mobile
1564398249367,respond,q17474,sprint,c,mobile
1564398257961,submit,b11668,sprint,,mobile
1564398475029,enter,b1944,sprint,,mobile
1564398481090,submit,b1944,sprint,,mobile
1564398482764,enter,b1944,sprint,,mobile
1564398500547,respond,q3030,sprint,a,mobile
1564398507347,submit,b1944,sprint,,mobile
1564398579273,enter,b1967,sprint,,mobile
1564398657759,respond,q3099,sprint,a,mobile
1564398663026,respond,q3099,sprint,b,mobile
1564398668452,submit,b1967,sprint,,mobile
1564398787168,enter,b1607,sprint,,mobile
1564398847184,respond,q2019,sprint,b,mobile
1564398854573,respond,q2019,sprint,b,mobile
1564398867892,respond,q2019,sprint,b,mobile
1564398871906,submit,b1607,sprint,,mobile
1564398935330,enter,b1421,sprint,,mobile
1564399010339,respond,q1461,sprint,d,mobile
1564399024680,submit,b1421,sprint,,mobile
1564399048544,enter,b1444,sprint,,mobile
1564399125990,respond,q1530,sprint,c,mobile
1564399150566,submit,b1444,sprint,,mobile
1564399209651,enter,b1771,sprint,,mobile
1564399286442,respond,q2511,sprint,c,mobile
1564399298609,submit,b1771,sprint,,mobile
1564399353867,enter,b1510,sprint,,mobile
1564399438593,respond,q1728,sprint,c,mobile
1564399443242,respond,q1728,sprint,b,mobile
1564399447379,respond,q1728,sprint,b,mobile
1564399459388,submit,b1510,sprint,,mobile
1564452021184,enter,b1635,sprint,,mobile
1564452059112,respond,q2103,sprint,d,mobile
1564452073470,respond,q2103,sprint,d,mobile
1564452074878,respond,q2103,sprint,d,mobile
1564452079511,submit,b1635,sprint,,mobile
1564452104928,enter,b1482,sprint,,mobile
1564452174626,respond,q1644,sprint,b,mobile
1564452178654,submit,b1482,sprint,,mobile
1564452564956,enter,b1444,adaptive_offer,,mobile
1564452638359,respond,q1530,adaptive_offer,a,mobile
1564452642340,submit,b1444,adaptive_offer,,mobile
1564452742983,enter,b1747,sprint,,mobile
1564452816980,respond,q2439,sprint,d,mobile
1564452838509,respond,q2439,sprint,c,mobile
1564452853895,respond,q2439,sprint,d,mobile
1564452858547,submit,b1747,sprint,,mobile
1564452907563,enter,b1412,sprint,,mobile
1564452967408,respond,q1434,sprint,a,mobile
1564452979186,submit,b1412,sprint,,mobile
1564452985048,enter,b11748,sprint,,mobile
1564453064141,respond,q17625,sprint,c,mobile
1564453067881,submit,b11748,sprint,,mobile
1564453359974,enter,b1623,sprint,,mobile
1564453390860,submit,b1623,sprint,,mobile
1564453395415,enter,b1623,sprint,,mobile
1564453440956,respond,q2067,sprint,c,mobile
1564453447555,respond,q2067,sprint,d,mobile
1564453459392,respond,q2067,sprint,d,mobile
1564453472591,submit,b1623,sprint,,mobile
1564454026205,enter,b1463,sprint,,mobile
1564454109819,respond,q1587,sprint,a,mobile
1564454115383,respond,q1587,sprint,a,mobile
1564454126822,respond,q1587,sprint,c,mobile
1564454131123,submit,b1463,sprint,,mobile
1564454249361,enter,b2079,sprint,,mobile
1564454309596,respond,q3435,sprint,a,mobile
1564454316053,submit,b2079,sprint,,mobile
1564454385417,enter,b1940,sprint,,mobile
1564454468872,respond,q3018,sprint,c,mobile
1564454476194,submit,b1940,sprint,,mobile
1564454513073,enter,b2066,sprint,,mobile
1564454602428,respond,q3396,sprint,a,mobile
1564454606024,submit,b2066,sprint,,mobile
1564454730483,enter,b2123,sprint,,mobile
1564454824136,respond,q3567,sprint,a,mobile
1564454826383,respond,q3567,sprint,c,mobile
1564454830294,submit,b2123,sprint,,mobile
1564454915209,enter,b1816,sprint,,mobile
1564454987600,respond,q2646,sprint,b,mobile
1564454991283,submit,b1816,sprint,,mobile
1564455001667,enter,b2058,sprint,,mobile
1564455078714,respond,q3372,sprint,d,mobile
1564455082710,respond,q3372,sprint,a,mobile
1564455092304,submit,b2058,sprint,,mobile
1564455137828,enter,b2108,sprint,,mobile
1564455212512,respond,q3522,sprint,b,mobile
1564455216625,submit,b2108,sprint,,mobile
1564455410254,enter,b1802,sprint,,mobile
1564455484758,respond,q2604,sprint,d,mobile
1564455495066,submit,b1802,sprint,,mobile
1564455631928,enter,b1994,sprint,,mobile
1564455716208,respond,q3180,sprint,c,mobile
1564455727078,respond,q3180,sprint,c,mobile
1564455738597,respond,q3180,sprint,c,mobile
1564455739612,respond,q3180,sprint,c,mobile
1564455740711,respond,q3180,sprint,c,mobile
1564455744923,submit,b1994,sprint,,mobile
1564455851062,enter,b11782,sprint,,mobile
1564455906856,submit,b11782,sprint,,mobile
1564456248367,enter,b11782,sprint,,mobile
1564456301533,respond,q17677,sprint,a,mobile
1564456312044,respond,q17677,sprint,a,mobile
1564456324314,respond,q17677,sprint,a,mobile
1564456350109,submit,b11782,sprint,,mobile
1564456432324,enter,b5099,sprint,,mobile
1564456504341,respond,q6612,sprint,b,mobile
1564456526808,respond,q6612,sprint,c,mobile
1564456536497,submit,b5099,sprint,,mobile
1564456544044,enter,b7969,sprint,,mobile
1564456617007,respond,q10823,sprint,a,mobile
1564456620155,respond,q10823,sprint,b,mobile
1564456624300,respond,q10823,sprint,d,mobile
1564456632569,respond,q10823,sprint,c,mobile
1564456635691,respond,q10823,sprint,b,mobile
1564456638172,respond,q10823,sprint,a,mobile
1564456646698,submit,b7969,sprint,,mobile
1564456709479,enter,b8532,sprint,,mobile
1564456822846,respond,q11798,sprint,a,mobile
1564456825642,respond,q11798,sprint,c,mobile
1564456831903,respond,q11798,sprint,d,mobile
1564456837748,submit,b8532,sprint,,mobile
1564734637997,enter,b2116,sprint,,mobile
1564734701649,respond,q3546,sprint,b,mobile
1564734732303,submit,b2116,sprint,,mobile
1564734988138,enter,b2033,sprint,,mobile
1564735019775,submit,b2033,sprint,,mobile
1564735145845,enter,b2062,sprint,,mobile
1564735240706,respond,q3384,sprint,b,mobile
1564735248950,submit,b2062,sprint,,mobile
1564735300713,enter,b1937,sprint,,mobile
1564735374267,respond,q3009,sprint,c,mobile
1564735377078,respond,q3009,sprint,a,mobile
1564735381719,submit,b1937,sprint,,mobile
1564735392752,enter,b1813,sprint,,mobile
1564735463720,respond,q2637,sprint,c,mobile
1564735483514,submit,b1813,sprint,,mobile
1564735543594,enter,b1490,sprint,,mobile
1564735631226,respond,q1668,sprint,a,mobile
1564735636792,submit,b1490,sprint,,mobile
1564735652960,enter,b1403,sprint,,mobile
1564735733250,respond,q1407,sprint,d,mobile
1564735737273,submit,b1403,sprint,,mobile
1564735751518,enter,b1734,sprint,,mobile
1564735840738,respond,q2400,sprint,d,mobile
1564735852047,submit,b1734,sprint,,mobile
1564735875740,enter,b1567,sprint,,mobile
1564735946812,respond,q1899,sprint,b,mobile
1564735951505,submit,b1567,sprint,,mobile
1564815553511,enter,b1964,sprint,,mobile
1564815670224,respond,q3090,sprint,a,mobile
1564815674827,submit,b1964,sprint,,mobile
1564815796664,enter,b1956,sprint,,mobile
1564815880019,respond,q3066,sprint,b,mobile
1564815885767,respond,q3066,sprint,c,mobile
1564815893868,respond,q3066,sprint,c,mobile
1564815900396,submit,b1956,sprint,,mobile
1564816396567,enter,b1977,sprint,,mobile
1564816477645,respond,q3129,sprint,a,mobile
1564816482053,submit,b1977,sprint,,mobile
1564816489268,enter,b1809,sprint,,mobile
1564816570112,respond,q2625,sprint,d,mobile
1564816575283,submit,b1809,sprint,,mobile
1564816602564,enter,b1809,sprint,,mobile
1564816681685,respond,q2625,sprint,d,mobile
1564816694335,submit,b1809,sprint,,mobile
1564816781581,enter,b2106,sprint,,mobile
1564816860637,respond,q3516,sprint,a,mobile
1564816866495,respond,q3516,sprint,a,mobile
1564816871232,submit,b2106,sprint,,mobile
1564816914504,enter,b1903,sprint,,mobile
1564816988604,respond,q2907,sprint,d,mobile
1564816995622,submit,b1903,sprint,,mobile
1564820833102,enter,b1843,sprint,,mobile
1564820909233,respond,q2727,sprint,c,mobile
1564820915707,submit,b1843,sprint,,mobile
1564821775676,enter,b2133,sprint,,mobile
1564821855638,respond,q3597,sprint,b,mobile
1564821860525,submit,b2133,sprint,,mobile
1564821900002,enter,b1912,sprint,,mobile
1564822004037,respond,q2934,sprint,d,mobile
1564822008955,respond,q2934,sprint,a,mobile
1564822015152,submit,b1912,sprint,,mobile
1564822050066,enter,b2091,sprint,,mobile
1564822106844,respond,q3471,sprint,a,mobile
1564822113751,submit,b2091,sprint,,mobile
1564822146699,enter,b5086,review,,mobile
1564822241408,respond,q6560,review,b,mobile
1564822255252,submit,b5086,review,,mobile
1564822264758,enter,b5190,adaptive_offer,,mobile
1564822377758,respond,q6856,adaptive_offer,b,mobile
1564822389247,respond,q6856,adaptive_offer,a,mobile
1564822394303,submit,b5190,adaptive_offer,,mobile
1564823399760,enter,b5105,review,,mobile
1564823446734,submit,b5105,review,,mobile
1564823668813,enter,b5105,review,,mobile
1564823715519,respond,q6636,review,b,mobile
1564823737239,submit,b5105,review,,mobile
1564823994135,enter,b5115,adaptive_offer,,mobile
1564824114918,respond,q6675,adaptive_offer,d,mobile
1564824120460,submit,b5115,adaptive_offer,,mobile
1564927447110,enter,b5577,sprint,,mobile
1564927463879,respond,q8106,sprint,b,mobile
1564927472379,submit,b5577,sprint,,mobile
1564927484584,enter,b5574,sprint,,mobile
1564927498387,respond,q8103,sprint,a,mobile
1564927507287,submit,b5574,sprint,,mobile
1564927518208,enter,b8215,sprint,,mobile
1564927534180,respond,q11162,sprint,b,mobile
1564927547214,submit,b8215,sprint,,mobile
1564927560869,enter,b5648,sprint,,mobile
1564927573949,respond,q8177,sprint,b,mobile
1564927585553,submit,b5648,sprint,,mobile
1564927590103,enter,b5570,sprint,,mobile
1564927613451,respond,q8099,sprint,a,mobile
1564927616651,submit,b5570,sprint,,mobile
1564927639934,enter,b181,sprint,,mobile
1564927662273,respond,q181,sprint,d,mobile
1564927665202,submit,b181,sprint,,mobile
1564927695960,enter,b8249,sprint,,mobile
1564927716166,respond,q11196,sprint,d,mobile
1564927720897,respond,q11196,sprint,a,mobile
1564927724593,submit,b8249,sprint,,mobile
1564927737866,enter,b167,sprint,,mobile
1564927761563,respond,q167,sprint,a,mobile
1564927765951,submit,b167,sprint,,mobile
1564927779005,enter,b5620,sprint,,mobile
1564927796662,respond,q8149,sprint,c,mobile
1564927801925,respond,q8149,sprint,b,mobile
1564927807530,submit,b5620,sprint,,mobile
1564927829073,enter,b5646,sprint,,mobile
1564927851655,respond,q8175,sprint,a,mobile
1564927854835,submit,b5646,sprint,,mobile
1564927988103,enter,b952,sprint,,mobile
1564927996450,respond,q952,sprint,a,mobile
1564928005777,submit,b952,sprint,,mobile
1564928025663,enter,b289,adaptive_offer,,mobile
1564928041381,respond,q289,adaptive_offer,b,mobile
1564928043763,submit,b289,adaptive_offer,,mobile
1564928067431,enter,b200,adaptive_offer,,mobile
1564928081671,respond,q200,adaptive_offer,b,mobile
1564928086774,submit,b200,adaptive_offer,,mobile
1564928135039,enter,b468,sprint,,mobile
1564928145213,respond,q468,sprint,c,mobile
1564928157476,respond,q468,sprint,b,mobile
1564928161738,submit,b468,sprint,,mobile
1564928292730,enter,b468,adaptive_offer,,mobile
1564928311438,submit,b468,adaptive_offer,,mobile
1564928319149,enter,b939,adaptive_offer,,mobile
1564928331833,respond,q939,adaptive_offer,b,mobile
1564928337351,submit,b939,adaptive_offer,,mobile
1564928350621,enter,b1053,sprint,,mobile
1564928370096,respond,q1053,sprint,b,mobile
1564928371228,respond,q1053,sprint,c,mobile
1564928374777,respond,q1053,sprint,b,mobile
1564928378518,submit,b1053,sprint,,mobile
1564928401085,enter,b415,sprint,,mobile
1564928417903,respond,q415,sprint,a,mobile
1564928421246,submit,b415,sprint,,mobile
1564928608234,enter,b242,adaptive_offer,,mobile
1564928623020,respond,q242,adaptive_offer,b,mobile
1564928630131,submit,b242,adaptive_offer,,mobile
1564928637114,enter,b1051,adaptive_offer,,mobile
1564928655504,respond,q1051,adaptive_offer,a,mobile
1564928659093,submit,b1051,adaptive_offer,,mobile
1564928679236,enter,b334,sprint,,mobile
1564928695618,respond,q334,sprint,c,mobile
1564928699031,submit,b334,sprint,,mobile
1564928705746,enter,b1310,sprint,,mobile
1564928722844,respond,q1310,sprint,c,mobile
1564928725775,submit,b1310,sprint,,mobile
1564928747822,enter,b457,sprint,,mobile
1564928756370,respond,q457,sprint,a,mobile
1564928767432,submit,b457,sprint,,mobile
1564928771695,enter,b250,sprint,,mobile
1564928791132,respond,q250,sprint,c,mobile
1564928794473,submit,b250,sprint,,mobile
1564928860252,enter,b618,sprint,,mobile
1564928877099,respond,q618,sprint,a,mobile
1564928880057,submit,b618,sprint,,mobile
1564928903459,enter,b1200,sprint,,mobile
1564928919590,respond,q1200,sprint,c,mobile
1564928923893,submit,b1200,sprint,,mobile
1564929181203,enter,b1529,sprint,,mobile
1564929294426,respond,q1785,sprint,c,mobile
1564929300847,submit,b1529,sprint,,mobile
1564929419208,enter,b1630,sprint,,mobile
1564929508977,respond,q2088,sprint,d,mobile
1564929522889,submit,b1630,sprint,,mobile
1564929617509,enter,b1565,sprint,,mobile
1564929697021,respond,q1893,sprint,a,mobile
1564929698171,respond,q1893,sprint,a,mobile
1564929727873,submit,b1565,sprint,,mobile
1564929887803,enter,b1787,sprint,,mobile
1564929920241,submit,b1787,sprint,,mobile
1564929923144,enter,b1787,sprint,,mobile
1564930000459,respond,q2559,sprint,b,mobile
1564930018288,submit,b1787,sprint,,mobile
1564930055935,enter,b1522,sprint,,mobile
1564930159932,respond,q1764,sprint,c,mobile
1564930166709,respond,q1764,sprint,b,mobile
1564930175265,submit,b1522,sprint,,mobile
1564930624242,enter,b2080,sprint,,mobile
1564930707073,respond,q3438,sprint,d,mobile
1564930751396,submit,b2080,sprint,,mobile
1564930852633,enter,b2109,sprint,,mobile
1564930934300,respond,q3525,sprint,b,mobile
1564930943118,submit,b2109,sprint,,mobile
1564931087899,enter,b2106,adaptive_offer,,mobile
1564931148988,respond,q3516,adaptive_offer,a,mobile
1564931151099,respond,q3516,adaptive_offer,a,mobile
1564931156821,submit,b2106,adaptive_offer,,mobile
1564931308090,enter,b2101,sprint,,mobile
1564931387153,respond,q3501,sprint,c,mobile
1564931396270,respond,q3501,sprint,d,mobile
1564931400733,submit,b2101,sprint,,mobile
1564931518044,enter,b1852,sprint,,mobile
1564931600801,respond,q2754,sprint,c,mobile
1564931609432,respond,q2754,sprint,c,mobile
1564931611247,respond,q2754,sprint,c,mobile
1564931622248,respond,q2754,sprint,c,mobile
1564931631210,submit,b1852,sprint,,mobile
1564983569284,enter,b8032,sprint,,mobile
1564983592333,respond,q10979,sprint,d,mobile
1564983595529,submit,b8032,sprint,,mobile
1564983603974,enter,b22,sprint,,mobile
1564983625903,respond,q22,sprint,a,mobile
1564983629534,submit,b22,sprint,,mobile
1564983646747,enter,b59,sprint,,mobile
1564983672397,respond,q59,sprint,d,mobile
1564983673876,respond,q59,sprint,c,mobile
1564983684898,submit,b59,sprint,,mobile
1564983707043,enter,b191,sprint,,mobile
1564983720610,respond,q191,sprint,b,mobile
1564983732316,submit,b191,sprint,,mobile
1564983736979,enter,b8111,sprint,,mobile
1564983755061,respond,q11058,sprint,c,mobile
1564983760976,submit,b8111,sprint,,mobile
1564983766591,enter,b73,sprint,,mobile
1564983791320,respond,q73,sprint,b,mobile
1564983798567,submit,b73,sprint,,mobile
1564983817777,enter,b170,sprint,,mobile
1564983844632,respond,q170,sprint,b,mobile
1564983849164,submit,b170,sprint,,mobile
1564983889939,enter,b72,sprint,,mobile
1564983913833,respond,q72,sprint,a,mobile
1564983916738,submit,b72,sprint,,mobile
1564983923660,enter,b8002,sprint,,mobile
1564983938020,respond,q10949,sprint,b,mobile
1564983958923,respond,q10949,sprint,c,mobile
1564983963020,submit,b8002,sprint,,mobile
1564983997182,enter,b5576,sprint,,mobile
1564984034587,respond,q8105,sprint,b,mobile
1564984037494,submit,b5576,sprint,,mobile
1564984054318,enter,b144,sprint,,mobile
1564984071695,respond,q144,sprint,c,mobile
1564984085144,respond,q144,sprint,d,mobile
1564984089502,submit,b144,sprint,,mobile
1564984133025,enter,b5184,review,,mobile
1564984177286,respond,q6832,review,a,mobile
1564984184443,submit,b5184,review,,mobile
1564986347171,enter,b7069,sprint,,mobile
1564986371614,respond,q9718,sprint,d,mobile
1564986388666,respond,q9718,sprint,c,mobile
1564986401524,submit,b7069,sprint,,mobile
1564986578370,enter,b6963,sprint,,mobile
1564986595469,respond,q9612,sprint,a,mobile
1564986611379,submit,b6963,sprint,,mobile
1564986740070,enter,b3877,sprint,,mobile
1564986773354,respond,q5345,sprint,a,mobile
1564986778496,respond,q5345,sprint,c,mobile
1564986783493,submit,b3877,sprint,,mobile
1564986810869,enter,b4155,sprint,,mobile
1564986824637,respond,q5623,sprint,b,mobile
1564986868272,respond,q5623,sprint,b,mobile
1564986877877,submit,b4155,sprint,,mobile
1564986924604,enter,b6744,sprint,,mobile
1564987004182,respond,q9393,sprint,d,mobile
1564987011810,submit,b6744,sprint,,mobile
1564987168982,enter,b2581,sprint,,mobile
1564987192237,respond,q4049,sprint,b,mobile
1564987199435,submit,b2581,sprint,,mobile
1564987210273,enter,b2959,sprint,,mobile
1564987235291,respond,q4427,sprint,b,mobile
1564987240649,submit,b2959,sprint,,mobile
1564987260176,enter,b3814,sprint,,mobile
1564987280774,respond,q5282,sprint,b,mobile
1564987307327,submit,b3814,sprint,,mobile
1564987333652,enter,b5942,sprint,,mobile
1564987449099,respond,q8591,sprint,d,mobile
1564987453311,submit,b5942,sprint,,mobile
1564987675282,enter,b5147,sprint,,mobile
1564987710796,respond,q6741,sprint,b,mobile
1564987719011,submit,b5147,sprint,,mobile
1564990200526,respond,q1085,sprint,a,mobile
1564992545220,enter,b1352,adaptive_offer,,mobile
1564992554852,respond,q1352,adaptive_offer,a,mobile
1564992564401,submit,b1352,adaptive_offer,,mobile
1564992575721,enter,b1085,adaptive_offer,,mobile
1564992591010,respond,q1085,adaptive_offer,a,mobile
1564992594495,submit,b1085,adaptive_offer,,mobile
1564992620577,enter,b321,sprint,,mobile
1564992636226,respond,q321,sprint,b,mobile
1564992641200,submit,b321,sprint,,mobile
1564992651290,enter,b471,sprint,,mobile
1564992669764,submit,b471,sprint,,mobile
1564992688637,enter,b622,sprint,,mobile
1564992706436,respond,q622,sprint,c,mobile
1564992709412,submit,b622,sprint,,mobile
1564992714233,enter,b462,sprint,,mobile
1564992726463,respond,q462,sprint,b,mobile
1564992733557,submit,b462,sprint,,mobile
1564992741416,enter,b478,sprint,,mobile
1564992758207,respond,q478,sprint,c,mobile
1564992765514,submit,b478,sprint,,mobile
1564992917117,enter,b471,adaptive_offer,,mobile
1564992935410,submit,b471,adaptive_offer,,mobile
1564992950752,enter,b544,adaptive_offer,,mobile
1564992961133,respond,q544,adaptive_offer,a,mobile
1564992967253,respond,q544,adaptive_offer,c,mobile
1564992969725,submit,b544,adaptive_offer,,mobile
1564992984323,enter,b1031,sprint,,mobile
1564992993127,respond,q1031,sprint,a,mobile
1564993003530,submit,b1031,sprint,,mobile
1564993012045,enter,b1014,sprint,,mobile
1564993021988,respond,q1014,sprint,a,mobile
1564993025067,respond,q1014,sprint,b,mobile
1564993031985,submit,b1014,sprint,,mobile
1564993041465,enter,b246,sprint,,mobile
1564993054866,respond,q246,sprint,b,mobile
1564993057851,respond,q246,sprint,c,mobile
1564993061354,submit,b246,sprint,,mobile
1564993083846,enter,b927,sprint,,mobile
1564993099348,respond,q927,sprint,b,mobile
1564993103452,submit,b927,sprint,,mobile
1564993114140,enter,b762,sprint,,mobile
1564993128869,respond,q762,sprint,b,mobile
1564993134781,submit,b762,sprint,,mobile
1564993180287,enter,b1649,sprint,,mobile
1564993254131,respond,q2145,sprint,c,mobile
1564993267114,submit,b1649,sprint,,mobile
1564993292088,enter,b1596,sprint,,mobile
1564993393509,respond,q1986,sprint,b,mobile
1564993403299,submit,b1596,sprint,,mobile
1564993476389,enter,b1644,sprint,,mobile
1564993495836,submit,b1644,sprint,,mobile
1564994722925,enter,b1644,sprint,,mobile
1564994778163,respond,q2130,sprint,a,mobile
1564994797820,submit,b1644,sprint,,mobile
1564994849646,enter,b1417,sprint,,mobile
1564994880996,submit,b1417,sprint,,mobile
1564996308286,enter,b2077,sprint,,mobile
1564996392152,respond,q3429,sprint,a,mobile
1564996395626,respond,q3429,sprint,a,mobile
1564996396595,respond,q3429,sprint,a,mobile
1564996398888,respond,q3429,sprint,a,mobile
1564996405401,submit,b2077,sprint,,mobile
1564996450087,enter,b2113,sprint,,mobile
1564996552483,respond,q3537,sprint,a,mobile
1564996553811,respond,q3537,sprint,b,mobile
1564996570781,submit,b2113,sprint,,mobile
1564996634350,enter,b2024,sprint,,mobile
1564996707359,respond,q3270,sprint,a,mobile
1564996734515,respond,q3270,sprint,a,mobile
1564996734900,respond,q3270,sprint,a,mobile
1564996738627,submit,b2024,sprint,,mobile
1564996799116,enter,b2029,sprint,,mobile
1564996873883,respond,q3285,sprint,a,mobile
1564996892817,respond,q3285,sprint,b,mobile
1564996897946,submit,b2029,sprint,,mobile
1564996946683,enter,b1869,sprint,,mobile
1564997031947,respond,q2805,sprint,b,mobile
1564997036056,respond,q2805,sprint,a,mobile
1564997040182,submit,b1869,sprint,,mobile
1565156631400,enter,b4657,sprint,,mobile
1565156639755,respond,q6125,sprint,b,mobile
1565156647706,respond,q6125,sprint,a,mobile
1565156658002,submit,b4657,sprint,,mobile
1565156698690,enter,b2889,sprint,,mobile
1565156710711,respond,q4357,sprint,b,mobile
1565156714970,respond,q4357,sprint,c,mobile
1565156730951,respond,q4357,sprint,a,mobile
1565156735651,respond,q4357,sprint,c,mobile
1565156737354,respond,q4357,sprint,a,mobile
1565156772487,submit,b2889,sprint,,mobile
1565172002330,enter,b1410,sprint,,mobile
1565172082830,respond,q1428,sprint,b,mobile
1565172087124,submit,b1410,sprint,,mobile
1565172133661,enter,b1474,sprint,,mobile
1565172212282,respond,q1620,sprint,a,mobile
1565172226546,respond,q1620,sprint,b,mobile
1565172234451,submit,b1474,sprint,,mobile
1565172250254,enter,b1487,sprint,,mobile
1565172355560,respond,q1659,sprint,b,mobile
1565172356693,respond,q1659,sprint,c,mobile
1565172360633,submit,b1487,sprint,,mobile
1565172383592,enter,b1617,sprint,,mobile
1565172423728,submit,b1617,sprint,,mobile
1565172429124,enter,b1617,sprint,,mobile
1565172483966,respond,q2049,sprint,d,mobile
1565172495149,submit,b1617,sprint,,mobile
1565172527260,enter,b1826,sprint,,mobile
1565172604186,respond,q2676,sprint,c,mobile
1565172606419,respond,q2676,sprint,c,mobile
1565172610891,submit,b1826,sprint,,mobile
1565172648615,enter,b1918,sprint,,mobile
1565172723686,respond,q2952,sprint,a,mobile
1565172733036,submit,b1918,sprint,,mobile
1565172745473,enter,b1882,sprint,,mobile
1565172830972,submit,b1882,sprint,,mobile
1565172847957,enter,b1882,sprint,,mobile
1565172919158,respond,q2844,sprint,d,mobile
1565172926174,submit,b1882,sprint,,mobile
1565172934091,enter,b1826,adaptive_offer,,mobile
1565172994845,respond,q2676,adaptive_offer,d,mobile
1565172998671,submit,b1826,adaptive_offer,,mobile
1565173003339,enter,b2024,adaptive_offer,,mobile
1565173069365,respond,q3270,adaptive_offer,a,mobile
1565173075574,submit,b2024,adaptive_offer,,mobile
1565173100793,enter,b2127,sprint,,mobile
1565173196921,respond,q3579,sprint,c,mobile
1565173200495,submit,b2127,sprint,,mobile
1565224904524,enter,b2003,sprint,,mobile
1565225013227,respond,q3207,sprint,a,mobile
1565225017159,submit,b2003,sprint,,mobile
1565225069133,enter,b1803,sprint,,mobile
1565225144113,respond,q2607,sprint,c,mobile
1565225153261,submit,b1803,sprint,,mobile
1565225214929,enter,b1901,sprint,,mobile
1565225291863,respond,q2901,sprint,c,mobile
1565225297999,respond,q2901,sprint,c,mobile
1565225300275,respond,q2901,sprint,c,mobile
1565225305348,submit,b1901,sprint,,mobile
1565225463786,enter,b1990,sprint,,mobile
1565225532012,respond,q3168,sprint,a,mobile
1565225542906,respond,q3168,sprint,a,mobile
1565225549544,submit,b1990,sprint,,mobile
1565268920611,enter,b1905,sprint,,mobile
1565268975045,respond,q2913,sprint,c,mobile
1565268977151,respond,q2913,sprint,c,mobile
1565268982625,respond,q2913,sprint,c,mobile
1565268989456,respond,q2913,sprint,c,mobile
1565268993491,respond,q2913,sprint,a,mobile
1565269011007,submit,b1905,sprint,,mobile
1565269011067,enter,b1905,sprint,,mobile
1565269058906,respond,q2913,sprint,a,mobile
1565269064841,respond,q2913,sprint,a,mobile
1565269065970,respond,q2913,sprint,a,mobile
1565269073218,respond,q2913,sprint,a,mobile
1565269086357,submit,b1905,sprint,,mobile
1565269110931,enter,b1905,sprint,,mobile
1565269118788,respond,q2913,sprint,a,mobile
1565269126747,submit,b1905,sprint,,mobile
1565359470046,enter,b5373,sprint,,mobile
1565359691909,respond,q7544,sprint,a,mobile
1565359698440,submit,b5373,sprint,,mobile
1565421382703,enter,b7943,review,,mobile
1565421478969,respond,q10719,review,c,mobile
1565421488260,submit,b7943,review,,mobile
1565421498963,enter,b7943,adaptive_offer,,mobile
1565421519733,respond,q10719,adaptive_offer,c,mobile
1565421526331,submit,b7943,adaptive_offer,,mobile
1565424195570,enter,b1846,sprint,,mobile
1565424249778,submit,b1846,sprint,,mobile
1565424385011,enter,b1846,sprint,,mobile
1565424393114,submit,b1846,sprint,,mobile
1565424759913,enter,b1846,sprint,,mobile
1565424824761,submit,b1846,sprint,,mobile
1565424924445,enter,b1797,sprint,,mobile
1565424987000,respond,q2589,sprint,c,mobile
1565424990594,respond,q2589,sprint,c,mobile
1565424997771,respond,q2589,sprint,c,mobile
1565425000201,respond,q2589,sprint,c,mobile
1565425009728,submit,b1797,sprint,,mobile
1565427035274,enter,b7935,sprint,,mobile
1565427116769,respond,q10688,sprint,c,mobile
1565427123404,submit,b7935,sprint,,mobile
1565427205679,enter,b1927,sprint,,mobile
1565427288699,respond,q2979,sprint,a,mobile
1565427293833,respond,q2979,sprint,c,mobile
1565427302072,respond,q2979,sprint,a,mobile
1565427321449,submit,b1927,sprint,,mobile
1565427392957,enter,b2045,sprint,,mobile
1565427477854,respond,q3333,sprint,c,mobile
1565427482322,submit,b2045,sprint,,mobile
1565427876528,enter,b2045,sprint,,mobile
1565427918703,submit,b2045,sprint,,mobile
1565428280331,enter,b1930,sprint,,mobile
1565428346035,submit,b1930,sprint,,mobile
1565430201712,enter,b1930,sprint,,mobile
1565430265398,respond,q2988,sprint,d,mobile
1565430274958,submit,b1930,sprint,,mobile
1565430402182,enter,b1982,sprint,,mobile
1565430509611,respond,q3144,sprint,d,mobile
1565430534515,respond,q3144,sprint,d,mobile
1565430538614,submit,b1982,sprint,,mobile
1565431130323,enter,b1627,sprint,,mobile
1565431192256,respond,q2079,sprint,b,mobile
1565431202497,submit,b1627,sprint,,mobile
1565431285291,enter,b1681,sprint,,mobile
1565431355838,respond,q2241,sprint,a,mobile
1565431356808,respond,q2241,sprint,b,mobile
1565431366705,respond,q2241,sprint,d,mobile
1565431376104,submit,b1681,sprint,,mobile
1565431864805,enter,b1445,sprint,,mobile
1565431940734,respond,q1533,sprint,b,mobile
1565431945839,submit,b1445,sprint,,mobile
1565432207898,enter,b1470,sprint,,mobile
1565432240034,submit,b1470,sprint,,mobile
1565432243210,enter,b1470,sprint,,mobile
1565432454360,submit,b1470,sprint,,mobile
1565432637823,enter,b1470,sprint,,mobile
1565432645727,submit,b1470,sprint,,mobile
1565432659316,enter,b1470,sprint,,mobile
1565432731511,respond,q1608,sprint,a,mobile
1565432754431,respond,q1608,sprint,b,mobile
1565432758627,submit,b1470,sprint,,mobile
1565432823478,enter,b1518,sprint,,mobile
1565432913210,respond,q1752,sprint,b,mobile
1565432924551,respond,q1752,sprint,d,mobile
1565432929293,submit,b1518,sprint,,mobile
1565432979349,enter,b1461,sprint,,mobile
1565433066963,respond,q1581,sprint,b,mobile
1565433078409,respond,q1581,sprint,b,mobile
1565433081969,respond,q1581,sprint,b,mobile
1565433086408,submit,b1461,sprint,,mobile
1565433197753,enter,b1610,sprint,,mobile
1565433278625,respond,q2028,sprint,a,mobile
1565433284417,submit,b1610,sprint,,mobile
1565433394097,enter,b1700,sprint,,mobile
1565433482565,respond,q2298,sprint,d,mobile
1565433486754,respond,q2298,sprint,d,mobile
1565433492663,submit,b1700,sprint,,mobile
1565433553511,enter,b1602,sprint,,mobile
1565433635705,respond,q2004,sprint,d,mobile
1565433646190,submit,b1602,sprint,,mobile
1565433772564,enter,b1726,sprint,,mobile
1565433892632,respond,q2376,sprint,c,mobile
1565433898185,submit,b1726,sprint,,mobile
1565434155089,enter,b5622,sprint,,mobile
1565434178686,respond,q8151,sprint,b,mobile
1565434180214,respond,q8151,sprint,a,mobile
1565434185218,submit,b5622,sprint,,mobile
1565434188085,enter,b5622,sprint,,mobile
1565434198796,respond,q8151,sprint,a,mobile
1565434213719,submit,b5622,sprint,,mobile
1565434243679,enter,b8162,sprint,,mobile
1565434268104,submit,b8162,sprint,,mobile
1565434294055,enter,b5653,sprint,,mobile
1565434307121,respond,q8182,sprint,b,mobile
1565434317239,submit,b5653,sprint,,mobile
1565434337043,enter,b5651,sprint,,mobile
1565434360925,submit,b5651,sprint,,mobile
1565434379425,enter,b5562,sprint,,mobile
1565434399338,respond,q8091,sprint,c,mobile
1565434408915,respond,q8091,sprint,d,mobile
1565434411670,submit,b5562,sprint,,mobile
1565434446500,enter,b8247,sprint,,mobile
1565434468144,respond,q11194,sprint,d,mobile
1565434472454,submit,b8247,sprint,,mobile
1565434494456,enter,b172,sprint,,mobile
1565434517701,respond,q172,sprint,d,mobile
1565434521604,submit,b172,sprint,,mobile
1565434545747,enter,b112,sprint,,mobile
1565434558113,respond,q112,sprint,b,mobile
1565434568024,submit,b112,sprint,,mobile
1565434587412,enter,b96,sprint,,mobile
1565434597467,respond,q96,sprint,a,mobile
1565434602489,respond,q96,sprint,a,mobile
1565434612256,submit,b96,sprint,,mobile
1565434648674,enter,b8023,sprint,,mobile
1565434665248,respond,q10970,sprint,c,mobile
1565434669850,respond,q10970,sprint,d,mobile
1565434674835,submit,b8023,sprint,,mobile
1565435014104,enter,b2010,sprint,,mobile
1565435087944,respond,q3228,sprint,b,mobile
1565435105043,respond,q3228,sprint,b,mobile
1565435130407,respond,q3228,sprint,b,mobile
1565435140987,respond,q3228,sprint,b,mobile
1565435145179,respond,q3228,sprint,b,mobile
1565435146193,respond,q3228,sprint,b,mobile
1565435150595,submit,b2010,sprint,,mobile
1565435194491,enter,b1989,sprint,,mobile
1565435262146,respond,q3165,sprint,c,mobile
1565435277364,submit,b1989,sprint,,mobile
1565435306469,enter,b6202,sprint,,mobile
1565435320558,respond,q8851,sprint,c,mobile
1565435326857,submit,b6202,sprint,,mobile
1565435343546,enter,b5080,sprint,,mobile
1565435365352,respond,q6548,sprint,b,mobile
1565435378078,respond,q6548,sprint,c,mobile
1565435385997,submit,b5080,sprint,,mobile
1565435413803,enter,b3601,sprint,,mobile
1565435426091,respond,q5069,sprint,a,mobile
1565435450402,submit,b3601,sprint,,mobile
1565435476089,enter,b5689,sprint,,mobile
1565435844585,respond,q8245,sprint,b,mobile
1565435854903,submit,b5689,sprint,,mobile
1565436615131,enter,b5350,sprint,,mobile
1565436950928,respond,q7443,sprint,a,mobile
1565436958267,respond,q7444,sprint,c,mobile
1565437012066,respond,q7444,sprint,a,mobile
1565437020163,submit,b5350,sprint,,mobile
1565437975147,enter,b2040,sprint,,mobile
1565438059896,submit,b2040,sprint,,mobile
1565438555054,enter,b2040,sprint,,mobile
1565438649756,respond,q3318,sprint,a,mobile
1565438663967,respond,q3318,sprint,b,mobile
1565438669970,submit,b2040,sprint,,mobile
1565439247209,enter,b1964,adaptive_offer,,mobile
1565439319838,submit,b1964,adaptive_offer,,mobile
1565439325239,enter,b1964,adaptive_offer,,mobile
1565439392925,respond,q3090,adaptive_offer,b,mobile
1565439395145,respond,q3090,adaptive_offer,c,mobile
1565439401329,submit,b1964,adaptive_offer,,mobile
1565439711327,enter,b8333,sprint,,mobile
1565439810683,respond,q11305,sprint,d,mobile
1565439817652,submit,b8333,sprint,,mobile
1565449707680,enter,b8333,sprint,,mobile
1565449793498,respond,q11305,sprint,d,mobile
1565449801568,submit,b8333,sprint,,mobile
1565503075565,enter,b1900,sprint,,mobile
1565503141958,respond,q2898,sprint,a,mobile
1565503154887,submit,b1900,sprint,,mobile
1565503206244,enter,b1900,sprint,,mobile
1565503224499,submit,b1900,sprint,,mobile
1565503268929,enter,b2053,sprint,,mobile
1565503344038,respond,q3357,sprint,b,mobile
1565503351141,submit,b2053,sprint,,mobile
1565505119591,enter,b1798,sprint,,mobile
1565505186077,respond,q2592,sprint,c,mobile
1565505194327,respond,q2592,sprint,c,mobile
1565505195863,respond,q2592,sprint,c,mobile
1565505204798,submit,b1798,sprint,,mobile
1565505213111,enter,b1798,adaptive_offer,,mobile
1565505264746,respond,q2592,adaptive_offer,a,mobile
1565505267852,respond,q2592,adaptive_offer,a,mobile
1565505288476,submit,b1798,adaptive_offer,,mobile
1565505337109,enter,b2053,adaptive_offer,,mobile
1565505409450,respond,q3357,adaptive_offer,b,mobile
1565505416049,submit,b2053,adaptive_offer,,mobile
1565520719899,enter,b5117,review,,mobile
1565520791684,respond,q6684,review,b,mobile
1565520794604,respond,q6684,review,c,mobile
1565520806114,submit,b5117,review,,mobile
1565520812405,enter,b5117,adaptive_offer,,mobile
1565520846243,respond,q6684,adaptive_offer,a,mobile
1565520855736,submit,b5117,adaptive_offer,,mobile
1565529207596,enter,b5517,sprint,,mobile
1565529386421,respond,q8042,sprint,d,mobile
1565529395261,submit,b5517,sprint,,mobile
1565533764186,enter,b5350,adaptive_offer,,mobile
1565534014145,respond,q7444,adaptive_offer,c,mobile
1565534019271,respond,q7444,adaptive_offer,d,mobile
1565534020450,respond,q7443,adaptive_offer,c,mobile
1565534025260,respond,q7443,adaptive_offer,d,mobile
1565534031563,submit,b5350,adaptive_offer,,mobile
1565534087339,enter,b5401,adaptive_offer,,mobile
1565534418418,respond,q7644,adaptive_offer,c,mobile
1565534423140,submit,b5401,adaptive_offer,,mobile
1565534512002,enter,b5327,sprint,,mobile
1565534940583,respond,q7358,sprint,c,mobile
1565534942086,respond,q7357,sprint,c,mobile
1565534942923,respond,q7356,sprint,c,mobile
1565534950513,submit,b5327,sprint,,mobile
1565600875396,enter,b60,sprint,,mobile
1565600899541,respond,q60,sprint,a,mobile
1565600902391,submit,b60,sprint,,mobile
1565600912121,enter,b40,sprint,,mobile
1565600926029,respond,q40,sprint,b,mobile
1565600933480,respond,q40,sprint,b,mobile
1565600937292,respond,q40,sprint,b,mobile
1565600939816,submit,b40,sprint,,mobile
1565600974150,enter,b5561,sprint,,mobile
1565600995580,respond,q8090,sprint,d,mobile
1565600998914,submit,b5561,sprint,,mobile
1565601022298,enter,b8176,sprint,,mobile
1565601035280,respond,q11123,sprint,b,mobile
1565601045279,submit,b8176,sprint,,mobile
1565601058183,enter,b5540,sprint,,mobile
1565601079651,respond,q8069,sprint,a,mobile
1565601082890,submit,b5540,sprint,,mobile
1565601122077,enter,b598,sprint,,mobile
1565601137273,respond,q598,sprint,c,mobile
1565601140004,submit,b598,sprint,,mobile
1565601144709,enter,b1234,sprint,,mobile
1565601160958,respond,q1234,sprint,a,mobile
1565601163841,submit,b1234,sprint,,mobile
1565601177681,enter,b344,sprint,,mobile
1565601193760,respond,q344,sprint,b,mobile
1565601196447,submit,b344,sprint,,mobile
1565601201612,enter,b661,sprint,,mobile
1565601218955,respond,q661,sprint,c,mobile
1565601221792,submit,b661,sprint,,mobile
1565601250958,enter,b500,sprint,,mobile
1565601267475,respond,q500,sprint,b,mobile
1565601272659,submit,b500,sprint,,mobile
1565601308031,enter,b1562,sprint,,mobile
1565601384315,submit,b1562,sprint,,mobile
1565601486271,enter,b1984,sprint,,mobile
1565601568173,respond,q3150,sprint,b,mobile
1565601585020,respond,q3150,sprint,a,mobile
1565601592038,submit,b1984,sprint,,mobile
1565601758192,enter,b1562,sprint,,mobile
1565601867481,respond,q1884,sprint,b,mobile
1565601875220,respond,q1884,sprint,b,mobile
1565601884566,respond,q1884,sprint,b,mobile
1565601889467,submit,b1562,sprint,,mobile
1565602029827,enter,b5413,sprint,,mobile
1565602263374,respond,q7677,sprint,a,mobile
1565602269808,submit,b5413,sprint,,mobile
1565612446641,enter,b5263,sprint,,mobile
1565612456311,respond,q7130,sprint,d,mobile
1565612491671,submit,b5263,sprint,,mobile
1565612495913,enter,b5263,sprint,,mobile
1565612509711,respond,q7129,sprint,a,mobile
1565612512712,submit,b5263,sprint,,mobile
1565612553889,enter,b5263,sprint,,mobile
1565612565054,respond,q7130,sprint,d,mobile
1565612568198,submit,b5263,sprint,,mobile
1565612616254,enter,b1446,sprint,,mobile
1565612724502,respond,q1536,sprint,c,mobile
1565612726963,respond,q1536,sprint,c,mobile
1565612731419,submit,b1446,sprint,,mobile
1565612908751,enter,b1661,sprint,,mobile
1565612990671,respond,q2181,sprint,c,mobile
1565612995110,submit,b1661,sprint,,mobile
1565613037495,enter,b1545,sprint,,mobile
1565613110308,submit,b1545,sprint,,mobile
1565613475397,enter,b1470,adaptive_offer,,mobile
1565613539091,respond,q1608,adaptive_offer,a,mobile
1565613542705,respond,q1608,adaptive_offer,a,mobile
1565613555584,submit,b1470,adaptive_offer,,mobile
1565613588153,enter,b1493,sprint,,mobile
1565613645477,respond,q1677,sprint,b,mobile
1565613652947,submit,b1493,sprint,,mobile
1565613744590,enter,b1795,sprint,,mobile
1565613812476,respond,q2583,sprint,b,mobile
1565613827166,respond,q2583,sprint,c,mobile
1565613829188,respond,q2583,sprint,d,mobile
1565613830845,respond,q2583,sprint,b,mobile
1565613833205,respond,q2583,sprint,a,mobile
1565613837176,submit,b1795,sprint,,mobile
1565613870593,enter,b1471,sprint,,mobile
1565613940844,respond,q1611,sprint,c,mobile
1565613966985,submit,b1471,sprint,,mobile
1565614350450,enter,b5465,sprint,,mobile
1565614455414,respond,q7844,sprint,a,mobile
1565614471330,submit,b5465,sprint,,mobile
1565614482930,enter,b5465,sprint,,mobile
1565614506636,respond,q7843,sprint,c,mobile
1565614508475,respond,q7841,sprint,c,mobile
1565614509136,respond,q7843,sprint,c,mobile
1565614509879,respond,q7845,sprint,a,mobile
1565614526699,submit,b5465,sprint,,mobile
1565621043422,enter,b2026,sprint,,mobile
1565621122680,respond,q3276,sprint,a,mobile
1565621126612,submit,b2026,sprint,,mobile
1565621644293,enter,b1905,adaptive_offer,,mobile
1565621714478,respond,q2913,adaptive_offer,a,mobile
1565621717437,respond,q2913,adaptive_offer,a,mobile
1565621727719,submit,b1905,adaptive_offer,,mobile
1565677879974,enter,b3755,sprint,,mobile
1565677886455,respond,q5223,sprint,a,mobile
1565677890304,submit,b3755,sprint,,mobile
1565677906859,enter,b6701,sprint,,mobile
1565677911992,respond,q9350,sprint,c,mobile
1565677926330,submit,b6701,sprint,,mobile
1565677933863,enter,b2197,sprint,,mobile
1565677939453,respond,q3665,sprint,b,mobile
1565677953971,submit,b2197,sprint,,mobile
1565677958237,enter,b4775,sprint,,mobile
1565677973202,respond,q6243,sprint,b,mobile
1565677976806,submit,b4775,sprint,,mobile
1565677981866,enter,b4049,sprint,,mobile
1565677986575,respond,q5517,sprint,b,mobile
1565678012545,submit,b4049,sprint,,mobile
1565678049289,enter,b1556,sprint,,mobile
1565678129235,respond,q1866,sprint,c,mobile
1565678138186,respond,q1866,sprint,c,mobile
1565678141686,respond,q1866,sprint,c,mobile
1565678151860,respond,q1866,sprint,c,mobile
1565678154903,submit,b1556,sprint,,mobile
1565678207739,enter,b1524,sprint,,mobile
1565678311006,respond,q1770,sprint,a,mobile
1565678324219,respond,q1770,sprint,a,mobile
1565678328106,submit,b1524,sprint,,mobile
1565678378814,enter,b1545,sprint,,mobile
1565678474781,respond,q1833,sprint,a,mobile
1565678480182,submit,b1545,sprint,,mobile
1565678528626,enter,b1637,sprint,,mobile
1565678599972,respond,q2109,sprint,d,mobile
1565678604875,submit,b1637,sprint,,mobile
1565679208001,enter,b1545,adaptive_offer,,mobile
1565679250280,respond,q1833,adaptive_offer,b,mobile
1565679272670,submit,b1545,adaptive_offer,,mobile
1565793198069,enter,b1464,sprint,,mobile
1565793281179,respond,q1590,sprint,b,mobile
1565793286338,respond,q1590,sprint,b,mobile
1565793288455,respond,q1590,sprint,b,mobile
1565793292581,submit,b1464,sprint,,mobile
1565793357491,enter,b1665,sprint,,mobile
1565793443528,respond,q2193,sprint,a,mobile
1565793449485,respond,q2193,sprint,a,mobile
1565793454406,submit,b1665,sprint,,mobile
1565793567051,enter,b1744,sprint,,mobile
1565793650412,respond,q2430,sprint,c,mobile
1565793654279,submit,b1744,sprint,,mobile
1565793729566,enter,b1560,sprint,,mobile
1565793812725,respond,q1878,sprint,a,mobile
1565793821374,submit,b1560,sprint,,mobile
1565793867495,enter,b1636,sprint,,mobile
1565793953473,respond,q2106,sprint,a,mobile
1565793956603,respond,q2106,sprint,a,mobile
1565793960674,submit,b1636,sprint,,mobile
1565966737643,enter,b5212,review,,mobile
1565966751312,respond,q6944,review,a,mobile
1565966759748,submit,b5212,review,,mobile
1566053447048,enter,b5208,adaptive_offer,,mobile
1566053511283,respond,q6928,adaptive_offer,d,mobile
1566053515335,submit,b5208,adaptive_offer,,mobile
