timestamp,action_type,item_id,source,user_answer,platform
1564194567160,enter,b3086,diagnosis,,mobile
1564194599777,respond,q4554,diagnosis,d,mobile
1564194606612,submit,b3086,diagnosis,,mobile
1564194606729,enter,b1164,diagnosis,,mobile
1564194616239,respond,q1164,diagnosis,a,mobile
1564194622247,respond,q1164,diagnosis,c,mobile
1564194623837,submit,b1164,diagnosis,,mobile
1564194633768,enter,b1164,diagnosis,,mobile
1564194649548,respond,q1164,diagnosis,a,mobile
1564194654553,submit,b1164,diagnosis,,mobile
1564194654658,enter,b4316,diagnosis,,mobile
1564194672856,respond,q5784,diagnosis,b,mobile
1564194677798,submit,b4316,diagnosis,,mobile
1564194677876,enter,b2743,diagnosis,,mobile
1564194683779,respond,q4211,diagnosis,c,mobile
1564194688166,submit,b2743,diagnosis,,mobile
1564194688252,enter,b377,diagnosis,,mobile
1564194710981,submit,b377,diagnosis,,mobile
1564194723247,enter,b377,diagnosis,,mobile
1564194741300,respond,q377,diagnosis,a,mobile
1564194745577,submit,b377,diagnosis,,mobile
1564194745668,enter,b3780,diagnosis,,mobile
1564194763167,respond,q5248,diagnosis,a,mobile
1564194771597,submit,b3780,diagnosis,,mobile
1564194771694,enter,b4336,diagnosis,,mobile
1564194813090,respond,q5804,diagnosis,b,mobile
1564194819459,submit,b4336,diagnosis,,mobile
1564194951749,enter,b2643,sprint,,mobile
1564194979909,respond,q4111,sprint,d,mobile
1564194982918,submit,b2643,sprint,,mobile
1564195019969,enter,b3071,sprint,,mobile
1564195031973,respond,q4539,sprint,a,mobile
1564195036791,submit,b3071,sprint,,mobile
1564195043234,enter,b4037,sprint,,mobile
1564195065759,respond,q5505,sprint,b,mobile
1564195069166,submit,b4037,sprint,,mobile
1564195075912,enter,b11421,sprint,,mobile
1564195157489,respond,q17184,sprint,b,mobile
1564195160638,submit,b11421,sprint,,mobile
1564195198872,enter,b3129,sprint,,mobile
1564195274312,respond,q4597,sprint,c,mobile
1564195277880,submit,b3129,sprint,,mobile
1564195284590,enter,b3373,sprint,,mobile
1564195290419,respond,q4841,sprint,a,mobile
1564195305617,submit,b3373,sprint,,mobile
1564195311123,enter,b4973,sprint,,mobile
1564195337571,respond,q6441,sprint,d,mobile
1564195340123,submit,b4973,sprint,,mobile
1564195345304,enter,b6368,sprint,,mobile
1564195426485,respond,q9017,sprint,b,mobile
1564195429935,submit,b6368,sprint,,mobile
1564195435743,enter,b4205,sprint,,mobile
1564195453792,respond,q5673,sprint,b,mobile
1564195457191,submit,b4205,sprint,,mobile
1564195467717,enter,b4585,sprint,,mobile
1564195484645,respond,q6053,sprint,b,mobile
1564195488681,submit,b4585,sprint,,mobile
1564195721235,enter,b1006,sprint,,mobile
1564195738756,respond,q1006,sprint,c,mobile
1564195742323,submit,b1006,sprint,,mobile
1564195748508,enter,b1388,sprint,,mobile
1564195765613,respond,q1388,sprint,b,mobile
1564195769110,submit,b1388,sprint,,mobile
1564195779083,enter,b1062,sprint,,mobile
1564195795313,respond,q1062,sprint,c,mobile
1564195798893,submit,b1062,sprint,,mobile
1564195805013,enter,b11762,sprint,,mobile
1564195824111,respond,q17645,sprint,b,mobile
1564195828414,submit,b11762,sprint,,mobile
1564195850557,enter,b563,sprint,,mobile
1564195860367,respond,q563,sprint,a,mobile
1564195871251,submit,b563,sprint,,mobile
1564195895052,enter,b661,sprint,,mobile
1564195911749,respond,q661,sprint,a,mobile
1564195914806,submit,b661,sprint,,mobile
1564195947285,enter,b1111,sprint,,mobile
1564195956943,respond,q1111,sprint,a,mobile
1564195966107,submit,b1111,sprint,,mobile
1564195988835,enter,b11769,sprint,,mobile
1564196008368,respond,q17652,sprint,a,mobile
1564196011311,submit,b11769,sprint,,mobile
1564196025518,enter,b358,sprint,,mobile
1564196044885,respond,q358,sprint,b,mobile
1564196048568,submit,b358,sprint,,mobile
1564196076077,enter,b682,sprint,,mobile
1564196092735,respond,q682,sprint,c,mobile
1564196095984,submit,b682,sprint,,mobile
1564387846488,enter,b2223,sprint,,mobile
1564387893277,respond,q3691,sprint,a,mobile
1564387897682,submit,b2223,sprint,,mobile
1564387904061,enter,b3877,sprint,,mobile
1564387920703,respond,q5345,sprint,c,mobile
1564387923776,submit,b3877,sprint,,mobile
1564387929163,enter,b3065,sprint,,mobile
1564387950380,respond,q4533,sprint,c,mobile
1564387953234,submit,b3065,sprint,,mobile
1564387957919,enter,b6680,sprint,,mobile
1564388004432,respond,q9329,sprint,b,mobile
1564388007346,submit,b6680,sprint,,mobile
1564388012543,enter,b3132,sprint,,mobile
1564388025023,respond,q4600,sprint,a,mobile
1564388028888,submit,b3132,sprint,,mobile
1564388036957,enter,b4549,sprint,,mobile
1564388053982,respond,q6017,sprint,c,mobile
1564388057223,submit,b4549,sprint,,mobile
1564388062410,enter,b4858,sprint,,mobile
1564388100620,respond,q6326,sprint,c,mobile
1564388103768,submit,b4858,sprint,,mobile
1564388108713,enter,b5907,sprint,,mobile
1564388125554,respond,q8556,sprint,c,mobile
1564388128568,submit,b5907,sprint,,mobile
1564388134082,enter,b3943,sprint,,mobile
1564388148449,respond,q5411,sprint,b,mobile
1564388155364,submit,b3943,sprint,,mobile
1564388160294,enter,b2460,sprint,,mobile
1564388173349,respond,q3928,sprint,b,mobile
1564388176432,submit,b2460,sprint,,mobile
1564388182502,enter,b4317,sprint,,mobile
1564388210666,respond,q5785,sprint,a,mobile
1564388224617,submit,b4317,sprint,,mobile
1564388230128,enter,b2705,sprint,,mobile
1564388252049,respond,q4173,sprint,b,mobile
1564388255328,submit,b2705,sprint,,mobile
1564388260509,enter,b3589,sprint,,mobile
1564388275661,respond,q5057,sprint,d,mobile
1564388283244,submit,b3589,sprint,,mobile
1564388289690,enter,b3862,sprint,,mobile
1564388305819,respond,q5330,sprint,a,mobile
1564388309253,submit,b3862,sprint,,mobile
1564388315085,enter,b2212,sprint,,mobile
1564388343988,respond,q3680,sprint,a,mobile
1564388349720,submit,b2212,sprint,,mobile
1564388354935,enter,b6119,sprint,,mobile
1564388377231,respond,q8768,sprint,b,mobile
1564388380160,submit,b6119,sprint,,mobile
1564388384763,enter,b2721,sprint,,mobile
1564388389319,respond,q4189,sprint,c,mobile
1564388392363,submit,b2721,sprint,,mobile
1564388397555,enter,b2550,sprint,,mobile
1564388428311,respond,q4018,sprint,a,mobile
1564388431363,submit,b2550,sprint,,mobile
1564388437181,enter,b4826,sprint,,mobile
1564388461139,respond,q6294,sprint,b,mobile
1564388464683,submit,b4826,sprint,,mobile
1564388469850,enter,b7251,sprint,,mobile
1564388501076,respond,q9900,sprint,d,mobile
1564388537757,respond,q9900,sprint,c,mobile
1564388543756,submit,b7251,sprint,,mobile
1564388549017,enter,b4719,sprint,,mobile
1564388558507,respond,q6187,sprint,a,mobile
1564388562197,submit,b4719,sprint,,mobile
1564388568670,enter,b3812,sprint,,mobile
1564388578694,respond,q5280,sprint,c,mobile
1564388589283,submit,b3812,sprint,,mobile
1564388594297,enter,b4192,sprint,,mobile
1564388611719,respond,q5660,sprint,b,mobile
1564388620385,submit,b4192,sprint,,mobile
1564388625580,enter,b7147,sprint,,mobile
1564388662792,respond,q9796,sprint,a,mobile
1564388666285,submit,b7147,sprint,,mobile
1564388671450,enter,b5131,sprint,,mobile
1564388688416,respond,q6725,sprint,c,mobile
1564388691695,submit,b5131,sprint,,mobile
1564388697834,enter,b4022,sprint,,mobile
1564388732398,respond,q5490,sprint,a,mobile
1564388737395,submit,b4022,sprint,,mobile
1564388742405,enter,b3841,sprint,,mobile
1564388773069,respond,q5309,sprint,b,mobile
1564388775869,submit,b3841,sprint,,mobile
1564388781505,enter,b6539,sprint,,mobile
1564388814543,respond,q9188,sprint,c,mobile
1564388817537,submit,b6539,sprint,,mobile
1564388822729,enter,b3352,sprint,,mobile
1564388855633,respond,q4820,sprint,d,mobile
1564388858467,submit,b3352,sprint,,mobile
1564388863798,enter,b2220,sprint,,mobile
1564388886988,respond,q3688,sprint,d,mobile
1564388893888,submit,b2220,sprint,,mobile
1564388898749,enter,b2455,sprint,,mobile
1564388915365,respond,q3923,sprint,c,mobile
1564388918587,submit,b2455,sprint,,mobile
1564388926774,enter,b6743,sprint,,mobile
1564388940758,respond,q9392,sprint,a,mobile
1564388944625,submit,b6743,sprint,,mobile
1564388949783,enter,b3008,sprint,,mobile
1564388967439,respond,q4476,sprint,b,mobile
1564388970782,submit,b3008,sprint,,mobile
1564388977097,enter,b4312,sprint,,mobile
1564388993260,respond,q5780,sprint,b,mobile
1564388997034,submit,b4312,sprint,,mobile
1564389001621,enter,b4922,sprint,,mobile
1564389034122,respond,q6390,sprint,a,mobile
1564389038389,submit,b4922,sprint,,mobile
1564477416580,enter,b5055,sprint,,mobile
1564477452817,respond,q6523,sprint,b,mobile
1564477455653,submit,b5055,sprint,,mobile
1564477462432,enter,b7345,sprint,,mobile
1564477490475,respond,q9994,sprint,a,mobile
1564477495228,submit,b7345,sprint,,mobile
1564477504501,enter,b4126,sprint,,mobile
1564477510150,respond,q5594,sprint,d,mobile
1564477513951,submit,b4126,sprint,,mobile
1564477519047,enter,b3368,sprint,,mobile
1564477554466,respond,q4836,sprint,b,mobile
1564477558073,submit,b3368,sprint,,mobile
1564477563884,enter,b4213,sprint,,mobile
1564477586786,respond,q5681,sprint,d,mobile
1564477590325,submit,b4213,sprint,,mobile
1564477595726,enter,b7225,sprint,,mobile
1564477642222,respond,q9874,sprint,a,mobile
1564477645349,submit,b7225,sprint,,mobile
1564477651147,enter,b3592,sprint,,mobile
1564477672596,respond,q5060,sprint,c,mobile
1564477689294,submit,b3592,sprint,,mobile
1564477696794,enter,b5080,sprint,,mobile
1564477703650,respond,q6548,sprint,a,mobile
1564477707337,submit,b5080,sprint,,mobile
1564477712995,enter,b3886,sprint,,mobile
1564477733139,respond,q5354,sprint,a,mobile
1564477736626,submit,b3886,sprint,,mobile
1564477743850,enter,b7663,sprint,,mobile
1564477752798,respond,q10312,sprint,b,mobile
1564477755562,submit,b7663,sprint,,mobile
1564705198733,enter,b11599,sprint,,mobile
1564705212263,respond,q17362,sprint,d,mobile
1564705214793,submit,b11599,sprint,,mobile
1564705221461,enter,b2695,sprint,,mobile
1564705247247,respond,q4163,sprint,b,mobile
1564705249994,submit,b2695,sprint,,mobile
1564705255051,enter,b3855,sprint,,mobile
1564705276681,submit,b3855,sprint,,mobile
1564705283142,enter,b3577,sprint,,mobile
1564705294423,respond,q5045,sprint,b,mobile
1564705307118,respond,q5045,sprint,b,mobile
1564705310730,submit,b3577,sprint,,mobile
1564705535586,enter,b4317,adaptive_offer,,mobile
1564705546771,respond,q5785,adaptive_offer,b,mobile
1564705549468,submit,b4317,adaptive_offer,,mobile
1564705555453,enter,b3577,adaptive_offer,,mobile
1564705558873,respond,q5045,adaptive_offer,c,mobile
1564705561620,submit,b3577,adaptive_offer,,mobile
1564705592400,enter,b5742,sprint,,mobile
1564705618401,respond,q8391,sprint,d,mobile
1564705622239,submit,b5742,sprint,,mobile
1564705628729,enter,b2693,sprint,,mobile
1564705651814,respond,q4161,sprint,b,mobile
1564705666285,respond,q4161,sprint,a,mobile
1564705666483,respond,q4161,sprint,b,mobile
1564705666666,respond,q4161,sprint,a,mobile
1564705666834,respond,q4161,sprint,b,mobile
1564705666986,respond,q4161,sprint,a,mobile
1564705667508,respond,q4161,sprint,c,mobile
1564705668070,respond,q4161,sprint,b,mobile
1564705673782,respond,q4161,sprint,b,mobile
1564705676710,submit,b2693,sprint,,mobile
1564705683624,enter,b3850,sprint,,mobile
1564705692578,respond,q5318,sprint,d,mobile
1564705696771,submit,b3850,sprint,,mobile
1564718303522,enter,b179,sprint,,mobile
1564718323809,respond,q179,sprint,c,mobile
1564718327432,submit,b179,sprint,,mobile
1564718332614,enter,b5581,sprint,,mobile
1564718351485,respond,q8110,sprint,a,mobile
1564718354566,submit,b5581,sprint,,mobile
1564718358924,enter,b5560,sprint,,mobile
1564718377133,respond,q8089,sprint,c,mobile
1564718381755,submit,b5560,sprint,,mobile
1564718385983,enter,b8245,sprint,,mobile
1564718409943,submit,b8245,sprint,,mobile
1564718414415,enter,b5566,sprint,,mobile
1564718440710,respond,q8095,sprint,c,mobile
1564718444168,submit,b5566,sprint,,mobile
1564718455084,enter,b12,sprint,,mobile
1564718476035,respond,q12,sprint,c,mobile
1564718478954,submit,b12,sprint,,mobile
1564718484241,enter,b5551,sprint,,mobile
1564718505352,respond,q8080,sprint,d,mobile
1564718509095,submit,b5551,sprint,,mobile
1564718513617,enter,b8039,sprint,,mobile
1564718538200,respond,q10986,sprint,d,mobile
1564718541468,submit,b8039,sprint,,mobile
1564967391622,enter,b2656,sprint,,mobile
1564967416018,respond,q4124,sprint,a,mobile
1564967420948,submit,b2656,sprint,,mobile
1564967425782,enter,b3366,sprint,,mobile
1564967452755,respond,q4834,sprint,a,mobile
1564967455793,submit,b3366,sprint,,mobile
1564967461341,enter,b3089,sprint,,mobile
1564967474395,respond,q4557,sprint,b,mobile
1564967477307,submit,b3089,sprint,,mobile
1564967485666,enter,b7680,sprint,,mobile
1564967546042,respond,q10329,sprint,b,mobile
1564967549079,submit,b7680,sprint,,mobile
1564967554360,enter,b3609,sprint,,mobile
1564967561276,respond,q5077,sprint,c,mobile
1564967564167,submit,b3609,sprint,,mobile
1564967572481,enter,b2230,sprint,,mobile
1564967603959,respond,q3698,sprint,b,mobile
1564967607492,submit,b2230,sprint,,mobile
1564967612675,enter,b3266,sprint,,mobile
1564967625535,respond,q4734,sprint,c,mobile
1564967628098,submit,b3266,sprint,,mobile
1564967633820,enter,b5923,sprint,,mobile
1564967655630,respond,q8572,sprint,c,mobile
1564967658600,submit,b5923,sprint,,mobile
1564967664803,enter,b2467,sprint,,mobile
1564967703249,respond,q3935,sprint,c,mobile
1564967706550,respond,q3935,sprint,d,mobile
1564967706807,respond,q3935,sprint,c,mobile
1564967707020,respond,q3935,sprint,d,mobile
1564967707192,respond,q3935,sprint,c,mobile
1564967707393,respond,q3935,sprint,d,mobile
1564967707594,respond,q3935,sprint,c,mobile
1564967708153,respond,q3935,sprint,d,mobile
1564967708922,respond,q3935,sprint,c,mobile
1564967711875,respond,q3935,sprint,d,mobile
1564967714338,submit,b2467,sprint,,mobile
1564967719604,enter,b3031,sprint,,mobile
1564967731065,respond,q4499,sprint,c,mobile
1564967745734,submit,b3031,sprint,,mobile
1564980918968,enter,b3609,adaptive_offer,,mobile
1564980922816,respond,q5077,adaptive_offer,a,mobile
1564980925568,submit,b3609,adaptive_offer,,mobile
1564980929212,enter,b3031,adaptive_offer,,mobile
1564980936453,respond,q4499,adaptive_offer,d,mobile
1564980939006,submit,b3031,adaptive_offer,,mobile
1565325122800,enter,b2826,sprint,,mobile
1565325132669,respond,q4294,sprint,c,mobile
1565325135923,submit,b2826,sprint,,mobile
1565325140978,enter,b11422,sprint,,mobile
1565325149704,respond,q17185,sprint,b,mobile
1565325153061,submit,b11422,sprint,,mobile
1565325157922,enter,b4051,sprint,,mobile
1565325166916,respond,q5519,sprint,a,mobile
1565325171307,submit,b4051,sprint,,mobile
1565325175624,enter,b3048,sprint,,mobile
1565325184076,respond,q4516,sprint,a,mobile
1565325187607,submit,b3048,sprint,,mobile
1565325193445,enter,b4181,sprint,,mobile
1565325200576,respond,q5649,sprint,b,mobile
1565325203285,submit,b4181,sprint,,mobile
1565325209237,enter,b6171,sprint,,mobile
1565325240399,respond,q8820,sprint,d,mobile
1565325243749,submit,b6171,sprint,,mobile
1565325249239,enter,b3576,sprint,,mobile
1565325256059,respond,q5044,sprint,d,mobile
1565325260163,submit,b3576,sprint,,mobile
1565325265259,enter,b3682,sprint,,mobile
1565325290053,respond,q5150,sprint,c,mobile
1565325292905,submit,b3682,sprint,,mobile
1565325301993,enter,b3000,sprint,,mobile
1565325375315,respond,q4468,sprint,c,mobile
1565325378618,submit,b3000,sprint,,mobile
1565325383809,enter,b6843,sprint,,mobile
1565325390179,respond,q9492,sprint,a,mobile
1565325398140,submit,b6843,sprint,,mobile
1565398542493,enter,b264,sprint,,mobile
1565398554506,respond,q264,sprint,a,mobile
1565398563248,submit,b264,sprint,,mobile
1565398567318,enter,b8314,sprint,,mobile
1565398586185,respond,q11261,sprint,c,mobile
1565398588741,submit,b8314,sprint,,mobile
1565398598261,enter,b350,sprint,,mobile
1565398609246,respond,q350,sprint,a,mobile
1565398612015,submit,b350,sprint,,mobile
1565398616767,enter,b342,sprint,,mobile
1565398633236,respond,q342,sprint,c,mobile
1565398635966,submit,b342,sprint,,mobile
1565398639938,enter,b710,sprint,,mobile
1565398648198,respond,q710,sprint,a,mobile
1565398650916,submit,b710,sprint,,mobile
1565398654771,enter,b295,sprint,,mobile
1565398670457,respond,q295,sprint,c,mobile
1565398673021,submit,b295,sprint,,mobile
1565398677706,enter,b622,sprint,,mobile
1565398698085,respond,q622,sprint,c,mobile
1565398700903,submit,b622,sprint,,mobile
1565398757261,enter,b647,sprint,,mobile
1565398775254,respond,q647,sprint,c,mobile
1565398777932,submit,b647,sprint,,mobile
1565398800592,enter,b1181,sprint,,mobile
1565398811657,respond,q1181,sprint,b,mobile
1565398814640,submit,b1181,sprint,,mobile
1565398820960,enter,b8302,sprint,,mobile
1565398841924,respond,q11249,sprint,b,mobile
1565398845067,submit,b8302,sprint,,mobile
1565398897966,enter,b1009,sprint,,mobile
1565398914502,respond,q1009,sprint,c,mobile
1565398917971,submit,b1009,sprint,,mobile
1565398922020,enter,b225,sprint,,mobile
1565398944284,respond,q225,sprint,c,mobile
1565398947162,submit,b225,sprint,,mobile
1565398971257,enter,b890,sprint,,mobile
1565398989009,submit,b890,sprint,,mobile
1565398992773,enter,b8315,sprint,,mobile
1565399002574,respond,q11262,sprint,a,mobile
1565399010537,submit,b8315,sprint,,mobile
1565399014694,enter,b1060,sprint,,mobile
1565399030354,respond,q1060,sprint,c,mobile
1565399033778,submit,b1060,sprint,,mobile
1565399037343,enter,b1231,sprint,,mobile
1565399054366,respond,q1231,sprint,a,mobile
1565399056507,submit,b1231,sprint,,mobile
1565399092011,enter,b1190,sprint,,mobile
1565399111936,submit,b1190,sprint,,mobile
1565399127387,enter,b8312,sprint,,mobile
1565399144528,respond,q11259,sprint,c,mobile
1565399147140,submit,b8312,sprint,,mobile
1565399153661,enter,b1172,sprint,,mobile
1565399171844,respond,q1172,sprint,b,mobile
1565399175003,submit,b1172,sprint,,mobile
1565399180181,enter,b1159,sprint,,mobile
1565399197619,respond,q1159,sprint,b,mobile
1565399199973,submit,b1159,sprint,,mobile
1565399246099,enter,b2663,sprint,,mobile
1565399263158,respond,q4131,sprint,b,mobile
1565399266633,submit,b2663,sprint,,mobile
1565399372655,enter,b2663,adaptive_offer,,mobile
1565399395596,respond,q4131,adaptive_offer,c,mobile
1565399398126,submit,b2663,adaptive_offer,,mobile
1565399402082,enter,b3129,adaptive_offer,,mobile
1565399416450,respond,q4597,adaptive_offer,a,mobile
1565399418741,submit,b3129,adaptive_offer,,mobile
1565399430135,enter,b6038,sprint,,mobile
1565399436760,respond,q8687,sprint,a,mobile
1565399439487,submit,b6038,sprint,,mobile
1565399443987,enter,b4718,sprint,,mobile
1565399507091,respond,q6186,sprint,a,mobile
1565399515754,submit,b4718,sprint,,mobile
1565399524449,enter,b6395,sprint,,mobile
1565399530728,respond,q9044,sprint,a,mobile
1565399583909,respond,q9044,sprint,c,mobile
1565399609412,respond,q9044,sprint,d,mobile
1565399612050,submit,b6395,sprint,,mobile
1565399617441,enter,b4980,sprint,,mobile
1565399643357,respond,q6448,sprint,b,mobile
1565399646916,submit,b4980,sprint,,mobile
1565399653773,enter,b4984,sprint,,mobile
1565399669927,respond,q6452,sprint,a,mobile
1565399675490,respond,q6452,sprint,d,mobile
1565399680103,submit,b4984,sprint,,mobile
1565399687849,enter,b3026,sprint,,mobile
1565399697310,respond,q4494,sprint,b,mobile
1565399701649,submit,b3026,sprint,,mobile
1565399707721,enter,b7144,sprint,,mobile
1565399736576,respond,q9793,sprint,b,mobile
1565399740083,submit,b7144,sprint,,mobile
1565399744794,enter,b4546,sprint,,mobile
1565399762598,respond,q6014,sprint,b,mobile
1565399766046,submit,b4546,sprint,,mobile
1565399772465,enter,b2892,sprint,,mobile
1565399787133,respond,q4360,sprint,d,mobile
1565399790202,submit,b2892,sprint,,mobile
1565399836748,enter,b3339,sprint,,mobile
1565399854918,respond,q4807,sprint,a,mobile
1565399869474,respond,q4807,sprint,c,mobile
1565399873043,submit,b3339,sprint,,mobile
1565399877918,enter,b6855,sprint,,mobile
1565399911778,respond,q9504,sprint,a,mobile
1565399914221,submit,b6855,sprint,,mobile
1565399921015,enter,b4869,sprint,,mobile
1565399930317,respond,q6337,sprint,d,mobile
1565399933059,submit,b4869,sprint,,mobile
1565399938851,enter,b4188,sprint,,mobile
1565399955238,respond,q5656,sprint,c,mobile
1565399958330,submit,b4188,sprint,,mobile
1565399963122,enter,b2809,sprint,,mobile
1565399984868,respond,q4277,sprint,b,mobile
1565399987597,submit,b2809,sprint,,mobile
1565399994509,enter,b11348,sprint,,mobile
1565400016452,respond,q17111,sprint,b,mobile
1565400017431,respond,q17111,sprint,c,mobile
1565400030881,respond,q17111,sprint,b,mobile
1565400033680,submit,b11348,sprint,,mobile
1565400044390,enter,b5023,sprint,,mobile
1565400067187,respond,q6491,sprint,c,mobile
1565400075746,respond,q6491,sprint,a,mobile
1565400078474,submit,b5023,sprint,,mobile
1565400085160,enter,b4766,sprint,,mobile
1565400140019,respond,q6234,sprint,d,mobile
1565400142255,submit,b4766,sprint,,mobile
1565400145621,enter,b4766,sprint,,mobile
1565400147830,respond,q6234,sprint,d,mobile
1565400150304,submit,b4766,sprint,,mobile
1565400157888,enter,b4751,sprint,,mobile
1565400181310,respond,q6219,sprint,d,mobile
1565400184118,submit,b4751,sprint,,mobile
1565400188453,enter,b6526,sprint,,mobile
1565400197686,respond,q9175,sprint,d,mobile
1565400200792,submit,b6526,sprint,,mobile
1565477041910,enter,b436,sprint,,mobile
1565477060967,respond,q436,sprint,c,mobile
1565477064624,submit,b436,sprint,,mobile
1565477073472,enter,b8316,sprint,,mobile
1565477091494,respond,q11263,sprint,b,mobile
1565477096240,submit,b8316,sprint,,mobile
1565477123365,enter,b233,sprint,,mobile
1565477145302,submit,b233,sprint,,mobile
1565477150445,enter,b233,sprint,,mobile
1565477168193,respond,q233,sprint,b,mobile
1565477171000,submit,b233,sprint,,mobile
1565477215406,enter,b542,sprint,,mobile
1565477232905,respond,q542,sprint,c,mobile
1565477236132,submit,b542,sprint,,mobile
1565477245803,enter,b730,sprint,,mobile
1565477254641,respond,q730,sprint,a,mobile
1565477258970,submit,b730,sprint,,mobile
1565477262915,enter,b1323,sprint,,mobile
1565477277905,respond,q1323,sprint,b,mobile
1565477281375,submit,b1323,sprint,,mobile
1565477303441,enter,b735,sprint,,mobile
1565477320053,respond,q735,sprint,b,mobile
1565477323374,submit,b735,sprint,,mobile
1565477329926,enter,b238,sprint,,mobile
1565477349121,respond,q238,sprint,a,mobile
1565477351721,submit,b238,sprint,,mobile
1565477374242,enter,b905,sprint,,mobile
1565477390226,respond,q905,sprint,b,mobile
1565477393162,submit,b905,sprint,,mobile
1565477416729,enter,b920,sprint,,mobile
1565477433648,respond,q920,sprint,a,mobile
1565477439717,submit,b920,sprint,,mobile
1565477776540,enter,b4605,sprint,,mobile
1565477789672,respond,q6073,sprint,b,mobile
1565477797409,submit,b4605,sprint,,mobile
1565477802750,enter,b4895,sprint,,mobile
1565477819943,respond,q6363,sprint,d,mobile
1565477824300,submit,b4895,sprint,,mobile
1565477829270,enter,b2845,sprint,,mobile
1565477835313,respond,q4313,sprint,c,mobile
1565477838128,submit,b2845,sprint,,mobile
1565477842472,enter,b6479,sprint,,mobile
1565477861200,respond,q9128,sprint,b,mobile
1565477866187,submit,b6479,sprint,,mobile
1565477875252,enter,b5139,sprint,,mobile
1565477897120,respond,q6733,sprint,c,mobile
1565477902803,respond,q6733,sprint,d,mobile
1565477907165,submit,b5139,sprint,,mobile
1565477912838,enter,b4998,sprint,,mobile
1565477941465,respond,q6466,sprint,c,mobile
1565477944411,submit,b4998,sprint,,mobile
1565477952081,enter,b4990,sprint,,mobile
1565477981786,respond,q6458,sprint,a,mobile
1565477985284,submit,b4990,sprint,,mobile
1565478048100,enter,b6197,sprint,,mobile
1565478072732,respond,q8846,sprint,c,mobile
1565478076314,submit,b6197,sprint,,mobile
1565478116401,enter,b2852,sprint,,mobile
1565478129023,respond,q4320,sprint,b,mobile
1565478131704,submit,b2852,sprint,,mobile
1565478136068,enter,b5029,sprint,,mobile
1565478195684,respond,q6497,sprint,d,mobile
1565478198709,submit,b5029,sprint,,mobile
1565505655176,enter,b1323,adaptive_offer,,mobile
1565505667491,respond,q1323,adaptive_offer,a,mobile
1565505669600,submit,b1323,adaptive_offer,,mobile
1565505673484,enter,b1231,adaptive_offer,,mobile
1565505686232,respond,q1231,adaptive_offer,b,mobile
1565505689391,submit,b1231,adaptive_offer,,mobile
1565768241238,enter,b4688,sprint,,mobile
1565768257299,respond,q6156,sprint,b,mobile
1565768259062,respond,q6156,sprint,c,mobile
1565768262163,respond,q6156,sprint,b,mobile
1565768265444,submit,b4688,sprint,,mobile
1565768270263,enter,b7499,sprint,,mobile
1565768296573,respond,q10148,sprint,d,mobile
1565768301568,submit,b7499,sprint,,mobile
1565768306877,enter,b3885,sprint,,mobile
1565768340075,respond,q5353,sprint,d,mobile
1565768342755,submit,b3885,sprint,,mobile
1565768350172,enter,b2451,sprint,,mobile
1565768371154,respond,q3919,sprint,d,mobile
1565768384222,submit,b2451,sprint,,mobile
1565768399064,enter,b2306,sprint,,mobile
1565768409969,respond,q3774,sprint,d,mobile
1565768412718,submit,b2306,sprint,,mobile
1565915251385,enter,b333,sprint,,mobile
1565915275285,submit,b333,sprint,,mobile
1565915285640,enter,b1003,sprint,,mobile
1565915306006,respond,q1003,sprint,c,mobile
1565915308845,submit,b1003,sprint,,mobile
1565915313056,enter,b1086,sprint,,mobile
1565915330466,respond,q1086,sprint,b,mobile
1565915333355,submit,b1086,sprint,,mobile
1565915375828,enter,b887,sprint,,mobile
1565915394414,respond,q887,sprint,c,mobile
1565915397170,submit,b887,sprint,,mobile
1565915402322,enter,b1017,sprint,,mobile
1565915420891,respond,q1017,sprint,a,mobile
1565915424097,submit,b1017,sprint,,mobile
1565915467070,enter,b1314,sprint,,mobile
1565915485720,respond,q1314,sprint,b,mobile
1565915489055,submit,b1314,sprint,,mobile
1565915512122,enter,b768,sprint,,mobile
1565915531792,respond,q768,sprint,c,mobile
1565915535488,submit,b768,sprint,,mobile
1565915554443,enter,b725,sprint,,mobile
1565915571469,respond,q725,sprint,c,mobile
1565915573943,submit,b725,sprint,,mobile
1565915586066,enter,b904,sprint,,mobile
1565915601832,respond,q904,sprint,c,mobile
1565915605034,submit,b904,sprint,,mobile
1565915609451,enter,b267,sprint,,mobile
1565915626578,respond,q267,sprint,b,mobile
1565915629748,submit,b267,sprint,,mobile
1566214235502,enter,b5967,sprint,,mobile
1566214264930,respond,q8616,sprint,a,mobile
1566214267835,submit,b5967,sprint,,mobile
1566214272643,enter,b3815,sprint,,mobile
1566214286107,respond,q5283,sprint,c,mobile
1566214293436,submit,b3815,sprint,,mobile
1566214298884,enter,b2569,sprint,,mobile
1566214370484,respond,q4037,sprint,a,mobile
1566214373921,submit,b2569,sprint,,mobile
1566214385827,enter,b5006,sprint,,mobile
1566214398695,respond,q6474,sprint,c,mobile
1566214401488,submit,b5006,sprint,,mobile
1566214405922,enter,b6690,sprint,,mobile
1566214432260,respond,q9339,sprint,c,mobile
1566214438507,submit,b6690,sprint,,mobile
1566685413916,enter,b345,sprint,,mobile
1566685422491,respond,q345,sprint,a,mobile
1566685435321,submit,b345,sprint,,mobile
1566685438331,enter,b345,sprint,,mobile
1566685453224,respond,q345,sprint,b,mobile
1566685458211,submit,b345,sprint,,mobile
1566685463617,enter,b610,sprint,,mobile
1566685480987,respond,q610,sprint,a,mobile
1566685483399,submit,b610,sprint,,mobile
1566685487554,enter,b1206,sprint,,mobile
1566685506897,submit,b1206,sprint,,mobile
1566685510206,enter,b1206,sprint,,mobile
1566685527299,respond,q1206,sprint,c,mobile
1566685530512,submit,b1206,sprint,,mobile
1566685536198,enter,b612,sprint,,mobile
1566685556121,submit,b612,sprint,,mobile
1566685561792,enter,b1200,sprint,,mobile
1566685579420,respond,q1200,sprint,a,mobile
1566685583124,respond,q1200,sprint,c,mobile
1566685586007,submit,b1200,sprint,,mobile
1566685596616,enter,b1354,sprint,,mobile
1566685613301,respond,q1354,sprint,b,mobile
1566685616622,submit,b1354,sprint,,mobile
1566685634719,enter,b540,sprint,,mobile
1566685655065,respond,q540,sprint,c,mobile
1566685659068,respond,q540,sprint,b,mobile
1566685662709,submit,b540,sprint,,mobile
1566685690600,enter,b848,sprint,,mobile
1566685713796,respond,q848,sprint,b,mobile
1566685717985,submit,b848,sprint,,mobile
1566685735685,enter,b1253,sprint,,mobile
1566685748204,respond,q1253,sprint,a,mobile
1566685752714,submit,b1253,sprint,,mobile
1566685757273,enter,b1395,sprint,,mobile
1566685775906,submit,b1395,sprint,,mobile
1566685778889,enter,b1395,sprint,,mobile
1566685799606,respond,q1395,sprint,b,mobile
1566685802671,submit,b1395,sprint,,mobile
1566685855288,enter,b4280,sprint,,mobile
1566685911402,respond,q5748,sprint,d,mobile
1566685914399,submit,b4280,sprint,,mobile
1566685920822,enter,b3161,sprint,,mobile
1566685961806,respond,q4629,sprint,b,mobile
1566685964892,submit,b3161,sprint,,mobile
1566685970791,enter,b4775,sprint,,mobile
1566685986400,respond,q6243,sprint,d,mobile
1566685989034,submit,b4775,sprint,,mobile
1566685996953,enter,b5989,sprint,,mobile
1566686016952,respond,q8638,sprint,d,mobile
1566686019752,submit,b5989,sprint,,mobile
1566686029953,enter,b4856,sprint,,mobile
1566686074673,respond,q6324,sprint,b,mobile
1566686077411,submit,b4856,sprint,,mobile
1566686083998,enter,b2737,sprint,,mobile
1566686108973,respond,q4205,sprint,b,mobile
1566686112028,submit,b2737,sprint,,mobile
1566686116790,enter,b3777,sprint,,mobile
1566686126843,respond,q5245,sprint,a,mobile
1566686129850,submit,b3777,sprint,,mobile
1566686134609,enter,b7643,sprint,,mobile
1566686144346,respond,q10292,sprint,a,mobile
1566686148277,submit,b7643,sprint,,mobile
1566686154571,enter,b3626,sprint,,mobile
1566686187132,respond,q5094,sprint,b,mobile
1566686187132,respond,q5094,sprint,b,mobile
1566686189863,submit,b3626,sprint,,mobile
1566686202696,enter,b3794,sprint,,mobile
1566686218126,respond,q5262,sprint,d,mobile
1566686224971,submit,b3794,sprint,,mobile
1566718267485,enter,b4720,sprint,,mobile
1566718285940,respond,q6188,sprint,b,mobile
1566718289161,submit,b4720,sprint,,mobile
1566718300582,enter,b7139,sprint,,mobile
1566718317982,respond,q9788,sprint,b,mobile
1566718323046,submit,b7139,sprint,,mobile
1566718329510,enter,b2571,sprint,,mobile
1566718362774,respond,q4039,sprint,b,mobile
1566718366715,submit,b2571,sprint,,mobile
1566718372595,enter,b3938,sprint,,mobile
1566718440859,respond,q5406,sprint,d,mobile
1566718444883,submit,b3938,sprint,,mobile
1566718452203,enter,b2648,sprint,,mobile
1566718502162,respond,q4116,sprint,a,mobile
1566718505067,submit,b2648,sprint,,mobile
1566774956673,enter,b7607,sprint,,mobile
1566774972665,respond,q10256,sprint,d,mobile
1566774975997,submit,b7607,sprint,,mobile
1566774983788,enter,b4178,sprint,,mobile
1566775002495,respond,q5646,sprint,c,mobile
1566775006421,submit,b4178,sprint,,mobile
1566775015811,enter,b4596,sprint,,mobile
1566775044124,respond,q6064,sprint,c,mobile
1566775048258,submit,b4596,sprint,,mobile
1566775054798,enter,b4212,sprint,,mobile
1566775067952,respond,q5680,sprint,c,mobile
1566775071829,submit,b4212,sprint,,mobile
1566775078715,enter,b7026,sprint,,mobile
1566775114084,respond,q9675,sprint,b,mobile
1566775117231,submit,b7026,sprint,,mobile
1566781828856,enter,b1081,sprint,,mobile
1566781842069,respond,q1081,sprint,a,mobile
1566781847636,submit,b1081,sprint,,mobile
1566781853206,enter,b875,sprint,,mobile
1566781873170,submit,b875,sprint,,mobile
1566781876702,enter,b875,sprint,,mobile
1566781894714,respond,q875,sprint,a,mobile
1566781897753,submit,b875,sprint,,mobile
1566781921800,enter,b595,sprint,,mobile
1566781941638,respond,q595,sprint,c,mobile
1566781944211,submit,b595,sprint,,mobile
1566781986374,enter,b325,sprint,,mobile
1566782004625,respond,q325,sprint,c,mobile
1566782009555,submit,b325,sprint,,mobile
1566782056957,enter,b812,sprint,,mobile
1566782067320,respond,q812,sprint,a,mobile
1566782073708,submit,b812,sprint,,mobile
1566782152588,enter,b922,sprint,,mobile
1566782172633,respond,q922,sprint,c,mobile
1566782178125,submit,b922,sprint,,mobile
1566782275073,enter,b767,sprint,,mobile
1566782290032,respond,q767,sprint,c,mobile
1566782293764,submit,b767,sprint,,mobile
1566782318869,enter,b941,sprint,,mobile
1566782332357,respond,q941,sprint,b,mobile
1566782337005,submit,b941,sprint,,mobile
1566782344497,enter,b1125,sprint,,mobile
1566782362850,respond,q1125,sprint,c,mobile
1566782366714,submit,b1125,sprint,,mobile
1566782386990,enter,b1366,sprint,,mobile
1566782397152,respond,q1366,sprint,a,mobile
1566782403637,respond,q1366,sprint,a,mobile
1566782407386,submit,b1366,sprint,,mobile
1566782443523,enter,b781,sprint,,mobile
1566782454638,respond,q781,sprint,a,mobile
1566782463732,submit,b781,sprint,,mobile
1566782587504,enter,b1245,sprint,,mobile
1566782605471,respond,q1245,sprint,c,mobile
1566782608384,submit,b1245,sprint,,mobile
1566782724555,enter,b1232,sprint,,mobile
1566782740542,respond,q1232,sprint,c,mobile
1566782743706,submit,b1232,sprint,,mobile
1566782798243,enter,b1276,sprint,,mobile
1566782816909,respond,q1276,sprint,c,mobile
1566782820056,submit,b1276,sprint,,mobile
1566782911903,enter,b897,sprint,,mobile
1566782926541,respond,q897,sprint,b,mobile
1566782929595,submit,b897,sprint,,mobile
1566782935734,enter,b881,sprint,,mobile
1566782950713,respond,q881,sprint,b,mobile
1566782957427,submit,b881,sprint,,mobile
1566782962095,enter,b1345,sprint,,mobile
1566782984993,submit,b1345,sprint,,mobile
1566783004831,enter,b838,sprint,,mobile
1566783023568,respond,q838,sprint,c,mobile
1566783027252,submit,b838,sprint,,mobile
1566783031299,enter,b993,sprint,,mobile
1566783042297,respond,q993,sprint,a,mobile
1566783045283,submit,b993,sprint,,mobile
1566783049230,enter,b1154,sprint,,mobile
1566783063794,respond,q1154,sprint,b,mobile
1566783067275,submit,b1154,sprint,,mobile
1566820630428,enter,b6930,sprint,,mobile
1566820672339,respond,q9579,sprint,a,mobile
1566820677004,submit,b6930,sprint,,mobile
1566820700686,enter,b3010,sprint,,mobile
1566820721856,respond,q4478,sprint,a,mobile
1566820724464,submit,b3010,sprint,,mobile
1566820740449,enter,b3420,sprint,,mobile
1566820774761,respond,q4888,sprint,b,mobile
1566820778037,submit,b3420,sprint,,mobile
1566820804634,enter,b6525,sprint,,mobile
1566820871110,respond,q9174,sprint,d,mobile
1566820874702,submit,b6525,sprint,,mobile
1566821197185,enter,b3125,sprint,,mobile
1566821204343,respond,q4593,sprint,a,mobile
1566821207935,submit,b3125,sprint,,mobile
1566821214698,enter,b3566,sprint,,mobile
1566821241999,respond,q5034,sprint,c,mobile
1566821245763,submit,b3566,sprint,,mobile
1566821259590,enter,b3864,sprint,,mobile
1566821272845,respond,q5332,sprint,a,mobile
1566821276958,submit,b3864,sprint,,mobile
1566821282308,enter,b11425,sprint,,mobile
1566821320603,respond,q17188,sprint,c,mobile
1566821337140,respond,q17188,sprint,d,mobile
1566821354048,respond,q17188,sprint,a,mobile
1566821357258,submit,b11425,sprint,,mobile
1566821380748,enter,b2229,sprint,,mobile
1566821395165,respond,q3697,sprint,d,mobile
1566821398376,submit,b2229,sprint,,mobile
1566821403890,enter,b2515,sprint,,mobile
1566821422620,respond,q3983,sprint,c,mobile
1566821426014,submit,b2515,sprint,,mobile
1566821833065,enter,b7378,tutor,,mobile
1566821859246,respond,q10027,tutor,a,mobile
1566821862293,submit,b7378,tutor,,mobile
1566821977987,enter,b937,sprint,,mobile
1566821993212,respond,q937,sprint,b,mobile
1566821996328,submit,b937,sprint,,mobile
1566822000443,enter,b1279,sprint,,mobile
1566822017921,respond,q1279,sprint,c,mobile
1566822021125,submit,b1279,sprint,,mobile
1566822025857,enter,b997,sprint,,mobile
1566822045407,respond,q997,sprint,b,mobile
1566822048405,submit,b997,sprint,,mobile
1566822116521,enter,b1038,sprint,,mobile
1566822132537,respond,q1038,sprint,a,mobile
1566822136599,submit,b1038,sprint,,mobile
1566822169961,enter,b394,sprint,,mobile
1566822189391,respond,q394,sprint,b,mobile
1566822192075,submit,b394,sprint,,mobile
1566822217244,enter,b628,sprint,,mobile
1566822222824,submit,b628,sprint,,mobile
1566822278323,enter,b1766,sprint,,mobile
1566822381957,respond,q2496,sprint,c,mobile
1566822387128,submit,b1766,sprint,,mobile
1566822626847,enter,b1766,sprint,,mobile
1566822935350,submit,b1766,sprint,,mobile
1566822935412,enter,b1714,sprint,,mobile
1566823028488,respond,q2340,sprint,b,mobile
1566823035575,submit,b1714,sprint,,mobile
1566823130727,enter,b195,sprint,,mobile
1566823147696,submit,b195,sprint,,mobile
1566823148715,enter,b195,sprint,,mobile
1566823169295,respond,q195,sprint,c,mobile
1566823171883,submit,b195,sprint,,mobile
1566823251235,enter,b110,sprint,,mobile
1566823278147,respond,q110,sprint,c,mobile
1566823284776,submit,b110,sprint,,mobile
1566823438425,enter,b5543,sprint,,mobile
1566823468088,submit,b5543,sprint,,mobile
1566823537634,enter,b8107,sprint,,mobile
1566823566896,respond,q11054,sprint,d,mobile
1566823569948,submit,b8107,sprint,,mobile
1566823675215,enter,b174,sprint,,mobile
1566823701251,respond,q174,sprint,a,mobile
1566823704665,submit,b174,sprint,,mobile
1566823794181,enter,b5596,sprint,,mobile
1566823824076,submit,b5596,sprint,,mobile
1566823975763,enter,b5544,sprint,,mobile
1566823998372,respond,q8073,sprint,c,mobile
1566824001847,submit,b5544,sprint,,mobile
1566824241352,enter,b628,sprint,,mobile
1566824260951,respond,q628,sprint,b,mobile
1566824266175,submit,b628,sprint,,mobile
1566824275553,enter,b231,sprint,,mobile
1566824292097,respond,q231,sprint,c,mobile
1566824295277,submit,b231,sprint,,mobile
1566824371177,enter,b230,sprint,,mobile
1566824384569,respond,q230,sprint,b,mobile
1566824387732,submit,b230,sprint,,mobile
1566824449558,enter,b1061,sprint,,mobile
1566824468008,respond,q1061,sprint,c,mobile
1566824471255,submit,b1061,sprint,,mobile
1566824559648,enter,b731,sprint,,mobile
1566824573083,respond,q731,sprint,b,mobile
1566824579470,submit,b731,sprint,,mobile
1566824619176,enter,b869,sprint,,mobile
1566824637914,respond,q869,sprint,b,mobile
1566824641159,submit,b869,sprint,,mobile
1566824741390,enter,b249,sprint,,mobile
1566824760748,respond,q249,sprint,b,mobile
1566824764751,submit,b249,sprint,,mobile
1566824839040,enter,b242,sprint,,mobile
1566824856802,respond,q242,sprint,b,mobile
1566824863262,submit,b242,sprint,,mobile
1566824887075,enter,b626,sprint,,mobile
1566824904068,respond,q626,sprint,a,mobile
1566824907092,submit,b626,sprint,,mobile
1566824917724,enter,b495,sprint,,mobile
1566824936008,respond,q495,sprint,c,mobile
1566824939412,submit,b495,sprint,,mobile
1566824977284,enter,b329,sprint,,mobile
1566824999606,submit,b329,sprint,,mobile
1566825054764,enter,b762,sprint,,mobile
1566825074682,respond,q762,sprint,b,mobile
1566825077763,submit,b762,sprint,,mobile
1566825118746,enter,b505,sprint,,mobile
1566825143601,submit,b505,sprint,,mobile
1566825156839,enter,b299,sprint,,mobile
1566825174279,respond,q299,sprint,a,mobile
1566825178310,submit,b299,sprint,,mobile
1566825228855,enter,b577,sprint,,mobile
1566825247138,respond,q577,sprint,b,mobile
1566825250875,submit,b577,sprint,,mobile
1566825303372,enter,b824,sprint,,mobile
1566825322250,respond,q824,sprint,b,mobile
1566825325083,submit,b824,sprint,,mobile
1566825391645,enter,b490,sprint,,mobile
1566825410651,respond,q490,sprint,b,mobile
1566825414034,submit,b490,sprint,,mobile
1566825465314,enter,b1026,sprint,,mobile
1566825483191,respond,q1026,sprint,a,mobile
1566825486370,submit,b1026,sprint,,mobile
1566825541416,enter,b372,sprint,,mobile
1566825558789,respond,q372,sprint,c,mobile
1566825562974,submit,b372,sprint,,mobile
1566825639382,enter,b1295,sprint,,mobile
1566825657095,respond,q1295,sprint,b,mobile
1566825664615,submit,b1295,sprint,,mobile
1566825714285,enter,b1019,sprint,,mobile
1566825718131,submit,b1019,sprint,,mobile
1566825951925,enter,b1534,sprint,,mobile
1566826046370,respond,q1800,sprint,b,mobile
1566826051288,submit,b1534,sprint,,mobile
1566880397835,enter,b1947,sprint,,mobile
1566880472138,respond,q3039,sprint,a,mobile
1566880490541,submit,b1947,sprint,,mobile
1566880989706,enter,b2052,sprint,,mobile
1566881071710,respond,q3354,sprint,b,mobile
1566881077067,submit,b2052,sprint,,mobile
1566881609605,enter,b2024,sprint,,mobile
1566881696620,submit,b2024,sprint,,mobile
1566881698049,enter,b2024,sprint,,mobile
1566881725357,respond,q3270,sprint,a,mobile
1566881731546,submit,b2024,sprint,,mobile
1566881890400,enter,b1427,sprint,,mobile
1566881952283,respond,q1479,sprint,c,mobile
1566881984379,respond,q1479,sprint,c,mobile
1566881985230,respond,q1479,sprint,c,mobile
1566881993488,submit,b1427,sprint,,mobile
1566882151604,enter,b1664,sprint,,mobile
1566882235143,respond,q2190,sprint,d,mobile
1566882239752,submit,b1664,sprint,,mobile
1566905832246,enter,b557,sprint,,mobile
1566905847144,respond,q557,sprint,a,mobile
1566905856391,submit,b557,sprint,,mobile
1566905914749,enter,b521,sprint,,mobile
1566905934220,respond,q521,sprint,c,mobile
1566905937032,submit,b521,sprint,,mobile
1566905958904,enter,b569,sprint,,mobile
1566905975075,respond,q569,sprint,a,mobile
1566905978960,submit,b569,sprint,,mobile
1566905996673,enter,b954,sprint,,mobile
1566906015919,respond,q954,sprint,b,mobile
1566906019086,submit,b954,sprint,,mobile
1566906060923,enter,b462,sprint,,mobile
1566906074950,respond,q462,sprint,b,mobile
1566906077675,submit,b462,sprint,,mobile
1566906089705,enter,b391,sprint,,mobile
1566906108645,respond,q391,sprint,b,mobile
1566906111721,submit,b391,sprint,,mobile
1566906132727,enter,b368,sprint,,mobile
1566906147744,respond,q368,sprint,b,mobile
1566906151623,submit,b368,sprint,,mobile
1566906164899,enter,b455,sprint,,mobile
1566906178162,respond,q455,sprint,b,mobile
1566906182144,submit,b455,sprint,,mobile
1566906199481,enter,b1277,sprint,,mobile
1566906215712,respond,q1277,sprint,b,mobile
1566906218975,submit,b1277,sprint,,mobile
1566906230220,enter,b1351,sprint,,mobile
1566906244780,respond,q1351,sprint,b,mobile
1566906248065,submit,b1351,sprint,,mobile
1566906267968,enter,b447,sprint,,mobile
1566906287794,respond,q447,sprint,c,mobile
1566906290983,submit,b447,sprint,,mobile
1566906302432,enter,b447,adaptive_offer,,mobile
1566906321653,respond,q447,adaptive_offer,a,mobile
1566906325562,submit,b447,adaptive_offer,,mobile
1566912111084,enter,b8086,sprint,,mobile
1566912138851,respond,q11033,sprint,c,mobile
1566912141987,submit,b8086,sprint,,mobile
1566912170590,enter,b188,sprint,,mobile
1566912196465,respond,q188,sprint,c,mobile
1566912200525,submit,b188,sprint,,mobile
1566912216009,enter,b5530,sprint,,mobile
1566912241880,respond,q8059,sprint,a,mobile
1566912245948,submit,b5530,sprint,,mobile
1566912278410,enter,b192,sprint,,mobile
1566912303628,respond,q192,sprint,d,mobile
1566912308066,submit,b192,sprint,,mobile
1566912350655,enter,b8231,sprint,,mobile
1566912380758,respond,q11178,sprint,a,mobile
1566912384209,submit,b8231,sprint,,mobile
1566912486417,enter,b151,sprint,,mobile
1566912512508,respond,q151,sprint,c,mobile
1566912515455,submit,b151,sprint,,mobile
1566912584362,enter,b5543,adaptive_offer,,mobile
1566912592579,respond,q8072,adaptive_offer,a,mobile
1566912595705,submit,b5543,adaptive_offer,,mobile
1566912600241,enter,b151,adaptive_offer,,mobile
1566912627404,submit,b151,adaptive_offer,,mobile
1566913750291,enter,b499,sprint,,mobile
1566913762910,respond,q499,sprint,a,mobile
1566913770361,submit,b499,sprint,,mobile
1566913774584,enter,b1367,sprint,,mobile
1566913794623,respond,q1367,sprint,b,mobile
1566913797924,submit,b1367,sprint,,mobile
1566913819916,enter,b1235,sprint,,mobile
1566913838479,respond,q1235,sprint,a,mobile
1566913841426,submit,b1235,sprint,,mobile
1566913849366,enter,b435,sprint,,mobile
1566913867785,respond,q435,sprint,b,mobile
1566913870716,submit,b435,sprint,,mobile
1566913934920,enter,b878,sprint,,mobile
1566913953077,respond,q878,sprint,a,mobile
1566913956318,submit,b878,sprint,,mobile
1566913988730,enter,b1057,sprint,,mobile
1566914009086,respond,q1057,sprint,a,mobile
1566914012310,submit,b1057,sprint,,mobile
1566914036676,enter,b620,sprint,,mobile
1566914053388,respond,q620,sprint,b,mobile
1566914056182,submit,b620,sprint,,mobile
1566914060423,enter,b1193,sprint,,mobile
1566914081434,respond,q1193,sprint,a,mobile
1566914084893,submit,b1193,sprint,,mobile
1566914116072,enter,b878,adaptive_offer,,mobile
1566914129792,respond,q878,adaptive_offer,b,mobile
1566914132705,submit,b878,adaptive_offer,,mobile
1566914136909,enter,b1193,adaptive_offer,,mobile
1566914155071,respond,q1193,adaptive_offer,b,mobile
1566914158268,submit,b1193,adaptive_offer,,mobile
1566914202748,enter,b291,sprint,,mobile
1566914219877,respond,q291,sprint,a,mobile
1566914222842,submit,b291,sprint,,mobile
1566914227730,enter,b1107,sprint,,mobile
1566914241018,respond,q1107,sprint,b,mobile
1566914243735,submit,b1107,sprint,,mobile
1566914247579,enter,b1144,sprint,,mobile
1566914262150,respond,q1144,sprint,b,mobile
1566914265150,submit,b1144,sprint,,mobile
1566914312064,enter,b217,sprint,,mobile
1566914331073,respond,q217,sprint,a,mobile
1566914333893,submit,b217,sprint,,mobile
1566914379206,enter,b235,sprint,,mobile
1566914404108,respond,q235,sprint,b,mobile
1566914408156,submit,b235,sprint,,mobile
1566914474236,enter,b551,sprint,,mobile
1566914494908,respond,q551,sprint,a,mobile
1566914497825,submit,b551,sprint,,mobile
1566914531446,enter,b1690,sprint,,mobile
1566914597441,respond,q2268,sprint,a,mobile
1566914607921,submit,b1690,sprint,,mobile
1566915004151,enter,b1733,sprint,,mobile
1566915077917,respond,q2397,sprint,d,mobile
1566915093684,submit,b1733,sprint,,mobile
1566918095188,enter,b1518,sprint,,mobile
1566918175486,respond,q1752,sprint,b,mobile
1566918192686,submit,b1518,sprint,,mobile
1566918448207,enter,b5160,sprint,,mobile
1566918456669,respond,q6754,sprint,b,mobile
1566918460285,submit,b5160,sprint,,mobile
1566918466772,enter,b6319,sprint,,mobile
1566918475910,respond,q8968,sprint,b,mobile
1566918480155,submit,b6319,sprint,,mobile
1566918486618,enter,b2608,sprint,,mobile
1566918502080,respond,q4076,sprint,a,mobile
1566918505941,submit,b2608,sprint,,mobile
1566918511445,enter,b6030,sprint,,mobile
1566918525012,respond,q8679,sprint,a,mobile
1566918528334,submit,b6030,sprint,,mobile
1566918533826,enter,b3774,sprint,,mobile
1566918543435,respond,q5242,sprint,b,mobile
1566918553610,submit,b3774,sprint,,mobile
1566918577072,enter,b6191,sprint,,mobile
1566918587646,respond,q8840,sprint,b,mobile
1566918591230,respond,q8840,sprint,c,mobile
1566918600769,submit,b6191,sprint,,mobile
1566918606236,enter,b4613,sprint,,mobile
1566918621053,respond,q6081,sprint,b,mobile
1566918626377,submit,b4613,sprint,,mobile
1566918636028,enter,b4306,sprint,,mobile
1566918654832,submit,b4306,sprint,,mobile
1566986009016,enter,b1553,sprint,,mobile
1566986092636,respond,q1857,sprint,c,mobile
1566986096845,submit,b1553,sprint,,mobile
1566987836200,enter,b1665,sprint,,mobile
1566987936120,respond,q2193,sprint,a,mobile
1566987940901,submit,b1665,sprint,,mobile
1566989142573,enter,b1735,sprint,,mobile
1566989228303,respond,q2403,sprint,a,mobile
1566989232456,submit,b1735,sprint,,mobile
1566990043188,enter,b1735,my_note,,mobile
1566990060157,submit,b1735,my_note,,mobile
1566990097767,enter,b1421,sprint,,mobile
1566990163531,respond,q1461,sprint,d,mobile
1566990170134,submit,b1421,sprint,,mobile
1566990246324,enter,b1617,sprint,,mobile
1566990329993,respond,q2049,sprint,d,mobile
1566990335679,submit,b1617,sprint,,mobile
1566990451283,enter,b1537,sprint,,mobile
1566990530616,respond,q1809,sprint,b,mobile
1566990542235,submit,b1537,sprint,,mobile
1566991441515,enter,b8325,sprint,,mobile
1566991542710,respond,q11281,sprint,b,mobile
1566991548280,submit,b8325,sprint,,mobile
1566991672847,enter,b1930,sprint,,mobile
1566991747389,respond,q2988,sprint,d,mobile
1566991774444,submit,b1930,sprint,,mobile
1566991865995,enter,b1974,sprint,,mobile
1566991947181,respond,q3120,sprint,b,mobile
1566991953560,submit,b1974,sprint,,mobile
1566992078965,enter,b2103,sprint,,mobile
1566992170076,respond,q3507,sprint,d,mobile
1566992173931,submit,b2103,sprint,,mobile
1566992260759,enter,b2084,sprint,,mobile
1566992371311,respond,q3450,sprint,d,mobile
1566992377799,submit,b2084,sprint,,mobile
1567052393692,enter,b1713,sprint,,mobile
1567052486824,respond,q2337,sprint,c,mobile
1567052499736,submit,b1713,sprint,,mobile
1567053264528,enter,b1713,sprint,,mobile
1567053279247,submit,b1713,sprint,,mobile
1567055201772,enter,b1604,sprint,,mobile
1567055262190,respond,q2010,sprint,a,mobile
1567055264521,respond,q2010,sprint,a,mobile
1567055278532,respond,q2010,sprint,a,mobile
1567055284679,submit,b1604,sprint,,mobile
1567056626126,enter,b1727,sprint,,mobile
1567056693310,respond,q2379,sprint,c,mobile
1567056697623,submit,b1727,sprint,,mobile
1567057647696,enter,b1787,sprint,,mobile
1567057715519,respond,q2559,sprint,d,mobile
1567057720598,submit,b1787,sprint,,mobile
1567058386049,enter,b1787,sprint,,mobile
1567058507019,submit,b1787,sprint,,mobile
1567058507098,enter,b1726,sprint,,mobile
1567058585817,respond,q2376,sprint,c,mobile
1567058593611,respond,q2376,sprint,b,mobile
1567058599566,submit,b1726,sprint,,mobile
1567058735208,enter,b1726,sprint,,mobile
1567058843979,submit,b1726,sprint,,mobile
1567058864698,enter,b1151,sprint,,mobile
1567058879697,respond,q1151,sprint,a,mobile
1567058882639,submit,b1151,sprint,,mobile
1567058886178,enter,b726,sprint,,mobile
1567058898021,respond,q726,sprint,a,mobile
1567058906714,submit,b726,sprint,,mobile
1567058912288,enter,b393,sprint,,mobile
1567058930024,respond,q393,sprint,c,mobile
1567058934348,submit,b393,sprint,,mobile
1567058938611,enter,b691,sprint,,mobile
1567058956011,respond,q691,sprint,c,mobile
1567058959654,submit,b691,sprint,,mobile
1567058964483,enter,b549,sprint,,mobile
1567058982961,respond,q549,sprint,b,mobile
1567058985669,submit,b549,sprint,,mobile
1567058989742,enter,b1150,sprint,,mobile
1567059004300,respond,q1150,sprint,b,mobile
1567059009816,submit,b1150,sprint,,mobile
1567059013580,enter,b1097,sprint,,mobile
1567059025960,respond,q1097,sprint,b,mobile
1567059028872,submit,b1097,sprint,,mobile
1567059032853,enter,b481,sprint,,mobile
1567059047186,respond,q481,sprint,b,mobile
1567059050775,submit,b481,sprint,,mobile
1567059096934,enter,b1070,sprint,,mobile
1567059114334,respond,q1070,sprint,c,mobile
1567059118570,submit,b1070,sprint,,mobile
1567059124967,enter,b353,sprint,,mobile
1567059140933,respond,q353,sprint,c,mobile
1567059143343,submit,b353,sprint,,mobile
1567059148823,enter,b1275,sprint,,mobile
1567059165849,respond,q1275,sprint,c,mobile
1567059169584,submit,b1275,sprint,,mobile
1567059174119,enter,b1234,sprint,,mobile
1567059188950,respond,q1234,sprint,a,mobile
1567059191796,submit,b1234,sprint,,mobile
1567059199664,enter,b279,sprint,,mobile
1567059217394,respond,q279,sprint,a,mobile
1567059220341,submit,b279,sprint,,mobile
1567059256664,enter,b271,sprint,,mobile
1567059272985,respond,q271,sprint,c,mobile
1567059275964,submit,b271,sprint,,mobile
1567059281161,enter,b232,sprint,,mobile
1567059290996,respond,q232,sprint,a,mobile
1567059299613,submit,b232,sprint,,mobile
1567059313646,enter,b1186,sprint,,mobile
1567059338233,respond,q1186,sprint,b,mobile
1567059340479,submit,b1186,sprint,,mobile
1567059387226,enter,b1343,sprint,,mobile
1567059404139,respond,q1343,sprint,b,mobile
1567059407440,submit,b1343,sprint,,mobile
1567059416408,enter,b711,sprint,,mobile
1567059425472,respond,q711,sprint,a,mobile
1567059434669,submit,b711,sprint,,mobile
1567059440209,enter,b1375,sprint,,mobile
1567059458026,respond,q1375,sprint,b,mobile
1567059461205,submit,b1375,sprint,,mobile
1567059485414,enter,b250,sprint,,mobile
1567059504591,respond,q250,sprint,c,mobile
1567059508207,submit,b250,sprint,,mobile
1567059589793,enter,b776,sprint,,mobile
1567059605675,respond,q776,sprint,b,mobile
1567059609678,submit,b776,sprint,,mobile
1567059624842,enter,b1251,sprint,,mobile
1567059645331,respond,q1251,sprint,a,mobile
1567059647904,submit,b1251,sprint,,mobile
1567059670392,enter,b940,sprint,,mobile
1567059688216,respond,q940,sprint,b,mobile
1567059690926,submit,b940,sprint,,mobile
1567059696129,enter,b1082,sprint,,mobile
1567059714652,submit,b1082,sprint,,mobile
1567059718288,enter,b1248,sprint,,mobile
1567059733748,respond,q1248,sprint,a,mobile
1567059737175,submit,b1248,sprint,,mobile
1567059747071,enter,b545,sprint,,mobile
1567059764965,respond,q545,sprint,b,mobile
1567059768007,submit,b545,sprint,,mobile
1567059802647,enter,b5564,sprint,,mobile
1567059818526,respond,q8093,sprint,c,mobile
1567059824026,submit,b5564,sprint,,mobile
1567059827903,enter,b23,sprint,,mobile
1567059848854,respond,q23,sprint,d,mobile
1567059852688,submit,b23,sprint,,mobile
1567059862814,enter,b8125,sprint,,mobile
1567059880191,respond,q11072,sprint,c,mobile
1567059884535,submit,b8125,sprint,,mobile
1567059890129,enter,b74,sprint,,mobile
1567059913242,respond,q74,sprint,a,mobile
1567059916187,submit,b74,sprint,,mobile
1567059935415,enter,b32,sprint,,mobile
1567059946609,respond,q32,sprint,a,mobile
1567059954342,respond,q32,sprint,a,mobile
1567059957748,submit,b32,sprint,,mobile
1567059964888,enter,b131,sprint,,mobile
1567059981877,respond,q131,sprint,c,mobile
1567059986114,submit,b131,sprint,,mobile
1567060005779,enter,b1426,sprint,,mobile
1567060075224,respond,q1476,sprint,c,mobile
1567060075224,respond,q1476,sprint,c,mobile
1567060079306,respond,q1476,sprint,b,mobile
1567060081485,respond,q1476,sprint,a,mobile
1567060086072,submit,b1426,sprint,,mobile
1567076164211,enter,b1987,sprint,,mobile
1567076254756,respond,q3159,sprint,d,mobile
1567076261467,respond,q3159,sprint,d,mobile
1567076266457,submit,b1987,sprint,,mobile
1567076877972,enter,b1987,sprint,,mobile
1567077234981,submit,b1987,sprint,,mobile
1567078295570,enter,b2075,sprint,,mobile
1567078366115,respond,q3423,sprint,b,mobile
1567078373136,submit,b2075,sprint,,mobile
1567078610915,enter,b2075,sprint,,mobile
1567078665399,submit,b2075,sprint,,mobile
1567078665474,enter,b1846,sprint,,mobile
1567078772726,respond,q2736,sprint,a,mobile
1567078776603,submit,b1846,sprint,,mobile
1567078930492,enter,b2058,sprint,,mobile
1567078991183,respond,q3372,sprint,b,mobile
1567078996762,submit,b2058,sprint,,mobile
1567079045695,enter,b1972,sprint,,mobile
1567079109760,respond,q3114,sprint,b,mobile
1567079114338,respond,q3114,sprint,b,mobile
1567079118717,submit,b1972,sprint,,mobile
1567079335781,enter,b1967,sprint,,mobile
1567079404473,respond,q3099,sprint,b,mobile
1567079409012,submit,b1967,sprint,,mobile
1567079468760,enter,b2000,sprint,,mobile
1567079564926,respond,q3198,sprint,d,mobile
1567079575930,submit,b2000,sprint,,mobile
1567079619628,enter,b1943,sprint,,mobile
1567079688339,respond,q3027,sprint,a,mobile
1567079696975,submit,b1943,sprint,,mobile
1567382179108,enter,b8019,sprint,,mobile
1567382202431,respond,q10966,sprint,b,mobile
1567382207908,submit,b8019,sprint,,mobile
1567382231235,enter,b84,sprint,,mobile
1567382267975,respond,q84,sprint,a,mobile
1567382270667,submit,b84,sprint,,mobile
1567382284788,enter,b49,sprint,,mobile
1567382303545,respond,q49,sprint,c,mobile
1567382309984,submit,b49,sprint,,mobile
1567382314496,enter,b5536,sprint,,mobile
1567382342098,respond,q8065,sprint,d,mobile
1567382345408,submit,b5536,sprint,,mobile
1567382353993,enter,b8298,sprint,,mobile
1567382386699,submit,b8298,sprint,,mobile
1567382431694,enter,b5567,sprint,,mobile
1567382460885,submit,b5567,sprint,,mobile
1567382508649,enter,b734,sprint,,mobile
1567382519426,respond,q734,sprint,a,mobile
1567382528912,submit,b734,sprint,,mobile
1567382538574,enter,b847,sprint,,mobile
1567382548037,respond,q847,sprint,a,mobile
1567382556113,submit,b847,sprint,,mobile
1567382575380,enter,b1119,sprint,,mobile
1567382596856,respond,q1119,sprint,c,mobile
1567382602390,submit,b1119,sprint,,mobile
1567382632732,enter,b413,sprint,,mobile
1567382648756,respond,q413,sprint,b,mobile
1567382656709,submit,b413,sprint,,mobile
1567382690852,enter,b1123,sprint,,mobile
1567382705646,respond,q1123,sprint,b,mobile
1567382710697,submit,b1123,sprint,,mobile
1567382770459,enter,b1183,sprint,,mobile
1567382787388,respond,q1183,sprint,b,mobile
1567382791336,submit,b1183,sprint,,mobile
1567382807217,enter,b1045,sprint,,mobile
1567382825728,respond,q1045,sprint,b,mobile
1567382837075,submit,b1045,sprint,,mobile
1567382917994,enter,b200,sprint,,mobile
1567382933919,respond,q200,sprint,b,mobile
1567382937523,submit,b200,sprint,,mobile
1567382969408,enter,b888,sprint,,mobile
1567382987304,respond,q888,sprint,c,mobile
1567382991251,submit,b888,sprint,,mobile
1567383001761,enter,b787,sprint,,mobile
1567383020408,respond,q787,sprint,c,mobile
1567383023439,submit,b787,sprint,,mobile
1567383098429,enter,b625,sprint,,mobile
1567383117183,respond,q625,sprint,b,mobile
1567383121625,submit,b625,sprint,,mobile
1567383184345,enter,b819,sprint,,mobile
1567383204323,respond,q819,sprint,a,mobile
1567383208050,submit,b819,sprint,,mobile
1567383219732,enter,b1249,sprint,,mobile
1567383248539,respond,q1249,sprint,c,mobile
1567383252318,submit,b1249,sprint,,mobile
1567383277868,enter,b950,sprint,,mobile
1567383301686,respond,q950,sprint,a,mobile
1567383304722,submit,b950,sprint,,mobile
1567383328808,enter,b952,sprint,,mobile
1567383342358,respond,q952,sprint,b,mobile
1567383347890,submit,b952,sprint,,mobile
1567383506012,enter,b1561,sprint,,mobile
1567383607616,respond,q1881,sprint,d,mobile
1567383614517,submit,b1561,sprint,,mobile
1567385183497,enter,b1531,sprint,,mobile
1567385247101,respond,q1791,sprint,d,mobile
1567385252180,submit,b1531,sprint,,mobile
1567385512723,enter,b1551,sprint,,mobile
1567385585510,respond,q1851,sprint,a,mobile
1567385589618,respond,q1851,sprint,a,mobile
1567385594748,submit,b1551,sprint,,mobile
1567388737919,enter,b1514,sprint,,mobile
1567388828162,respond,q1740,sprint,a,mobile
1567388833373,submit,b1514,sprint,,mobile
1567426816756,enter,b1498,sprint,,mobile
1567426889862,respond,q1692,sprint,b,mobile
1567426892762,respond,q1692,sprint,b,mobile
1567426898040,submit,b1498,sprint,,mobile
1567522399605,enter,b1497,sprint,,mobile
1567522472827,respond,q1689,sprint,a,mobile
1567522485678,submit,b1497,sprint,,mobile
1567522526681,enter,b1497,sprint,,mobile
1567522619441,submit,b1497,sprint,,mobile
1567522619544,enter,b1533,sprint,,mobile
1567522717921,respond,q1797,sprint,b,mobile
1567522723197,submit,b1533,sprint,,mobile
1567522730609,enter,b1443,sprint,,mobile
1567522806946,respond,q1527,sprint,b,mobile
1567522810910,submit,b1443,sprint,,mobile
1567522816283,enter,b1622,sprint,,mobile
1567522894355,respond,q2064,sprint,b,mobile
1567522901406,submit,b1622,sprint,,mobile
1567522925694,enter,b1562,sprint,,mobile
1567523011357,respond,q1884,sprint,b,mobile
1567523020423,submit,b1562,sprint,,mobile
1567523077165,enter,b1751,sprint,,mobile
1567523153674,respond,q2451,sprint,c,mobile
1567523164779,submit,b1751,sprint,,mobile
1567523260919,enter,b1882,sprint,,mobile
1567523336631,respond,q2844,sprint,b,mobile
1567523341821,submit,b1882,sprint,,mobile
1567523442580,enter,b2009,sprint,,mobile
1567523566789,respond,q3225,sprint,a,mobile
1567523578655,submit,b2009,sprint,,mobile
1567523640941,enter,b2102,sprint,,mobile
1567523743021,respond,q3504,sprint,b,mobile
1567523755636,submit,b2102,sprint,,mobile
1567523792704,enter,b2102,sprint,,mobile
1567523810122,submit,b2102,sprint,,mobile
1567523810211,enter,b8321,sprint,,mobile
1567523882079,respond,q11269,sprint,c,mobile
1567523887456,submit,b8321,sprint,,mobile
1567594169538,enter,b1627,sprint,,mobile
1567594240493,respond,q2079,sprint,b,mobile
1567594244187,submit,b1627,sprint,,mobile
1567594249691,enter,b1790,sprint,,mobile
1567594314753,respond,q2568,sprint,a,mobile
1567594319332,submit,b1790,sprint,,mobile
1567594349112,enter,b1435,sprint,,mobile
1567594442253,respond,q1503,sprint,d,mobile
1567594447227,submit,b1435,sprint,,mobile
1567594588664,enter,b1728,sprint,,mobile
1567594670987,respond,q2382,sprint,c,mobile
1567594676908,submit,b1728,sprint,,mobile
1567594771607,enter,b1728,sprint,,mobile
1567594847081,submit,b1728,sprint,,mobile
1567594847201,enter,b1511,sprint,,mobile
1567594949233,respond,q1731,sprint,b,mobile
1567594954205,submit,b1511,sprint,,mobile
1567595048126,enter,b1567,sprint,,mobile
1567595108496,respond,q1899,sprint,b,mobile
1567595112001,submit,b1567,sprint,,mobile
1567595147335,enter,b1724,sprint,,mobile
1567595234538,respond,q2370,sprint,a,mobile
1567595241009,submit,b1724,sprint,,mobile
1567595313718,enter,b1548,sprint,,mobile
1567595384087,respond,q1842,sprint,b,mobile
1567595396881,submit,b1548,sprint,,mobile
1567595443530,enter,b1441,sprint,,mobile
1567595533252,submit,b1441,sprint,,mobile
1567595585188,enter,b1993,sprint,,mobile
1567595655655,respond,q3177,sprint,b,mobile
1567595665486,submit,b1993,sprint,,mobile
1567595796721,enter,b1993,sprint,,mobile
1567595823997,submit,b1993,sprint,,mobile
1567692967289,enter,b1441,sprint,,mobile
1567693048715,respond,q1521,sprint,b,mobile
1567693053512,submit,b1441,sprint,,mobile
1567693115078,enter,b1466,sprint,,mobile
1567693191015,respond,q1596,sprint,b,mobile
1567693196807,submit,b1466,sprint,,mobile
1567693520288,enter,b1449,sprint,,mobile
1567693620275,respond,q1545,sprint,d,mobile
1567693624973,submit,b1449,sprint,,mobile
1567693935202,enter,b1503,sprint,,mobile
1567694013467,respond,q1707,sprint,c,mobile
1567694018097,submit,b1503,sprint,,mobile
1567694068947,enter,b1410,sprint,,mobile
1567694145809,respond,q1428,sprint,b,mobile
1567694155969,submit,b1410,sprint,,mobile
1567694246639,enter,b1474,sprint,,mobile
1567694320540,respond,q1620,sprint,c,mobile
1567694329425,submit,b1474,sprint,,mobile
1567694384591,enter,b1475,sprint,,mobile
1567694481359,respond,q1623,sprint,b,mobile
1567694491011,submit,b1475,sprint,,mobile
1567694623071,enter,b1607,sprint,,mobile
1567694702951,respond,q2019,sprint,d,mobile
1567694710456,submit,b1607,sprint,,mobile
1567694756706,enter,b1635,sprint,,mobile
1567694839306,respond,q2103,sprint,d,mobile
1567694843358,submit,b1635,sprint,,mobile
1567695015330,enter,b1468,sprint,,mobile
1567695096556,respond,q1602,sprint,c,mobile
1567695100437,submit,b1468,sprint,,mobile
1567695157506,enter,b1734,sprint,,mobile
1567695224762,respond,q2400,sprint,d,mobile
1567695229902,submit,b1734,sprint,,mobile
1567753263043,enter,b1747,sprint,,mobile
1567753335058,respond,q2439,sprint,d,mobile
1567753340594,submit,b1747,sprint,,mobile
1567753531525,enter,b1481,sprint,,mobile
1567753615462,respond,q1641,sprint,c,mobile
1567753619506,submit,b1481,sprint,,mobile
1567753706195,enter,b1463,sprint,,mobile
1567753787032,respond,q1587,sprint,c,mobile
1567753793179,submit,b1463,sprint,,mobile
1567753919341,enter,b64,sprint,,mobile
1567753955295,submit,b64,sprint,,mobile
1567753992684,enter,b8148,sprint,,mobile
1567754019448,respond,q11095,sprint,b,mobile
1567754022881,submit,b8148,sprint,,mobile
1567754028351,enter,b132,sprint,,mobile
1567754052739,respond,q132,sprint,a,mobile
1567754055440,submit,b132,sprint,,mobile
1567754074325,enter,b5641,sprint,,mobile
1567754100251,respond,q8170,sprint,a,mobile
1567754103282,submit,b5641,sprint,,mobile
1567754127738,enter,b77,sprint,,mobile
1567754149409,respond,q77,sprint,c,mobile
1567754154629,submit,b77,sprint,,mobile
1567754197608,enter,b5584,sprint,,mobile
1567754222044,respond,q8113,sprint,a,mobile
1567754225534,submit,b5584,sprint,,mobile
1567754354515,enter,b973,sprint,,mobile
1567754373609,respond,q973,sprint,c,mobile
1567754376468,submit,b973,sprint,,mobile
1567754397537,enter,b1250,sprint,,mobile
1567754415878,respond,q1250,sprint,a,mobile
1567754419983,submit,b1250,sprint,,mobile
1567754481751,enter,b835,sprint,,mobile
1567754501278,respond,q835,sprint,c,mobile
1567754505852,submit,b835,sprint,,mobile
1567754551749,enter,b1692,sprint,,mobile
1567754619985,respond,q2274,sprint,a,mobile
1567754626250,submit,b1692,sprint,,mobile
1567754653295,enter,b1770,sprint,,mobile
1567754742618,respond,q2508,sprint,b,mobile
1567754746982,submit,b1770,sprint,,mobile
1567855975230,enter,b1630,sprint,,mobile
1567856045532,respond,q2088,sprint,d,mobile
1567856052569,submit,b1630,sprint,,mobile
1567856280868,enter,b1411,sprint,,mobile
1567856368239,submit,b1411,sprint,,mobile
1567856381581,enter,b1691,sprint,,mobile
1567856448510,respond,q2271,sprint,d,mobile
1567856453882,submit,b1691,sprint,,mobile
1567856659060,enter,b1643,sprint,,mobile
1567856752884,respond,q2127,sprint,a,mobile
1567856760369,submit,b1643,sprint,,mobile
1567856799975,enter,b1432,sprint,,mobile
1567856894965,respond,q1494,sprint,a,mobile
1567856905232,submit,b1432,sprint,,mobile
1567856960577,enter,b1432,sprint,,mobile
1567857104949,submit,b1432,sprint,,mobile
1567857105029,enter,b1602,sprint,,mobile
1567857191192,respond,q2004,sprint,d,mobile
1567857196959,submit,b1602,sprint,,mobile
1567857258387,enter,b1411,sprint,,mobile
1567857316489,respond,q1431,sprint,d,mobile
1567857320848,submit,b1411,sprint,,mobile
1567857357955,enter,b1705,sprint,,mobile
1567857431729,respond,q2313,sprint,b,mobile
1567857438683,submit,b1705,sprint,,mobile
1567857480139,enter,b1583,sprint,,mobile
1567857556788,respond,q1947,sprint,c,mobile
1567857564421,submit,b1583,sprint,,mobile
1567857602119,enter,b1583,sprint,,mobile
1567857617136,submit,b1583,sprint,,mobile
1567857617208,enter,b1403,sprint,,mobile
1567857681505,respond,q1407,sprint,d,mobile
1567857688807,submit,b1403,sprint,,mobile
1567857748837,enter,b1446,sprint,,mobile
1567857817594,respond,q1536,sprint,d,mobile
1567857823347,submit,b1446,sprint,,mobile
1567857881250,enter,b1467,sprint,,mobile
1567857954983,respond,q1599,sprint,a,mobile
1567857960806,submit,b1467,sprint,,mobile
1567857994688,enter,b2029,sprint,,mobile
1567858066512,respond,q3285,sprint,a,mobile
1567858075915,submit,b2029,sprint,,mobile
1567858098060,enter,b1844,sprint,,mobile
1567858162315,respond,q2730,sprint,a,mobile
1567858168753,respond,q2730,sprint,a,mobile
1567858179487,submit,b1844,sprint,,mobile
1567858228890,enter,b1869,sprint,,mobile
1567858304040,respond,q2805,sprint,c,mobile
1567858312293,submit,b1869,sprint,,mobile
1567858338976,enter,b2036,sprint,,mobile
1567858408986,respond,q3306,sprint,b,mobile
1567858409620,respond,q3306,sprint,d,mobile
1567858410806,respond,q3306,sprint,b,mobile
1567858416264,submit,b2036,sprint,,mobile
1567858460809,enter,b2091,sprint,,mobile
1567858542822,respond,q3471,sprint,a,mobile
1567858548363,submit,b2091,sprint,,mobile
1567858590754,enter,b1970,sprint,,mobile
1567858677212,respond,q3108,sprint,b,mobile
1567858681633,submit,b1970,sprint,,mobile
1567862554864,enter,b1984,sprint,,mobile
1567862641502,respond,q3150,sprint,a,mobile
1567862646459,submit,b1984,sprint,,mobile
1567862743690,enter,b2030,sprint,,mobile
1567862812968,respond,q3288,sprint,a,mobile
1567862816722,submit,b2030,sprint,,mobile
1567862888454,enter,b1906,sprint,,mobile
1567862959426,respond,q2916,sprint,d,mobile
1567862970193,respond,q2916,sprint,b,mobile
1567862975360,submit,b1906,sprint,,mobile
1567863018342,enter,b2114,sprint,,mobile
1567863096055,respond,q3540,sprint,c,mobile
1567863099982,submit,b2114,sprint,,mobile
1567863148039,enter,b1858,sprint,,mobile
1567863222433,respond,q2772,sprint,b,mobile
1567863230414,submit,b1858,sprint,,mobile
1567863290520,enter,b1996,sprint,,mobile
1567863359587,respond,q3186,sprint,c,mobile
1567863364787,submit,b1996,sprint,,mobile
1567863411512,enter,b2007,sprint,,mobile
1567863484033,respond,q3219,sprint,b,mobile
1567863488573,respond,q3219,sprint,b,mobile
1567863494445,submit,b2007,sprint,,mobile
1567863501054,enter,b1960,sprint,,mobile
1567863574019,respond,q3078,sprint,a,mobile
1567863579103,submit,b1960,sprint,,mobile
1567863626474,enter,b7931,sprint,,mobile
1567863699656,respond,q10676,sprint,d,mobile
1567863707050,respond,q10676,sprint,c,mobile
1567863717119,submit,b7931,sprint,,mobile
1567863760625,enter,b1834,sprint,,mobile
1567863824323,respond,q2700,sprint,d,mobile
1567863832937,submit,b1834,sprint,,mobile
1567863917286,enter,b1992,sprint,,mobile
1567863985234,respond,q3174,sprint,a,mobile
1567863989600,submit,b1992,sprint,,mobile
1567864042430,enter,b1874,sprint,,mobile
1567864113755,respond,q2820,sprint,d,mobile
1567864118432,submit,b1874,sprint,,mobile
1567864169166,enter,b1856,sprint,,mobile
1567864234563,respond,q2766,sprint,b,mobile
1567864237449,respond,q2766,sprint,b,mobile
1567864241230,respond,q2766,sprint,b,mobile
1567864249191,submit,b1856,sprint,,mobile
1567864281511,enter,b2039,sprint,,mobile
1567864368129,respond,q3315,sprint,a,mobile
1567864372289,submit,b2039,sprint,,mobile
1567897883818,enter,b411,sprint,,mobile
1567897905167,submit,b411,sprint,,mobile
1567897956231,enter,b406,sprint,,mobile
1567897977926,respond,q406,sprint,a,mobile
1567897980720,submit,b406,sprint,,mobile
1567897995141,enter,b621,sprint,,mobile
1567898014775,respond,q621,sprint,a,mobile
1567898017961,submit,b621,sprint,,mobile
1567898117814,enter,b613,sprint,,mobile
1567898136276,respond,q613,sprint,a,mobile
1567898139446,submit,b613,sprint,,mobile
1567898184751,enter,b1280,sprint,,mobile
1567898202652,respond,q1280,sprint,a,mobile
1567898206094,submit,b1280,sprint,,mobile
1567899854388,enter,b1002,sprint,,mobile
1567899873341,respond,q1002,sprint,c,mobile
1567899876737,submit,b1002,sprint,,mobile
1567899943316,enter,b953,sprint,,mobile
1567899962894,respond,q953,sprint,a,mobile
1567899965771,submit,b953,sprint,,mobile
1567899984929,enter,b255,sprint,,mobile
1567900005992,respond,q255,sprint,b,mobile
1567900011176,submit,b255,sprint,,mobile
1567900162558,enter,b1113,sprint,,mobile
1567900183223,respond,q1113,sprint,a,mobile
1567900186488,submit,b1113,sprint,,mobile
1567900199130,enter,b939,sprint,,mobile
1567900216228,respond,q939,sprint,a,mobile
1567900219080,submit,b939,sprint,,mobile
1567900295615,enter,b452,sprint,,mobile
1567900314780,respond,q452,sprint,b,mobile
1567900317299,respond,q452,sprint,c,mobile
1567900319643,respond,q452,sprint,b,mobile
1567900320006,respond,q452,sprint,c,mobile
1567900320209,respond,q452,sprint,b,mobile
1567900320646,respond,q452,sprint,c,mobile
1567900324037,submit,b452,sprint,,mobile
1567900342403,enter,b385,sprint,,mobile
1567900358032,respond,q385,sprint,b,mobile
1567900365024,submit,b385,sprint,,mobile
1567900416912,enter,b260,sprint,,mobile
1567900434959,respond,q260,sprint,a,mobile
1567900438143,submit,b260,sprint,,mobile
1567900460800,enter,b995,sprint,,mobile
1567900478245,respond,q995,sprint,b,mobile
1567900482883,submit,b995,sprint,,mobile
1567900487672,enter,b1338,sprint,,mobile
1567900507690,respond,q1338,sprint,c,mobile
1567900511553,submit,b1338,sprint,,mobile
1567900560943,enter,b1281,sprint,,mobile
1567900576599,respond,q1281,sprint,b,mobile
1567900584021,submit,b1281,sprint,,mobile
1567900588242,enter,b633,sprint,,mobile
1567900605564,respond,q633,sprint,c,mobile
1567900608375,submit,b633,sprint,,mobile
1567900674537,enter,b268,sprint,,mobile
1567900691250,respond,q268,sprint,a,mobile
1567900693871,submit,b268,sprint,,mobile
1567900717516,enter,b584,sprint,,mobile
1567900730040,respond,q584,sprint,a,mobile
1567900737852,submit,b584,sprint,,mobile
1567900755821,enter,b634,sprint,,mobile
1567900773909,respond,q634,sprint,c,mobile
1567900778073,respond,q634,sprint,b,mobile
1567900783645,submit,b634,sprint,,mobile
1567900804379,enter,b1157,sprint,,mobile
1567900820660,respond,q1157,sprint,a,mobile
1567900823433,submit,b1157,sprint,,mobile
1567900831924,enter,b764,sprint,,mobile
1567900846294,respond,q764,sprint,c,mobile
1567900849832,submit,b764,sprint,,mobile
1567901001535,enter,b5540,sprint,,mobile
1567901024423,respond,q8069,sprint,a,mobile
1567901029730,submit,b5540,sprint,,mobile
1567901088939,enter,b122,sprint,,mobile
1567901116524,submit,b122,sprint,,mobile
1567901142701,enter,b8170,sprint,,mobile
1567901155270,respond,q11117,sprint,a,mobile
1567901165406,respond,q11117,sprint,a,mobile
1567901168024,submit,b8170,sprint,,mobile
1567901202573,enter,b916,sprint,,mobile
1567901221571,respond,q916,sprint,b,mobile
1567901226284,submit,b916,sprint,,mobile
1567901250914,enter,b507,sprint,,mobile
1567901267866,respond,q507,sprint,c,mobile
1567901271293,submit,b507,sprint,,mobile
1567901276481,enter,b245,sprint,,mobile
1567901289573,respond,q245,sprint,b,mobile
1567901301606,respond,q245,sprint,c,mobile
1567901305565,submit,b245,sprint,,mobile
1567901323153,enter,b949,sprint,,mobile
1567901341815,respond,q949,sprint,a,mobile
1567901345503,submit,b949,sprint,,mobile
1567901353316,enter,b689,sprint,,mobile
1567901377672,respond,q689,sprint,a,mobile
1567901381043,submit,b689,sprint,,mobile
1567901499473,enter,b724,sprint,,mobile
1567901518964,respond,q724,sprint,a,mobile
1567901522789,submit,b724,sprint,,mobile
1567901539460,enter,b1286,sprint,,mobile
1567901548331,respond,q1286,sprint,a,mobile
1567901552818,submit,b1286,sprint,,mobile
1567997780577,enter,b1237,sprint,,mobile
1567997799110,respond,q1237,sprint,b,mobile
1567997802056,submit,b1237,sprint,,mobile
1567997835072,enter,b1075,sprint,,mobile
1567997852393,respond,q1075,sprint,b,mobile
1567997856056,submit,b1075,sprint,,mobile
1567997922459,enter,b1322,sprint,,mobile
1567997940282,respond,q1322,sprint,c,mobile
1567997941866,respond,q1322,sprint,a,mobile
1567997945765,submit,b1322,sprint,,mobile
1568104803122,enter,b948,sprint,,mobile
1568104824168,respond,q948,sprint,a,mobile
1568104827266,submit,b948,sprint,,mobile
1568104900740,enter,b395,sprint,,mobile
1568104919039,respond,q395,sprint,c,mobile
1568104921624,submit,b395,sprint,,mobile
1568104926604,enter,b1024,sprint,,mobile
1568104942980,respond,q1024,sprint,b,mobile
1568104947068,submit,b1024,sprint,,mobile
1568105099826,enter,b1053,sprint,,mobile
1568105114166,respond,q1053,sprint,b,mobile
1568105119391,submit,b1053,sprint,,mobile
1568105126084,enter,b874,sprint,,mobile
1568105145356,respond,q874,sprint,c,mobile
1568105148601,submit,b874,sprint,,mobile
1568105339775,enter,b1261,sprint,,mobile
1568105361320,respond,q1261,sprint,b,mobile
1568105364082,submit,b1261,sprint,,mobile
1568284884330,enter,b5572,sprint,,mobile
1568284914948,submit,b5572,sprint,,mobile
1568285008002,enter,b7,sprint,,mobile
1568285032460,respond,q7,sprint,d,mobile
1568285035182,submit,b7,sprint,,mobile
1568285278544,enter,b60,sprint,,mobile
1568285303875,submit,b60,sprint,,mobile
1568285953771,enter,b792,sprint,,mobile
1568285974069,respond,q792,sprint,c,mobile
1568285977261,submit,b792,sprint,,mobile
1568286120906,enter,b1331,sprint,,mobile
1568286136770,respond,q1331,sprint,b,mobile
1568286143169,submit,b1331,sprint,,mobile
1568286227100,enter,b323,sprint,,mobile
1568286247039,respond,q323,sprint,c,mobile
1568286250050,submit,b323,sprint,,mobile
1568286323598,enter,b1109,sprint,,mobile
1568286342537,submit,b1109,sprint,,mobile
1568286390097,enter,b236,sprint,,mobile
1568286416784,respond,q236,sprint,c,mobile
1568286419427,submit,b236,sprint,,mobile
1568286502648,enter,b1117,sprint,,mobile
1568286517891,respond,q1117,sprint,b,mobile
1568286523782,submit,b1117,sprint,,mobile
1568286618159,enter,b580,sprint,,mobile
1568286639417,respond,q580,sprint,c,mobile
1568286641926,submit,b580,sprint,,mobile
1568286708989,enter,b1029,sprint,,mobile
1568286730909,respond,q1029,sprint,a,mobile
1568286734325,submit,b1029,sprint,,mobile
1568286819653,enter,b884,sprint,,mobile
1568286835571,respond,q884,sprint,a,mobile
1568286838554,submit,b884,sprint,,mobile
1568286843140,enter,b1112,sprint,,mobile
1568286862314,submit,b1112,sprint,,mobile
1568286908378,enter,b927,sprint,,mobile
1568286924259,respond,q927,sprint,c,mobile
1568286927236,submit,b927,sprint,,mobile
1568287035436,enter,b308,sprint,,mobile
1568287047769,respond,q308,sprint,a,mobile
1568287050542,respond,q308,sprint,a,mobile
1568287053500,submit,b308,sprint,,mobile
1568287073360,enter,b1579,sprint,,mobile
1568287168397,respond,q1935,sprint,b,mobile
1568287171980,submit,b1579,sprint,,mobile
1568289376026,enter,b1649,sprint,,mobile
1568289445634,respond,q2145,sprint,c,mobile
1568289452361,submit,b1649,sprint,,mobile
1568289534993,enter,b1771,sprint,,mobile
1568289606014,respond,q2511,sprint,d,mobile
1568289610138,submit,b1771,sprint,,mobile
1568289658661,enter,b1750,sprint,,mobile
1568289724600,respond,q2448,sprint,d,mobile
1568289728006,submit,b1750,sprint,,mobile
1568289775717,enter,b1681,sprint,,mobile
1568289859753,respond,q2241,sprint,d,mobile
1568289864387,respond,q2241,sprint,b,mobile
1568289871079,submit,b1681,sprint,,mobile
1568289944461,enter,b1810,sprint,,mobile
1568289976602,submit,b1810,sprint,,mobile
1568290280860,enter,b1810,sprint,,mobile
1568290356812,submit,b1810,sprint,,mobile
1568290383672,enter,b1810,sprint,,mobile
1568290430182,respond,q2628,sprint,d,mobile
1568290440302,submit,b1810,sprint,,mobile
1568590800689,enter,b8072,sprint,,mobile
1568590819520,respond,q11019,sprint,b,mobile
1568590829402,submit,b8072,sprint,,mobile
1568590835106,enter,b65,sprint,,mobile
1568590869563,submit,b65,sprint,,mobile
1568590894634,enter,b54,sprint,,mobile
1568590916510,respond,q54,sprint,b,mobile
1568590919651,submit,b54,sprint,,mobile
1568590923846,enter,b19,sprint,,mobile
1568590951112,submit,b19,sprint,,mobile
1568591189757,enter,b8052,sprint,,mobile
1568591207340,respond,q10999,sprint,a,mobile
1568591215553,respond,q10999,sprint,d,mobile
1568591218386,submit,b8052,sprint,,mobile
1568592227463,enter,b456,sprint,,mobile
1568592244292,respond,q456,sprint,c,mobile
1568592246234,respond,q456,sprint,b,mobile
1568592249297,submit,b456,sprint,,mobile
1568592291480,enter,b970,sprint,,mobile
1568592307754,respond,q970,sprint,b,mobile
1568592311023,submit,b970,sprint,,mobile
1568592358153,enter,b1175,sprint,,mobile
1568592378995,respond,q1175,sprint,c,mobile
1568592382005,submit,b1175,sprint,,mobile
1568593066233,enter,b788,adaptive_offer,,mobile
1568593082874,respond,q788,adaptive_offer,b,mobile
1568593086188,submit,b788,adaptive_offer,,mobile
1568593170290,enter,b1384,sprint,,mobile
1568593189064,respond,q1384,sprint,b,mobile
1568593192632,submit,b1384,sprint,,mobile
1568593402213,enter,b641,sprint,,mobile
1568593412178,respond,q641,sprint,a,mobile
1568593422432,submit,b641,sprint,,mobile
1568593437936,enter,b336,sprint,,mobile
1568593456056,respond,q336,sprint,a,mobile
1568593458913,submit,b336,sprint,,mobile
1568593481410,enter,b784,sprint,,mobile
1568593496869,respond,q784,sprint,b,mobile
1568593499616,submit,b784,sprint,,mobile
1568593524921,enter,b645,sprint,,mobile
1568593542692,respond,q645,sprint,a,mobile
1568593545695,submit,b645,sprint,,mobile
1568593572864,enter,b749,sprint,,mobile
1568593589526,respond,q749,sprint,b,mobile
1568593592534,submit,b749,sprint,,mobile
1568595334723,enter,b669,sprint,,mobile
1568595353243,respond,q669,sprint,b,mobile
1568595357875,submit,b669,sprint,,mobile
1568595574756,enter,b1250,adaptive_offer,,mobile
1568595591373,respond,q1250,adaptive_offer,a,mobile
1568595594335,submit,b1250,adaptive_offer,,mobile
1568595693667,enter,b588,sprint,,mobile
1568595715289,respond,q588,sprint,c,mobile
1568595718329,submit,b588,sprint,,mobile
1568643572352,enter,b1018,sprint,,mobile
1568643589010,respond,q1018,sprint,b,mobile
1568643591972,submit,b1018,sprint,,mobile
1568643609403,enter,b1110,sprint,,mobile
1568643628347,respond,q1110,sprint,c,mobile
1568643630971,submit,b1110,sprint,,mobile
1568643645266,enter,b1095,sprint,,mobile
1568643664212,respond,q1095,sprint,c,mobile
1568643667772,submit,b1095,sprint,,mobile
1568643690629,enter,b270,sprint,,mobile
1568643708486,respond,q270,sprint,c,mobile
1568643711382,submit,b270,sprint,,mobile
1568643754987,enter,b1326,sprint,,mobile
1568643776085,respond,q1326,sprint,c,mobile
1568643780227,submit,b1326,sprint,,mobile
1568643813553,enter,b472,sprint,,mobile
1568643834551,respond,q472,sprint,b,mobile
1568643837933,submit,b472,sprint,,mobile
1568643969329,enter,b587,sprint,,mobile
1568643989271,respond,q587,sprint,c,mobile
1568643992697,submit,b587,sprint,,mobile
1568644043682,enter,b1199,sprint,,mobile
1568644061281,respond,q1199,sprint,b,mobile
1568644063790,submit,b1199,sprint,,mobile
1568644086912,enter,b832,sprint,,mobile
1568644106680,respond,q832,sprint,a,mobile
1568644109467,submit,b832,sprint,,mobile
1568644128336,enter,b1143,sprint,,mobile
1568644149284,submit,b1143,sprint,,mobile
1568644182433,enter,b570,sprint,,mobile
1568644202510,respond,q570,sprint,c,mobile
1568644206363,submit,b570,sprint,,mobile
1568644226360,enter,b585,sprint,,mobile
1568644246585,respond,q585,sprint,a,mobile
1568644253095,submit,b585,sprint,,mobile
1568644272074,enter,b1336,sprint,,mobile
1568644293301,respond,q1336,sprint,b,mobile
1568644299478,submit,b1336,sprint,,mobile
1568644317927,enter,b1131,sprint,,mobile
1568644336799,respond,q1131,sprint,a,mobile
1568644339915,submit,b1131,sprint,,mobile
1568644376245,enter,b1142,sprint,,mobile
1568644390292,respond,q1142,sprint,b,mobile
1568644393537,submit,b1142,sprint,,mobile
1568644398755,enter,b695,sprint,,mobile
1568644414210,respond,q695,sprint,a,mobile
1568644419490,submit,b695,sprint,,mobile
1568644423405,enter,b1373,sprint,,mobile
1568644443770,respond,q1373,sprint,c,mobile
1568644446988,submit,b1373,sprint,,mobile
1568644506470,enter,b1428,sprint,,mobile
1568644592042,respond,q1482,sprint,b,mobile
1568644604763,submit,b1428,sprint,,mobile
1568732920189,enter,b1083,sprint,,mobile
1568732924907,submit,b1083,sprint,,mobile
1568733005766,enter,b181,sprint,,mobile
1568733032036,submit,b181,sprint,,mobile
1568733036182,enter,b8036,sprint,,mobile
1568733064186,respond,q10983,sprint,d,mobile
1568733067535,submit,b8036,sprint,,mobile
1568733124338,enter,b5539,sprint,,mobile
1568733139316,respond,q8068,sprint,b,mobile
1568733141890,submit,b5539,sprint,,mobile
1568733163778,enter,b2119,sprint,,mobile
1568733220861,respond,q3555,sprint,b,mobile
1568733229157,submit,b2119,sprint,,mobile
1568733317485,enter,b2085,sprint,,mobile
1568733385183,respond,q3453,sprint,b,mobile
1568733393528,submit,b2085,sprint,,mobile
1568733495480,enter,b1891,sprint,,mobile
1568733574961,respond,q2871,sprint,b,mobile
1568733577052,respond,q2871,sprint,b,mobile
1568733582299,submit,b1891,sprint,,mobile
1568733681929,enter,b1897,sprint,,mobile
1568733750023,respond,q2889,sprint,b,mobile
1568733757130,submit,b1897,sprint,,mobile
1568733810225,enter,b1855,sprint,,mobile
1568733879048,respond,q2763,sprint,a,mobile
1568733884200,submit,b1855,sprint,,mobile
1568768954335,enter,b5589,sprint,,mobile
1568768980284,respond,q8118,sprint,a,mobile
1568768983691,submit,b5589,sprint,,mobile
1568769068037,enter,b5,sprint,,mobile
1568769087476,respond,q5,sprint,c,mobile
1568769092995,submit,b5,sprint,,mobile
1568769098200,enter,b5637,sprint,,mobile
1568769123180,submit,b5637,sprint,,mobile
1568769172109,enter,b8121,sprint,,mobile
1568769187032,respond,q11068,sprint,a,mobile
1568769195681,submit,b8121,sprint,,mobile
1568769225643,enter,b1083,sprint,,mobile
1568769244125,respond,q1083,sprint,a,mobile
1568769247617,submit,b1083,sprint,,mobile
1568769279266,enter,b924,sprint,,mobile
1568769301395,respond,q924,sprint,a,mobile
1568769306742,submit,b924,sprint,,mobile
1568771539481,enter,b623,sprint,,mobile
1568771559715,respond,q623,sprint,c,mobile
1568771562832,submit,b623,sprint,,mobile
1568771580504,enter,b1173,sprint,,mobile
1568771599319,respond,q1173,sprint,b,mobile
1568771601869,submit,b1173,sprint,,mobile
1568771699001,enter,b1382,sprint,,mobile
1568771719386,submit,b1382,sprint,,mobile
1568771744106,enter,b1114,sprint,,mobile
1568771761322,respond,q1114,sprint,b,mobile
1568771765601,submit,b1114,sprint,,mobile
1568771820945,enter,b1282,sprint,,mobile
1568771831066,respond,q1282,sprint,a,mobile
1568771839797,submit,b1282,sprint,,mobile
1568771843965,enter,b513,sprint,,mobile
1568771858149,respond,q513,sprint,a,mobile
1568771861915,submit,b513,sprint,,mobile
1568771874371,enter,b823,sprint,,mobile
1568771891472,respond,q823,sprint,b,mobile
1568771894588,submit,b823,sprint,,mobile
1568771914349,enter,b277,sprint,,mobile
1568771932301,respond,q277,sprint,c,mobile
1568771936491,submit,b277,sprint,,mobile
1568772048374,enter,b1041,sprint,,mobile
1568772063830,respond,q1041,sprint,c,mobile
1568772066828,submit,b1041,sprint,,mobile
1568772118688,enter,b929,sprint,,mobile
1568772138154,respond,q929,sprint,b,mobile
1568772141482,submit,b929,sprint,,mobile
1568772200318,enter,b1137,sprint,,mobile
1568772218243,respond,q1137,sprint,b,mobile
1568772220836,submit,b1137,sprint,,mobile
1568772250178,enter,b1229,sprint,,mobile
1568772267186,respond,q1229,sprint,a,mobile
1568772270321,submit,b1229,sprint,,mobile
1568772286147,enter,b1374,sprint,,mobile
1568772302876,respond,q1374,sprint,c,mobile
1568772307182,submit,b1374,sprint,,mobile
1568772367141,enter,b201,sprint,,mobile
1568772384261,respond,q201,sprint,c,mobile
1568772386618,submit,b201,sprint,,mobile
1568772428595,enter,b7933,sprint,,mobile
1568772490791,respond,q10682,sprint,c,mobile
1568772497905,respond,q10682,sprint,c,mobile
1568772509962,submit,b7933,sprint,,mobile
1568772558535,enter,b1926,sprint,,mobile
1568772634381,respond,q2976,sprint,a,mobile
1568772695345,submit,b1926,sprint,,mobile
1568772706532,enter,b2072,sprint,,mobile
1568772773610,respond,q3414,sprint,b,mobile
1568772785614,submit,b2072,sprint,,mobile
1568899435303,enter,b5636,sprint,,mobile
1568899461107,respond,q8165,sprint,d,mobile
1568899464758,submit,b5636,sprint,,mobile
1568899504758,enter,b194,sprint,,mobile
1568899530413,respond,q194,sprint,d,mobile
1568899533463,submit,b194,sprint,,mobile
1568899537709,enter,b8283,sprint,,mobile
1568899561395,submit,b8283,sprint,,mobile
1568899594468,enter,b124,sprint,,mobile
1568899609615,respond,q124,sprint,b,mobile
1568899617760,respond,q124,sprint,b,mobile
1568899621486,submit,b124,sprint,,mobile
1568899664176,enter,b1311,sprint,,mobile
1568899682104,respond,q1311,sprint,c,mobile
1568899686098,submit,b1311,sprint,,mobile
1568899712387,enter,b915,sprint,,mobile
1568899727330,respond,q915,sprint,a,mobile
1568899729948,submit,b915,sprint,,mobile
1568899914895,enter,b877,sprint,,mobile
1568899932502,respond,q877,sprint,b,mobile
1568899936676,submit,b877,sprint,,mobile
1568899963007,enter,b1327,sprint,,mobile
1568899979571,respond,q1327,sprint,c,mobile
1568899982236,submit,b1327,sprint,,mobile
1568900046701,enter,b320,sprint,,mobile
1568900058337,respond,q320,sprint,a,mobile
1568900062316,submit,b320,sprint,,mobile
1568900101497,enter,b1274,sprint,,mobile
1568900119904,respond,q1274,sprint,b,mobile
1568900123781,submit,b1274,sprint,,mobile
1568900258682,enter,b994,sprint,,mobile
1568900276856,respond,q994,sprint,c,mobile
1568900284005,submit,b994,sprint,,mobile
1568900564261,enter,b1639,sprint,,mobile
1568900627737,respond,q2115,sprint,c,mobile
1568900632954,respond,q2115,sprint,c,mobile
1568900639793,submit,b1639,sprint,,mobile
1568900720632,enter,b1596,sprint,,mobile
1568900815589,respond,q1986,sprint,c,mobile
1568900891974,submit,b1596,sprint,,mobile
1568900908399,enter,b1739,sprint,,mobile
1568900980455,respond,q2415,sprint,a,mobile
1568900985663,respond,q2415,sprint,a,mobile
1568900989548,submit,b1739,sprint,,mobile
1568901025712,enter,b1674,sprint,,mobile
1568901094941,respond,q2220,sprint,c,mobile
1568901095476,respond,q2220,sprint,c,mobile
1568901100497,submit,b1674,sprint,,mobile
1568901145808,enter,b1554,sprint,,mobile
1568901256666,respond,q1860,sprint,a,mobile
1568901263061,submit,b1554,sprint,,mobile
1568901331537,enter,b1545,sprint,,mobile
1568901415659,respond,q1833,sprint,b,mobile
1568901428309,submit,b1545,sprint,,mobile
1568964970094,enter,b61,sprint,,mobile
1568964995064,respond,q61,sprint,c,mobile
1568965001992,submit,b61,sprint,,mobile
1568965009729,enter,b8112,sprint,,mobile
1568965044193,respond,q11059,sprint,b,mobile
1568965050268,submit,b8112,sprint,,mobile
1568965061190,enter,b70,sprint,,mobile
1568965098716,respond,q70,sprint,d,mobile
1568965099622,respond,q70,sprint,b,mobile
1568965102481,submit,b70,sprint,,mobile
1568965214955,enter,b108,sprint,,mobile
1568965237955,respond,q108,sprint,a,mobile
1568965240799,submit,b108,sprint,,mobile
1568965247120,enter,b8214,sprint,,mobile
1568965272109,respond,q11161,sprint,a,mobile
1568965273073,respond,q11161,sprint,b,mobile
1568965275898,submit,b8214,sprint,,mobile
1568965286612,enter,b5648,sprint,,mobile
1568965309422,respond,q8177,sprint,b,mobile
1568965312736,submit,b5648,sprint,,mobile
1568965429462,enter,b1246,sprint,,mobile
1568965448618,respond,q1246,sprint,b,mobile
1568965452763,submit,b1246,sprint,,mobile
1568965470873,enter,b629,sprint,,mobile
1568965487539,respond,q629,sprint,a,mobile
1568965490685,submit,b629,sprint,,mobile
1568965540430,enter,b565,sprint,,mobile
1568965558712,respond,q565,sprint,b,mobile
1568965560115,respond,q565,sprint,c,mobile
1568965566195,submit,b565,sprint,,mobile
1568970442713,enter,b1257,sprint,,mobile
1568970468066,respond,q1257,sprint,c,mobile
1568970471558,submit,b1257,sprint,,mobile
1568970545887,enter,b721,sprint,,mobile
1568970565956,respond,q721,sprint,a,mobile
1568970568945,submit,b721,sprint,,mobile
1568970645165,enter,b1187,sprint,,mobile
1568970662555,respond,q1187,sprint,c,mobile
1568970666110,submit,b1187,sprint,,mobile
1568970688283,enter,b1158,sprint,,mobile
1568970701499,respond,q1158,sprint,a,mobile
1568970708593,submit,b1158,sprint,,mobile
1568970714910,enter,b418,sprint,,mobile
1568970734986,respond,q418,sprint,c,mobile
1568970737842,submit,b418,sprint,,mobile
1568970811317,enter,b526,sprint,,mobile
1568970831231,respond,q526,sprint,c,mobile
1568970834979,submit,b526,sprint,,mobile
1568970853887,enter,b692,sprint,,mobile
1568970872394,respond,q692,sprint,a,mobile
1568970875777,submit,b692,sprint,,mobile
1569199344212,enter,b8145,sprint,,mobile
1569199366450,respond,q11092,sprint,c,mobile
1569199369062,submit,b8145,sprint,,mobile
1569199389102,enter,b104,sprint,,mobile
1569199407566,respond,q104,sprint,b,mobile
1569199416867,submit,b104,sprint,,mobile
1569199438392,enter,b173,sprint,,mobile
1569199461966,respond,q173,sprint,a,mobile
1569199464574,submit,b173,sprint,,mobile
1569199632609,enter,b115,sprint,,mobile
1569199647324,respond,q115,sprint,a,mobile
1569199661625,submit,b115,sprint,,mobile
1569199717763,enter,b856,sprint,,mobile
1569199732437,respond,q856,sprint,a,mobile
1569199735524,submit,b856,sprint,,mobile
1569199837875,enter,b1203,sprint,,mobile
1569199856263,respond,q1203,sprint,b,mobile
1569199860065,submit,b1203,sprint,,mobile
1569247046531,enter,b1776,sprint,,mobile
1569247111494,respond,q2526,sprint,b,mobile
1569247124129,submit,b1776,sprint,,mobile
1569247400055,enter,b1479,sprint,,mobile
1569247476722,respond,q1635,sprint,b,mobile
1569247485537,submit,b1479,sprint,,mobile
1569247657696,enter,b1614,sprint,,mobile
1569247734440,respond,q2040,sprint,d,mobile
1569247740347,submit,b1614,sprint,,mobile
1569247798645,enter,b1492,sprint,,mobile
1569247869258,respond,q1674,sprint,b,mobile
1569247874212,submit,b1492,sprint,,mobile
1569248146535,enter,b1732,sprint,,mobile
1569248226473,respond,q2394,sprint,b,mobile
1569248228897,respond,q2394,sprint,d,mobile
1569248233382,submit,b1732,sprint,,mobile
1569248321296,enter,b1732,sprint,,mobile
1569248335091,submit,b1732,sprint,,mobile
1569248335195,enter,b1417,sprint,,mobile
1569248401525,respond,q1449,sprint,b,mobile
1569248414379,submit,b1417,sprint,,mobile
1569248515918,enter,b1610,sprint,,mobile
1569248619030,respond,q2028,sprint,a,mobile
1569248623261,submit,b1610,sprint,,mobile
1569248960978,enter,b1736,sprint,,mobile
1569249040061,respond,q2406,sprint,c,mobile
1569249044567,submit,b1736,sprint,,mobile
1569285444397,enter,b1541,sprint,,mobile
1569285528458,respond,q1821,sprint,a,mobile
1569285537598,submit,b1541,sprint,,mobile
1569285685549,enter,b1730,sprint,,mobile
1569285776772,respond,q2388,sprint,c,mobile
1569285783988,submit,b1730,sprint,,mobile
1569285913475,enter,b1789,sprint,,mobile
1569285989436,respond,q2565,sprint,c,mobile
1569285997838,submit,b1789,sprint,,mobile
1569286037951,enter,b1482,sprint,,mobile
1569286101144,respond,q1644,sprint,d,mobile
1569286113984,submit,b1482,sprint,,mobile
1569286241854,enter,b1648,sprint,,mobile
1569286311240,respond,q2142,sprint,d,mobile
1569286315331,submit,b1648,sprint,,mobile
1569334199621,enter,b1456,sprint,,mobile
1569334281900,respond,q1566,sprint,b,mobile
1569334294192,submit,b1456,sprint,,mobile
1569334436415,enter,b1461,sprint,,mobile
1569334511750,respond,q1581,sprint,b,mobile
1569334525891,respond,q1581,sprint,b,mobile
1569334527170,respond,q1581,sprint,b,mobile
1569334539277,submit,b1461,sprint,,mobile
1569334647488,enter,b1560,sprint,,mobile
1569334744912,submit,b1560,sprint,,mobile
1569334754532,enter,b1615,sprint,,mobile
1569334862375,respond,q2043,sprint,c,mobile
1569334866917,submit,b1615,sprint,,mobile
1569335063088,enter,b1645,sprint,,mobile
1569335147507,respond,q2133,sprint,d,mobile
1569335211216,submit,b1645,sprint,,mobile
1569335273191,enter,b1887,sprint,,mobile
1569335336903,respond,q2859,sprint,a,mobile
1569335345928,submit,b1887,sprint,,mobile
1569335615713,enter,b2027,sprint,,mobile
1569335682680,respond,q3279,sprint,a,mobile
1569335693455,submit,b2027,sprint,,mobile
1569335853341,enter,b1940,sprint,,mobile
1569335931162,respond,q3018,sprint,a,mobile
1569335934940,submit,b1940,sprint,,mobile
1569372752686,enter,b777,sprint,,mobile
1569372767362,respond,q777,sprint,a,mobile
1569372772693,submit,b777,sprint,,mobile
1569372780595,enter,b1266,sprint,,mobile
1569372800078,respond,q1266,sprint,b,mobile
1569372804077,submit,b1266,sprint,,mobile
1569372834341,enter,b1064,sprint,,mobile
1569372852454,respond,q1064,sprint,c,mobile
1569372857168,submit,b1064,sprint,,mobile
1569372898286,enter,b1099,sprint,,mobile
1569372916136,respond,q1099,sprint,c,mobile
1569372920198,submit,b1099,sprint,,mobile
1569373004532,enter,b554,sprint,,mobile
1569373025075,respond,q554,sprint,b,mobile
1569373025873,respond,q554,sprint,c,mobile
1569373030918,submit,b554,sprint,,mobile
1569373170154,enter,b1218,sprint,,mobile
1569373187951,respond,q1218,sprint,b,mobile
1569373191873,submit,b1218,sprint,,mobile
1569373204217,enter,b984,sprint,,mobile
1569373219971,respond,q984,sprint,b,mobile
1569373223304,submit,b984,sprint,,mobile
1569373544717,enter,b1267,sprint,,mobile
1569373573114,respond,q1267,sprint,a,mobile
1569373577710,submit,b1267,sprint,,mobile
1569373798138,enter,b1007,sprint,,mobile
1569373815678,respond,q1007,sprint,a,mobile
1569373820164,submit,b1007,sprint,,mobile
1569374684915,enter,b646,sprint,,mobile
1569374711784,submit,b646,sprint,,mobile
1569374903228,enter,b855,sprint,,mobile
1569374921548,respond,q855,sprint,a,mobile
1569374924363,submit,b855,sprint,,mobile
1569375706445,enter,b1368,sprint,,mobile
1569375724094,respond,q1368,sprint,c,mobile
1569375727062,submit,b1368,sprint,,mobile
1569376087391,enter,b224,sprint,,mobile
1569376106226,respond,q224,sprint,c,mobile
1569376109093,submit,b224,sprint,,mobile
1569376180025,enter,b1380,sprint,,mobile
1569376189923,respond,q1380,sprint,a,mobile
1569376193029,submit,b1380,sprint,,mobile
1569376247541,enter,b1076,sprint,,mobile
1569376267777,respond,q1076,sprint,c,mobile
1569376272933,submit,b1076,sprint,,mobile
1569376297016,enter,b409,sprint,,mobile
1569376306617,respond,q409,sprint,a,mobile
1569376309610,submit,b409,sprint,,mobile
1569376314399,enter,b796,sprint,,mobile
1569376334456,respond,q796,sprint,a,mobile
1569376339496,submit,b796,sprint,,mobile
1569376456909,enter,b502,sprint,,mobile
1569376478366,submit,b502,sprint,,mobile
1569419881983,enter,b1033,sprint,,mobile
1569419901459,respond,q1033,sprint,b,mobile
1569419908544,submit,b1033,sprint,,mobile
1569420016879,enter,b1104,sprint,,mobile
1569420036453,respond,q1104,sprint,a,mobile
1569420039463,submit,b1104,sprint,,mobile
1569420075915,enter,b1360,sprint,,mobile
1569420093955,respond,q1360,sprint,c,mobile
1569420097329,submit,b1360,sprint,,mobile
1569420132225,enter,b248,sprint,,mobile
1569420148257,respond,q248,sprint,b,mobile
1569420150761,submit,b248,sprint,,mobile
1569420164153,enter,b687,sprint,,mobile
1569420181690,respond,q687,sprint,c,mobile
1569420184648,submit,b687,sprint,,mobile
1569420206140,enter,b672,sprint,,mobile
1569420220474,respond,q672,sprint,b,mobile
1569420226364,submit,b672,sprint,,mobile
1569420352044,enter,b223,sprint,,mobile
1569420372159,respond,q223,sprint,b,mobile
1569420375773,respond,q223,sprint,c,mobile
1569420378880,submit,b223,sprint,,mobile
1569420406869,enter,b752,sprint,,mobile
1569420424257,respond,q752,sprint,b,mobile
1569420428093,submit,b752,sprint,,mobile
1569420599847,enter,b1265,sprint,,mobile
1569420615344,respond,q1265,sprint,a,mobile
1569420618440,submit,b1265,sprint,,mobile
1569420635386,enter,b581,sprint,,mobile
1569420654666,respond,q581,sprint,b,mobile
1569420657753,submit,b581,sprint,,mobile
1569420666129,enter,b759,sprint,,mobile
1569420686266,respond,q759,sprint,a,mobile
1569420690923,submit,b759,sprint,,mobile
1569420718778,enter,b732,sprint,,mobile
1569420740449,respond,q732,sprint,a,mobile
1569420742277,respond,q732,sprint,c,mobile
1569420743549,respond,q732,sprint,a,mobile
1569420744171,respond,q732,sprint,c,mobile
1569420746627,submit,b732,sprint,,mobile
1569420780725,enter,b1224,sprint,,mobile
1569420798451,respond,q1224,sprint,c,mobile
1569420801535,submit,b1224,sprint,,mobile
1569420845282,enter,b338,sprint,,mobile
1569420861080,respond,q338,sprint,b,mobile
1569420866741,submit,b338,sprint,,mobile
1569420870912,enter,b1122,sprint,,mobile
1569420887551,respond,q1122,sprint,b,mobile
1569420890708,submit,b1122,sprint,,mobile
1569420971585,enter,b214,sprint,,mobile
1569420988830,respond,q214,sprint,b,mobile
1569420991748,submit,b214,sprint,,mobile
1569421010976,enter,b285,sprint,,mobile
1569421031850,respond,q285,sprint,c,mobile
1569421034978,submit,b285,sprint,,mobile
1569421059098,enter,b537,sprint,,mobile
1569421079196,respond,q537,sprint,a,mobile
1569421082669,submit,b537,sprint,,mobile
1569421172848,enter,b501,sprint,,mobile
1569421193471,submit,b501,sprint,,mobile
1569421273620,enter,b428,sprint,,mobile
1569421294017,respond,q428,sprint,c,mobile
1569421294590,respond,q428,sprint,b,mobile
1569421297835,submit,b428,sprint,,mobile
1569421395263,enter,b1259,sprint,,mobile
1569421415818,respond,q1259,sprint,c,mobile
1569421419010,submit,b1259,sprint,,mobile
1569421460503,enter,b1030,sprint,,mobile
1569421473645,respond,q1030,sprint,a,mobile
1569421481969,submit,b1030,sprint,,mobile
1569421517428,enter,b651,sprint,,mobile
1569421528181,respond,q651,sprint,a,mobile
1569421536445,submit,b651,sprint,,mobile
1569421671161,enter,b1445,sprint,,mobile
1569421746563,respond,q1533,sprint,b,mobile
1569421752120,submit,b1445,sprint,,mobile
1569421837178,enter,b1667,sprint,,mobile
1569421909199,respond,q2199,sprint,c,mobile
1569421913338,submit,b1667,sprint,,mobile
1569421967419,enter,b1753,sprint,,mobile
1569422038096,respond,q2457,sprint,d,mobile
1569422043067,respond,q2457,sprint,d,mobile
1569422049195,submit,b1753,sprint,,mobile
1569987575228,enter,b8012,sprint,,mobile
1569987602199,respond,q10959,sprint,d,mobile
1569987605962,submit,b8012,sprint,,mobile
1570012395334,enter,b8008,sprint,,mobile
1570012424227,respond,q10955,sprint,d,mobile
1570012426516,submit,b8008,sprint,,mobile
1570012669833,enter,b8008,sprint,,mobile
1570012722963,submit,b8008,sprint,,mobile
1570012943123,enter,b8007,sprint,,mobile
1570013013158,submit,b8007,sprint,,mobile
1570013013272,enter,b8234,sprint,,mobile
1570013035394,respond,q11181,sprint,a,mobile
1570013038042,submit,b8234,sprint,,mobile
1570013209064,enter,b8234,sprint,,mobile
1570013244573,submit,b8234,sprint,,mobile
1570013708516,enter,b176,sprint,,mobile
1570013730032,submit,b176,sprint,,mobile
1570013962093,enter,b1120,sprint,,mobile
1570014002154,submit,b1120,sprint,,mobile
1570014277747,enter,b241,sprint,,mobile
1570014301850,submit,b241,sprint,,mobile
1570014524736,enter,b1088,sprint,,mobile
1570014604700,submit,b1088,sprint,,mobile
1570014868745,enter,b998,my_note,,mobile
1570014919888,submit,b998,my_note,,mobile
1570014932286,enter,b652,sprint,,mobile
1570014942623,respond,q652,sprint,a,mobile
1570014945600,submit,b652,sprint,,mobile
1570015163697,enter,b652,sprint,,mobile
1570015183902,submit,b652,sprint,,mobile
1570015183981,enter,b1370,sprint,,mobile
1570015193459,respond,q1370,sprint,a,mobile
1570015204760,submit,b1370,sprint,,mobile
1570015510386,enter,b1132,sprint,,mobile
1570015532028,submit,b1132,sprint,,mobile
1570015747597,enter,b286,sprint,,mobile
1570015803582,submit,b286,sprint,,mobile
1570015803670,enter,b1195,sprint,,mobile
1570015821072,respond,q1195,sprint,a,mobile
1570015823558,submit,b1195,sprint,,mobile
1570016042243,enter,b1195,sprint,,mobile
1570016064216,submit,b1195,sprint,,mobile
1570016064286,enter,b911,sprint,,mobile
1570016074300,respond,q911,sprint,a,mobile
1570016083559,submit,b911,sprint,,mobile
1570016839404,enter,b911,sprint,,mobile
1570016921411,submit,b911,sprint,,mobile
1570016971262,enter,b757,sprint,,mobile
1570016988711,respond,q757,sprint,c,mobile
1570016991536,submit,b757,sprint,,mobile
1570017173150,enter,b757,sprint,,mobile
1570017214988,submit,b757,sprint,,mobile
1570017768219,enter,b644,sprint,,mobile
1570017908531,submit,b644,sprint,,mobile
1570017938603,enter,b644,sprint,,mobile
1570017963517,submit,b644,sprint,,mobile
1570017963597,enter,b351,sprint,,mobile
1570017981475,respond,q351,sprint,b,mobile
1570017984114,submit,b351,sprint,,mobile
1570018125603,enter,b351,sprint,,mobile
1570018164923,submit,b351,sprint,,mobile
1570028627135,enter,b1535,sprint,,mobile
1570028702509,respond,q1803,sprint,b,mobile
1570028706548,respond,q1803,sprint,b,mobile
1570028711790,submit,b1535,sprint,,mobile
1570029020567,enter,b1521,sprint,,mobile
1570029111310,respond,q1761,sprint,d,mobile
1570029120687,respond,q1761,sprint,d,mobile
1570029125389,submit,b1521,sprint,,mobile
1570029558732,enter,b1603,sprint,,mobile
1570029620978,respond,q2007,sprint,c,mobile
1570029626751,submit,b1603,sprint,,mobile
1570029730950,enter,b1424,sprint,,mobile
1570029796742,respond,q1470,sprint,a,mobile
1570029800582,submit,b1424,sprint,,mobile
1570029839691,enter,b1756,sprint,,mobile
1570029909959,respond,q2466,sprint,a,mobile
1570029913754,submit,b1756,sprint,,mobile
1570030087400,enter,b1909,sprint,,mobile
1570030151557,respond,q2925,sprint,d,mobile
1570030158087,submit,b1909,sprint,,mobile
1570030258484,enter,b2002,sprint,,mobile
1570030333648,respond,q3204,sprint,b,mobile
1570030344374,submit,b2002,sprint,,mobile
1570030395014,enter,b8334,sprint,,mobile
1570030492866,respond,q11308,sprint,a,mobile
1570030496979,submit,b8334,sprint,,mobile
1570067284006,enter,b1161,sprint,,mobile
1570067301534,respond,q1161,sprint,b,mobile
1570067304258,submit,b1161,sprint,,mobile
1570067327015,enter,b296,sprint,,mobile
1570067346839,submit,b296,sprint,,mobile
1570067351954,enter,b226,sprint,,mobile
1570067364348,respond,q226,sprint,a,mobile
1570067374917,submit,b226,sprint,,mobile
1570067434790,enter,b1040,sprint,,mobile
1570067451797,respond,q1040,sprint,a,mobile
1570067454932,submit,b1040,sprint,,mobile
1570067496669,enter,b955,sprint,,mobile
1570067514779,respond,q955,sprint,a,mobile
1570067519628,submit,b955,sprint,,mobile
1570067542091,enter,b360,sprint,,mobile
1570067562661,submit,b360,sprint,,mobile
1570067571815,enter,b263,sprint,,mobile
1570067584890,respond,q263,sprint,b,mobile
1570067588333,submit,b263,sprint,,mobile
1570067607636,enter,b722,sprint,,mobile
1570067617708,respond,q722,sprint,a,mobile
1570067627430,submit,b722,sprint,,mobile
1570067744800,enter,b785,sprint,,mobile
1570067761986,respond,q785,sprint,c,mobile
1570067764991,submit,b785,sprint,,mobile
1570067789723,enter,b638,sprint,,mobile
1570067803434,respond,q638,sprint,b,mobile
1570067809322,submit,b638,sprint,,mobile
1570067823110,enter,b605,sprint,,mobile
1570067844051,respond,q605,sprint,a,mobile
1570067847227,submit,b605,sprint,,mobile
1570067927328,enter,b361,sprint,,mobile
1570067947165,respond,q361,sprint,a,mobile
1570067950999,submit,b361,sprint,,mobile
1570067960114,enter,b895,sprint,,mobile
1570067981214,submit,b895,sprint,,mobile
1570067995101,enter,b497,sprint,,mobile
1570068008547,respond,q497,sprint,b,mobile
1570068011522,submit,b497,sprint,,mobile
1570068141960,enter,b8102,sprint,,mobile
1570068163500,respond,q11049,sprint,b,mobile
1570068166571,submit,b8102,sprint,,mobile
1570068193212,enter,b8163,sprint,,mobile
1570068217341,respond,q11110,sprint,c,mobile
1570068220228,submit,b8163,sprint,,mobile
1570068233917,enter,b8116,sprint,,mobile
1570068260505,submit,b8116,sprint,,mobile
1570069899035,enter,b1464,sprint,,mobile
1570069975337,respond,q1590,sprint,b,mobile
1570069986502,submit,b1464,sprint,,mobile
1570070035111,enter,b1575,sprint,,mobile
1570070105481,respond,q1923,sprint,b,mobile
1570070144714,submit,b1575,sprint,,mobile
1570070156809,enter,b1575,sprint,,mobile
1570070168995,respond,q1923,sprint,b,mobile
1570070172628,submit,b1575,sprint,,mobile
1570070235320,enter,b1494,sprint,,mobile
1570070319016,respond,q1680,sprint,d,mobile
1570070327790,submit,b1494,sprint,,mobile
1570070381370,enter,b1598,sprint,,mobile
1570070457896,respond,q1992,sprint,b,mobile
1570070470217,submit,b1598,sprint,,mobile
1570070519631,enter,b1599,sprint,,mobile
1570070601018,respond,q1995,sprint,c,mobile
1570070613554,submit,b1599,sprint,,mobile
1570104622778,enter,b8079,sprint,,mobile
1570104652530,respond,q11026,sprint,a,mobile
1570104655970,submit,b8079,sprint,,mobile
1570104908541,enter,b8079,sprint,,mobile
1570104941222,submit,b8079,sprint,,mobile
1570104941301,enter,b8037,sprint,,mobile
1570104961416,respond,q10984,sprint,c,mobile
1570104968620,respond,q10984,sprint,c,mobile
1570104972156,submit,b8037,sprint,,mobile
1570105011953,enter,b8275,sprint,,mobile
1570105035232,respond,q11222,sprint,b,mobile
1570105037894,submit,b8275,sprint,,mobile
1570164535018,enter,b679,sprint,,mobile
1570164546993,respond,q679,sprint,a,mobile
1570164550316,submit,b679,sprint,,mobile
1570164622681,enter,b1244,sprint,,mobile
1570164641232,respond,q1244,sprint,c,mobile
1570164643721,submit,b1244,sprint,,mobile
1570164696964,enter,b591,sprint,,mobile
1570164717081,respond,q591,sprint,b,mobile
1570164720327,submit,b591,sprint,,mobile
1570164780668,enter,b648,sprint,,mobile
1570164798430,respond,q648,sprint,c,mobile
1570164801159,submit,b648,sprint,,mobile
1570164818226,enter,b1238,sprint,,mobile
1570164837104,respond,q1238,sprint,c,mobile
1570164839781,submit,b1238,sprint,,mobile
1570164862222,enter,b219,sprint,,mobile
1570164880306,respond,q219,sprint,c,mobile
1570164883116,submit,b219,sprint,,mobile
1570164888970,enter,b1138,sprint,,mobile
1570164906961,respond,q1138,sprint,c,mobile
1570164910472,submit,b1138,sprint,,mobile
1570164929667,enter,b1054,sprint,,mobile
1570164938553,respond,q1054,sprint,a,mobile
1570164940979,submit,b1054,sprint,,mobile
1570164997517,enter,b818,sprint,,mobile
1570165015336,respond,q818,sprint,a,mobile
1570165018456,submit,b818,sprint,,mobile
1570165048976,enter,b698,sprint,,mobile
1570165069842,respond,q698,sprint,b,mobile
1570165070667,respond,q698,sprint,a,mobile
1570165071129,respond,q698,sprint,b,mobile
1570165071306,respond,q698,sprint,a,mobile
1570165071508,respond,q698,sprint,b,mobile
1570165071711,respond,q698,sprint,a,mobile
1570165071898,respond,q698,sprint,b,mobile
1570165072117,respond,q698,sprint,a,mobile
1570165072301,respond,q698,sprint,b,mobile
1570165072520,respond,q698,sprint,a,mobile
1570165072960,respond,q698,sprint,b,mobile
1570165073217,respond,q698,sprint,a,mobile
1570165073471,respond,q698,sprint,b,mobile
1570165073673,respond,q698,sprint,a,mobile
1570165074125,respond,q698,sprint,b,mobile
1570165074340,respond,q698,sprint,a,mobile
1570165074710,respond,q698,sprint,b,mobile
1570165075352,respond,q698,sprint,a,mobile
1570165078028,submit,b698,sprint,,mobile
1570165165867,enter,b532,sprint,,mobile
1570165179395,respond,q532,sprint,b,mobile
1570165184540,submit,b532,sprint,,mobile
1570165222465,enter,b1357,sprint,,mobile
1570165233159,respond,q1357,sprint,a,mobile
1570165236247,submit,b1357,sprint,,mobile
1570165267428,enter,b317,sprint,,mobile
1570165276915,respond,q317,sprint,a,mobile
1570165279967,submit,b317,sprint,,mobile
1570165286440,enter,b828,sprint,,mobile
1570165309580,respond,q828,sprint,c,mobile
1570165314906,submit,b828,sprint,,mobile
1570165368306,enter,b678,sprint,,mobile
1570165386952,respond,q678,sprint,b,mobile
1570165389944,submit,b678,sprint,,mobile
1570165402246,enter,b790,sprint,,mobile
1570165416819,respond,q790,sprint,b,mobile
1570165420064,submit,b790,sprint,,mobile
1570165457400,enter,b1055,sprint,,mobile
1570165472720,respond,q1055,sprint,a,mobile
1570165476217,submit,b1055,sprint,,mobile
1570165523849,enter,b237,sprint,,mobile
1570165544011,respond,q237,sprint,c,mobile
1570165547639,submit,b237,sprint,,mobile
1570165575247,enter,b1073,sprint,,mobile
1570165591671,respond,q1073,sprint,c,mobile
1570165595306,submit,b1073,sprint,,mobile
1570165674493,enter,b1552,sprint,,mobile
1570165750269,respond,q1854,sprint,d,mobile
1570165762923,submit,b1552,sprint,,mobile
1570165819026,enter,b1661,sprint,,mobile
1570165886876,respond,q2181,sprint,c,mobile
1570165891560,submit,b1661,sprint,,mobile
1570249106211,enter,b8276,sprint,,mobile
1570249127358,respond,q11223,sprint,b,mobile
1570249131642,submit,b8276,sprint,,mobile
1570249354829,enter,b8258,sprint,,mobile
1570249374758,respond,q11205,sprint,a,mobile
1570249378486,submit,b8258,sprint,,mobile
1570249530493,enter,b8174,sprint,,mobile
1570249553513,respond,q11121,sprint,a,mobile
1570249556654,submit,b8174,sprint,,mobile
1570249741087,enter,b8152,sprint,,mobile
1570249765044,respond,q11099,sprint,c,mobile
1570249774048,respond,q11099,sprint,d,mobile
1570249777432,submit,b8152,sprint,,mobile
1570250058341,enter,b8059,sprint,,mobile
1570250076216,respond,q11006,sprint,c,mobile
1570250080358,respond,q11006,sprint,b,mobile
1570250083367,submit,b8059,sprint,,mobile
1570250248510,enter,b8136,sprint,,mobile
1570250271191,respond,q11083,sprint,a,mobile
1570250274474,submit,b8136,sprint,,mobile
1570250516436,enter,b8158,sprint,,mobile
1570250540906,respond,q11105,sprint,a,mobile
1570250543446,submit,b8158,sprint,,mobile
1570250557576,enter,b8073,sprint,,mobile
1570250579578,respond,q11020,sprint,a,mobile
1570250585145,submit,b8073,sprint,,mobile
1570250695335,enter,b1201,sprint,,mobile
1570250713240,respond,q1201,sprint,c,mobile
1570250715723,submit,b1201,sprint,,mobile
1570250768500,enter,b246,sprint,,mobile
1570250787425,respond,q246,sprint,c,mobile
1570250790531,submit,b246,sprint,,mobile
1570250990895,enter,b448,sprint,,mobile
1570251014770,respond,q448,sprint,b,mobile
1570251017812,submit,b448,sprint,,mobile
1570251370202,enter,b459,sprint,,mobile
1570251389574,respond,q459,sprint,c,mobile
1570251394122,submit,b459,sprint,,mobile
1570251592727,enter,b459,sprint,,mobile
1570251623594,submit,b459,sprint,,mobile
1570251623689,enter,b303,sprint,,mobile
1570251641445,respond,q303,sprint,b,mobile
1570251644536,submit,b303,sprint,,mobile
1570251817892,enter,b579,sprint,,mobile
1570251838477,submit,b579,sprint,,mobile
1570251974258,enter,b579,sprint,,mobile
1570251993246,submit,b579,sprint,,mobile
1570252027996,enter,b8221,sprint,,mobile
1570252050604,respond,q11168,sprint,d,mobile
1570252054846,respond,q11168,sprint,a,mobile
1570252058128,submit,b8221,sprint,,mobile
1570252256721,enter,b8078,sprint,,mobile
1570252283508,respond,q11025,sprint,c,mobile
1570252287871,submit,b8078,sprint,,mobile
1570369199633,enter,b8042,sprint,,mobile
1570369222293,respond,q10989,sprint,b,mobile
1570369225078,submit,b8042,sprint,,mobile
1570369313479,enter,b8042,sprint,,mobile
1570369321137,submit,b8042,sprint,,mobile
1570369335689,enter,b8042,sprint,,mobile
1570369515220,submit,b8042,sprint,,mobile
1570369538656,enter,b8147,sprint,,mobile
1570369559511,respond,q11094,sprint,c,mobile
1570369562507,submit,b8147,sprint,,mobile
1570369815634,enter,b8291,sprint,,mobile
1570369841351,respond,q11238,sprint,c,mobile
1570369850641,respond,q11238,sprint,a,mobile
1570369855775,respond,q11238,sprint,c,mobile
1570369856457,respond,q11238,sprint,a,mobile
1570369861435,submit,b8291,sprint,,mobile
1570370150603,enter,b8082,sprint,,mobile
1570370172948,respond,q11029,sprint,b,mobile
1570370175851,submit,b8082,sprint,,mobile
1570370497575,enter,b430,sprint,,mobile
1570370514046,respond,q430,sprint,a,mobile
1570370516471,respond,q430,sprint,c,mobile
1570370519904,submit,b430,sprint,,mobile
1570370556040,enter,b589,sprint,,mobile
1570370574122,respond,q589,sprint,b,mobile
1570370576957,submit,b589,sprint,,mobile
1570370926198,enter,b560,sprint,,mobile
1570370946603,submit,b560,sprint,,mobile
1570371309808,enter,b376,sprint,,mobile
1570371328416,respond,q376,sprint,c,mobile
1570371330800,submit,b376,sprint,,mobile
1570371528299,enter,b218,sprint,,mobile
1570371547668,respond,q218,sprint,a,mobile
1570371550445,submit,b218,sprint,,mobile
1570371638267,enter,b8268,sprint,,mobile
1570371656563,respond,q11215,sprint,a,mobile
1570371662980,submit,b8268,sprint,,mobile
1570371668076,enter,b8099,sprint,,mobile
1570371690633,respond,q11046,sprint,c,mobile
1570371693921,submit,b8099,sprint,,mobile
1570371859551,enter,b78,sprint,,mobile
1570371885742,submit,b78,sprint,,mobile
1570371921633,enter,b1729,sprint,,mobile
1570372019446,respond,q2385,sprint,d,mobile
1570372023123,submit,b1729,sprint,,mobile
1570372089395,enter,b1478,sprint,,mobile
1570372167397,respond,q1632,sprint,d,mobile
1570372171333,submit,b1478,sprint,,mobile
1570375137148,enter,b1601,sprint,,mobile
1570375217833,respond,q2001,sprint,b,mobile
1570375220984,submit,b1601,sprint,,mobile
1570375298736,enter,b1653,sprint,,mobile
1570375382983,respond,q2157,sprint,b,mobile
1570375389640,submit,b1653,sprint,,mobile
1570375446352,enter,b1495,sprint,,mobile
1570375526824,respond,q1683,sprint,b,mobile
1570375535592,submit,b1495,sprint,,mobile
1570375711436,enter,b1977,sprint,,mobile
1570375782374,respond,q3129,sprint,a,mobile
1570375793712,submit,b1977,sprint,,mobile
1570375798909,enter,b1990,sprint,,mobile
1570375865420,respond,q3168,sprint,a,mobile
1570375868755,submit,b1990,sprint,,mobile
1570376067023,enter,b1828,sprint,,mobile
1570376128860,respond,q2682,sprint,d,mobile
1570376145670,submit,b1828,sprint,,mobile
1570376182577,enter,b2068,sprint,,mobile
1570376248893,respond,q3402,sprint,a,mobile
1570376253573,submit,b2068,sprint,,mobile
1570411351476,enter,b478,sprint,,mobile
1570411376671,respond,q478,sprint,a,mobile
1570411382617,respond,q478,sprint,b,mobile
1570411383005,respond,q478,sprint,c,mobile
1570411383241,respond,q478,sprint,b,mobile
1570411383631,respond,q478,sprint,c,mobile
1570411383883,respond,q478,sprint,b,mobile
1570411385001,respond,q478,sprint,c,mobile
1570411385243,respond,q478,sprint,b,mobile
1570411385469,respond,q478,sprint,c,mobile
1570411385978,respond,q478,sprint,a,mobile
1570411386771,respond,q478,sprint,c,mobile
1570411388229,respond,q478,sprint,b,mobile
1570411392087,submit,b478,sprint,,mobile
1570411396153,enter,b478,sprint,,mobile
1570411412323,respond,q478,sprint,b,mobile
1570411415169,submit,b478,sprint,,mobile
1570411435738,enter,b693,sprint,,mobile
1570411462235,respond,q693,sprint,c,mobile
1570411465360,submit,b693,sprint,,mobile
1570411479305,enter,b1197,sprint,,mobile
1570411492622,respond,q1197,sprint,b,mobile
1570411498769,submit,b1197,sprint,,mobile
1570411554648,enter,b1198,sprint,,mobile
1570411565735,respond,q1198,sprint,a,mobile
1570411570806,submit,b1198,sprint,,mobile
1570411595416,enter,b896,sprint,,mobile
1570411616658,respond,q896,sprint,c,mobile
1570411619593,submit,b896,sprint,,mobile
1570411627868,enter,b667,sprint,,mobile
1570411649511,respond,q667,sprint,c,mobile
1570411655921,submit,b667,sprint,,mobile
1570411693188,enter,b943,sprint,,mobile
1570411710974,respond,q943,sprint,a,mobile
1570411720305,submit,b943,sprint,,mobile
1570411819435,enter,b607,sprint,,mobile
1570411837786,respond,q607,sprint,a,mobile
1570411840635,submit,b607,sprint,,mobile
1570411850266,enter,b506,sprint,,mobile
1570411867218,respond,q506,sprint,b,mobile
1570411871241,submit,b506,sprint,,mobile
1570411876097,enter,b439,sprint,,mobile
1570411894441,respond,q439,sprint,c,mobile
1570411897733,submit,b439,sprint,,mobile
1570411902579,enter,b1262,sprint,,mobile
1570411920135,respond,q1262,sprint,a,mobile
1570411921375,respond,q1262,sprint,c,mobile
1570411927083,submit,b1262,sprint,,mobile
1570411950970,enter,b635,sprint,,mobile
1570411964612,respond,q635,sprint,b,mobile
1570411970206,submit,b635,sprint,,mobile
1570411977872,enter,b304,sprint,,mobile
1570411988501,respond,q304,sprint,a,mobile
1570411997188,submit,b304,sprint,,mobile
1570412005264,enter,b572,sprint,,mobile
1570412024650,respond,q572,sprint,c,mobile
1570412028060,submit,b572,sprint,,mobile
1570412061571,enter,b572,sprint,,mobile
1570412076071,submit,b572,sprint,,mobile
1570412364441,enter,b1211,sprint,,mobile
1570412384328,respond,q1211,sprint,c,mobile
1570412387320,submit,b1211,sprint,,mobile
1570412499969,enter,b276,sprint,,mobile
1570412517482,respond,q276,sprint,b,mobile
1570412519844,submit,b276,sprint,,mobile
1570461764738,enter,b8161,sprint,,mobile
1570461791889,respond,q11108,sprint,d,mobile
1570461795160,submit,b8161,sprint,,mobile
1570462267365,enter,b5645,sprint,,mobile
1570462288107,submit,b5645,sprint,,mobile
1570462288190,enter,b8263,sprint,,mobile
1570462309841,respond,q11210,sprint,c,mobile
1570462312438,submit,b8263,sprint,,mobile
1570462493868,enter,b150,sprint,,mobile
1570462516447,respond,q150,sprint,c,mobile
1570462521710,respond,q150,sprint,d,mobile
1570462524676,submit,b150,sprint,,mobile
1570462600895,enter,b150,sprint,,mobile
1570462697403,submit,b150,sprint,,mobile
1570716396932,enter,b830,sprint,,mobile
1570716413493,respond,q830,sprint,b,mobile
1570716416675,submit,b830,sprint,,mobile
1570716496533,enter,b1089,sprint,,mobile
1570716514681,respond,q1089,sprint,b,mobile
1570716517832,submit,b1089,sprint,,mobile
1570716600884,enter,b424,sprint,,mobile
1570716611576,respond,q424,sprint,a,mobile
1570716614824,submit,b424,sprint,,mobile
1570716625372,enter,b1349,sprint,,mobile
1570716640833,respond,q1349,sprint,c,mobile
1570716644861,submit,b1349,sprint,,mobile
1570716649403,enter,b996,sprint,,mobile
1570716666957,respond,q996,sprint,b,mobile
1570716670407,submit,b996,sprint,,mobile
1570716686157,enter,b330,sprint,,mobile
1570716707198,respond,q330,sprint,c,mobile
1570716709973,submit,b330,sprint,,mobile
1570717022854,enter,b8239,sprint,,mobile
1570717036915,respond,q11186,sprint,b,mobile
1570717045487,submit,b8239,sprint,,mobile
1570717084486,enter,b5653,sprint,,mobile
1570717111352,respond,q8182,sprint,a,mobile
1570717111786,respond,q8182,sprint,b,mobile
1570717112001,respond,q8182,sprint,a,mobile
1570717112222,respond,q8182,sprint,b,mobile
1570717112428,respond,q8182,sprint,a,mobile
1570717112654,respond,q8182,sprint,b,mobile
1570717113171,respond,q8182,sprint,a,mobile
1570717113422,respond,q8182,sprint,b,mobile
1570717113681,respond,q8182,sprint,a,mobile
1570717118710,submit,b5653,sprint,,mobile
1570717128544,enter,b8103,sprint,,mobile
1570717150543,respond,q11050,sprint,a,mobile
1570717153513,submit,b8103,sprint,,mobile
1570717179504,enter,b1465,sprint,,mobile
1570717244988,respond,q1593,sprint,a,mobile
1570717252130,submit,b1465,sprint,,mobile
1570717373698,enter,b1662,sprint,,mobile
1570717444435,respond,q2184,sprint,b,mobile
1570717456191,submit,b1662,sprint,,mobile
1570717506584,enter,b1743,sprint,,mobile
1570717584559,respond,q2427,sprint,a,mobile
1570717589957,submit,b1743,sprint,,mobile
1570717641806,enter,b1524,sprint,,mobile
1570717723495,respond,q1770,sprint,a,mobile
1570717732816,submit,b1524,sprint,,mobile
1570717790932,enter,b1745,sprint,,mobile
1570717862632,respond,q2433,sprint,b,mobile
1570717866614,submit,b1745,sprint,,mobile
1570717912800,enter,b8335,sprint,,mobile
1570717990891,respond,q11311,sprint,c,mobile
1570717993375,respond,q11311,sprint,c,mobile
1570718000978,submit,b8335,sprint,,mobile
1570718055230,enter,b2045,sprint,,mobile
1570718125081,respond,q3333,sprint,c,mobile
1570718131743,submit,b2045,sprint,,mobile
1570876301318,enter,b8233,sprint,,mobile
1570876326604,respond,q11180,sprint,a,mobile
1570876327430,respond,q11180,sprint,d,mobile
1570876328330,respond,q11180,sprint,a,mobile
1570876330857,submit,b8233,sprint,,mobile
1570876448395,enter,b8015,sprint,,mobile
1570876469659,respond,q10962,sprint,b,mobile
1570876472082,submit,b8015,sprint,,mobile
1570876476471,enter,b8114,sprint,,mobile
1570876499622,respond,q11061,sprint,b,mobile
1570876502173,submit,b8114,sprint,,mobile
1570876524811,enter,b158,sprint,,mobile
1570876528564,submit,b158,sprint,,mobile
1570876539821,enter,b931,sprint,,mobile
1570876558415,respond,q931,sprint,c,mobile
1570876561268,submit,b931,sprint,,mobile
1570876586751,enter,b1289,sprint,,mobile
1570876595078,respond,q1289,sprint,a,mobile
1570876605051,respond,q1289,sprint,c,mobile
1570876608396,submit,b1289,sprint,,mobile
1570876678611,enter,b1228,sprint,,mobile
1570876697697,respond,q1228,sprint,a,mobile
1570876700144,submit,b1228,sprint,,mobile
1570876732079,enter,b1390,sprint,,mobile
1570876748954,respond,q1390,sprint,a,mobile
1570876751770,submit,b1390,sprint,,mobile
1570876824425,enter,b399,sprint,,mobile
1570876846441,respond,q399,sprint,a,mobile
1570876849015,submit,b399,sprint,,mobile
1570876995113,enter,b380,sprint,,mobile
1570877016473,respond,q380,sprint,b,mobile
1570877018998,submit,b380,sprint,,mobile
1570877140554,enter,b516,sprint,,mobile
1570877149503,respond,q516,sprint,a,mobile
1570877152532,submit,b516,sprint,,mobile
1570877204541,enter,b918,sprint,,mobile
1570877222276,submit,b918,sprint,,mobile
1570921816155,enter,b1544,sprint,,mobile
1570921894043,respond,q1830,sprint,c,mobile
1570921904670,submit,b1544,sprint,,mobile
1570921966946,enter,b1544,sprint,,mobile
1570921990974,submit,b1544,sprint,,mobile
1570921991052,enter,b1592,sprint,,mobile
1570922058319,respond,q1974,sprint,c,mobile
1570922066334,submit,b1592,sprint,,mobile
1570922843345,enter,b5563,sprint,,mobile
1570922845435,submit,b5563,sprint,,mobile
1570925650722,enter,b5579,sprint,,mobile
1570925676249,submit,b5579,sprint,,mobile
1570925733156,enter,b59,sprint,,mobile
1570925756375,respond,q59,sprint,c,mobile
1570925760172,submit,b59,sprint,,mobile
1570925805952,enter,b8087,sprint,,mobile
1570925840064,respond,q11034,sprint,d,mobile
1570925843846,submit,b8087,sprint,,mobile
1570925902467,enter,b158,sprint,,mobile
1570925925075,respond,q158,sprint,c,mobile
1570925928659,submit,b158,sprint,,mobile
1571014107901,enter,b1660,sprint,,mobile
1571014179358,respond,q2178,sprint,b,mobile
1571014183795,submit,b1660,sprint,,mobile
1571014270993,enter,b1793,sprint,,mobile
1571014349662,respond,q2577,sprint,a,mobile
1571014354367,submit,b1793,sprint,,mobile
1571014406494,enter,b1476,sprint,,mobile
1571014471483,respond,q1626,sprint,c,mobile
1571014478913,respond,q1626,sprint,c,mobile
1571014483525,submit,b1476,sprint,,mobile
1571147566928,enter,b1721,sprint,,mobile
1571147622049,respond,q2361,sprint,d,mobile
1571147626280,submit,b1721,sprint,,mobile
1571147721388,enter,b1748,sprint,,mobile
1571147785961,respond,q2442,sprint,b,mobile
1571147793081,submit,b1748,sprint,,mobile
1571147869595,enter,b1668,sprint,,mobile
1571147936802,respond,q2202,sprint,d,mobile
1571147942625,submit,b1668,sprint,,mobile
1571147997933,enter,b1611,sprint,,mobile
1571148088590,respond,q2031,sprint,d,mobile
1571148093949,respond,q2031,sprint,b,mobile
1571148098335,submit,b1611,sprint,,mobile
1571148199802,enter,b1772,sprint,,mobile
1571148272645,respond,q2514,sprint,a,mobile
1571148285842,submit,b1772,sprint,,mobile
1571148361722,enter,b1915,sprint,,mobile
1571148421278,respond,q2943,sprint,d,mobile
1571148446272,respond,q2943,sprint,d,mobile
1571148451626,submit,b1915,sprint,,mobile
1571381392424,enter,b1342,sprint,,mobile
1571381404333,respond,q1342,sprint,a,mobile
1571381413134,submit,b1342,sprint,,mobile
1571381419186,enter,b1310,sprint,,mobile
1571381432761,respond,q1310,sprint,a,mobile
1571381440758,submit,b1310,sprint,,mobile
1571381450784,enter,b1149,sprint,,mobile
1571381463250,respond,q1149,sprint,b,mobile
1571381466252,submit,b1149,sprint,,mobile
1571381471147,enter,b387,sprint,,mobile
1571381490098,respond,q387,sprint,b,mobile
1571381493977,submit,b387,sprint,,mobile
1571381570065,enter,b1334,sprint,,mobile
1571381588250,respond,q1334,sprint,c,mobile
1571381590851,submit,b1334,sprint,,mobile
1571381628068,enter,b475,sprint,,mobile
1571381650268,respond,q475,sprint,b,mobile
1571381653451,submit,b475,sprint,,mobile
1571381675008,enter,b561,sprint,,mobile
1571381678502,submit,b561,sprint,,mobile
1571810969584,enter,b8106,sprint,,mobile
1571810976683,respond,q11053,sprint,a,mobile
1571811000378,respond,q11053,sprint,b,mobile
1571811004246,submit,b8106,sprint,,mobile
1571811019269,enter,b8240,sprint,,mobile
1571811042215,respond,q11187,sprint,c,mobile
1571811046235,submit,b8240,sprint,,mobile
1571811065793,enter,b8010,sprint,,mobile
1571811096581,submit,b8010,sprint,,mobile
1571811121177,enter,b8130,sprint,,mobile
1571811147651,respond,q11077,sprint,d,mobile
1571811148595,respond,q11077,sprint,b,mobile
1571811151196,submit,b8130,sprint,,mobile
1571811172733,enter,b8003,sprint,,mobile
1571811193848,respond,q10950,sprint,c,mobile
1571811196688,submit,b8003,sprint,,mobile
1571811216793,enter,b166,sprint,,mobile
1571811239077,respond,q166,sprint,c,mobile
1571811243715,submit,b166,sprint,,mobile
1571811371229,enter,b2032,sprint,,mobile
1571811450531,respond,q3294,sprint,a,mobile
1571811455662,submit,b2032,sprint,,mobile
1571811587508,enter,b2032,sprint,,mobile
1571811596085,submit,b2032,sprint,,mobile
1571811596613,enter,b1939,sprint,,mobile
1571811672064,respond,q3015,sprint,c,mobile
1571811678224,submit,b1939,sprint,,mobile
1571811773213,enter,b2003,sprint,,mobile
1571811850041,respond,q3207,sprint,a,mobile
1571811854651,submit,b2003,sprint,,mobile
1571904427681,enter,b8075,sprint,,mobile
1571904431976,respond,q11022,sprint,a,mobile
1571904456183,respond,q11022,sprint,d,mobile
1571904459490,submit,b8075,sprint,,mobile
1571904479682,enter,b11689,sprint,,mobile
1571904519069,respond,q17534,sprint,a,mobile
1571904522056,submit,b11689,sprint,,mobile
1571904542781,enter,b11687,sprint,,mobile
1571904583103,respond,q17532,sprint,b,mobile
1571904585923,submit,b11687,sprint,,mobile
1571904613217,enter,b29,sprint,,mobile
1571904642147,respond,q29,sprint,a,mobile
1571904649929,submit,b29,sprint,,mobile
1571904688267,enter,b11802,sprint,,mobile
1571904721325,submit,b11802,sprint,,mobile
1571904745835,enter,b8186,sprint,,mobile
1571904770278,respond,q11133,sprint,b,mobile
1571904773646,submit,b8186,sprint,,mobile
1571904828641,enter,b11788,sprint,,mobile
1571904865260,submit,b11788,sprint,,mobile
1571904870053,enter,b11788,sprint,,mobile
1571904911193,respond,q17695,sprint,a,mobile
1571904916078,submit,b11788,sprint,,mobile
1571905411282,enter,b11796,sprint,,mobile
1571905477575,respond,q17719,sprint,b,mobile
1571905487366,submit,b11796,sprint,,mobile
1571905579900,enter,b1620,sprint,,mobile
1571905654619,respond,q2058,sprint,c,mobile
1571905658413,submit,b1620,sprint,,mobile
1571907496483,enter,b12104,sprint,,mobile
1571907515091,respond,q18041,sprint,b,mobile
1571907517935,submit,b12104,sprint,,mobile
1571907532638,enter,b12083,sprint,,mobile
1571907549404,respond,q18020,sprint,b,mobile
1571907553162,submit,b12083,sprint,,mobile
1571907558133,enter,b11875,sprint,,mobile
1571907575884,respond,q17812,sprint,c,mobile
1571907578750,submit,b11875,sprint,,mobile
1571907710728,enter,b12058,sprint,,mobile
1571907730324,respond,q17995,sprint,c,mobile
1571907733680,submit,b12058,sprint,,mobile
1571907775725,enter,b12146,sprint,,mobile
1571907794743,respond,q18083,sprint,b,mobile
1571907797697,submit,b12146,sprint,,mobile
1571907844749,enter,b11940,sprint,,mobile
1571907863831,respond,q17877,sprint,a,mobile
1571907867841,submit,b11940,sprint,,mobile
1571907888351,enter,b11998,sprint,,mobile
1571907906366,respond,q17935,sprint,b,mobile
1571907906770,respond,q17935,sprint,c,mobile
1571907909497,submit,b11998,sprint,,mobile
1571907928128,enter,b12177,sprint,,mobile
1571907938927,respond,q18114,sprint,a,mobile
1571907941361,submit,b12177,sprint,,mobile
1571907965979,enter,b11829,sprint,,mobile
1571907982644,respond,q17766,sprint,a,mobile
1571907985277,submit,b11829,sprint,,mobile
1571907995779,enter,b11865,sprint,,mobile
1571908006042,respond,q17802,sprint,a,mobile
1571908011996,submit,b11865,sprint,,mobile
1571908088170,enter,b11839,sprint,,mobile
1571908105140,respond,q17776,sprint,b,mobile
1571908108150,submit,b11839,sprint,,mobile
1571908112219,enter,b12019,sprint,,mobile
1571908132428,submit,b12019,sprint,,mobile
1571908158282,enter,b12054,sprint,,mobile
1571908175173,respond,q17991,sprint,c,mobile
1571908177376,submit,b12054,sprint,,mobile
1571908199468,enter,b11811,sprint,,mobile
1571908217013,respond,q17748,sprint,a,mobile
1571908219663,submit,b11811,sprint,,mobile
1571908274727,enter,b12095,sprint,,mobile
1571908292065,respond,q18032,sprint,a,mobile
1571908294724,submit,b12095,sprint,,mobile
1571908298881,enter,b11898,sprint,,mobile
1571908313443,respond,q17835,sprint,b,mobile
1571908316432,submit,b11898,sprint,,mobile
1571908320706,enter,b12157,sprint,,mobile
1571908338129,respond,q18094,sprint,b,mobile
1571908341309,submit,b12157,sprint,,mobile
1571908350405,enter,b11814,sprint,,mobile
1571908364422,respond,q17751,sprint,a,mobile
1571908369690,submit,b11814,sprint,,mobile
1571994285241,enter,b10,sprint,,mobile
1571994349846,submit,b10,sprint,,mobile
1571994349940,enter,b11801,sprint,,mobile
1571994373059,respond,q17730,sprint,a,mobile
1571994375661,submit,b11801,sprint,,mobile
1571994870047,enter,b177,sprint,,mobile
1571994908593,submit,b177,sprint,,mobile
1571994908710,enter,b135,sprint,,mobile
1571994933310,respond,q135,sprint,b,mobile
1571994935074,respond,q135,sprint,d,mobile
1571994937839,submit,b135,sprint,,mobile
1571995121820,enter,b135,sprint,,mobile
1571995144168,submit,b135,sprint,,mobile
1571995144239,enter,b11800,sprint,,mobile
1571995159401,respond,q17729,sprint,b,mobile
1571995169674,submit,b11800,sprint,,mobile
1571995381690,enter,b11800,sprint,,mobile
1571995419895,submit,b11800,sprint,,mobile
1571995419984,enter,b8264,sprint,,mobile
1571995431934,respond,q11211,sprint,a,mobile
1571995451289,submit,b8264,sprint,,mobile
1571996028646,enter,b190,sprint,,mobile
1571996052697,respond,q190,sprint,b,mobile
1571996055249,submit,b190,sprint,,mobile
1571996086235,enter,b11688,sprint,,mobile
1571996100489,respond,q17533,sprint,b,mobile
1571996103688,submit,b11688,sprint,,mobile
1571996108460,enter,b8031,sprint,,mobile
1571996131732,respond,q10978,sprint,c,mobile
1571996135016,submit,b8031,sprint,,mobile
1571996162079,enter,b8138,sprint,,mobile
1571996185989,respond,q11085,sprint,d,mobile
1571996188783,submit,b8138,sprint,,mobile
1571996251546,enter,b1759,sprint,,mobile
1571996324555,respond,q2475,sprint,d,mobile
1571996333258,submit,b1759,sprint,,mobile
1571996516643,enter,b1759,sprint,,mobile
1571996526662,submit,b1759,sprint,,mobile
1572012541585,enter,b1852,sprint,,mobile
1572012620546,submit,b1852,sprint,,mobile
1572012623242,enter,b1852,sprint,,mobile
1572012662569,respond,q2754,sprint,a,mobile
1572012666636,submit,b1852,sprint,,mobile
1572012821938,enter,b2077,sprint,,mobile
1572012889057,respond,q3429,sprint,a,mobile
1572012895188,submit,b2077,sprint,,mobile
1572086543674,enter,b11878,sprint,,mobile
1572086564445,respond,q17815,sprint,a,mobile
1572086568803,submit,b11878,sprint,,mobile
1572086736570,enter,b12011,sprint,,mobile
1572086756029,respond,q17948,sprint,b,mobile
1572086759293,submit,b12011,sprint,,mobile
1572086765447,enter,b11988,sprint,,mobile
1572086785186,respond,q17925,sprint,b,mobile
1572086788083,submit,b11988,sprint,,mobile
1572086937556,enter,b11864,sprint,,mobile
1572086947269,respond,q17801,sprint,a,mobile
1572086950791,submit,b11864,sprint,,mobile
1572086991214,enter,b12123,sprint,,mobile
1572087003290,respond,q18060,sprint,a,mobile
1572087007719,submit,b12123,sprint,,mobile
1572087044882,enter,b12154,sprint,,mobile
1572087063574,respond,q18091,sprint,c,mobile
1572087066602,submit,b12154,sprint,,mobile
1572087072021,enter,b12182,sprint,,mobile
1572087093863,respond,q18119,sprint,c,mobile
1572087097861,submit,b12182,sprint,,mobile
1572087181596,enter,b12068,sprint,,mobile
1572087192671,respond,q18005,sprint,a,mobile
1572087196052,submit,b12068,sprint,,mobile
1572087200964,enter,b11807,sprint,,mobile
1572087222379,respond,q17744,sprint,b,mobile
1572087227479,submit,b11807,sprint,,mobile
1572087280805,enter,b12114,sprint,,mobile
1572087291844,respond,q18051,sprint,a,mobile
1572087294998,submit,b12114,sprint,,mobile
1572087470522,enter,b11982,sprint,,mobile
1572087487309,respond,q17919,sprint,a,mobile
1572087490136,submit,b11982,sprint,,mobile
1572087520922,enter,b12076,sprint,,mobile
1572087532691,respond,q18013,sprint,a,mobile
1572087536409,submit,b12076,sprint,,mobile
1572087543394,enter,b11918,sprint,,mobile
1572087561663,respond,q17855,sprint,a,mobile
1572087564649,submit,b11918,sprint,,mobile
1572087772386,enter,b12051,sprint,,mobile
1572087791153,submit,b12051,sprint,,mobile
1572089207555,enter,b11797,sprint,,mobile
1572089281549,respond,q17722,sprint,d,mobile
1572089286814,submit,b11797,sprint,,mobile
1572089293460,enter,b1650,sprint,,mobile
1572089362630,respond,q2148,sprint,d,mobile
1572089368136,submit,b1650,sprint,,mobile
1572089427347,enter,b11795,sprint,,mobile
1572089510582,respond,q17716,sprint,a,mobile
1572089514036,submit,b11795,sprint,,mobile
1572089596040,enter,b1529,sprint,,mobile
1572089665882,respond,q1785,sprint,d,mobile
1572089672011,submit,b1529,sprint,,mobile
1572089726230,enter,b1675,sprint,,mobile
1572089781288,respond,q2223,sprint,d,mobile
1572089785889,submit,b1675,sprint,,mobile
1572093462021,enter,b1868,sprint,,mobile
1572093527734,respond,q2802,sprint,d,mobile
1572093534075,submit,b1868,sprint,,mobile
1572093613318,enter,b1868,review,,mobile
1572093617743,submit,b1868,review,,mobile
1572093821183,enter,b1825,sprint,,mobile
1572093874629,respond,q2673,sprint,d,mobile
1572093882629,submit,b1825,sprint,,mobile
1572093888944,enter,b1955,sprint,,mobile
1572093966461,respond,q3063,sprint,c,mobile
1572093971437,submit,b1955,sprint,,mobile
1572094034621,enter,b2110,sprint,,mobile
1572094084599,respond,q3528,sprint,c,mobile
1572094089423,submit,b2110,sprint,,mobile
1572094165898,enter,b2110,sprint,,mobile
1572094196553,submit,b2110,sprint,,mobile
1572094196652,enter,b8323,sprint,,mobile
1572094245569,respond,q11275,sprint,c,mobile
1572094249498,submit,b8323,sprint,,mobile
1572094254704,enter,b1827,sprint,,mobile
1572094321733,respond,q2679,sprint,b,mobile
1572094325888,submit,b1827,sprint,,mobile
1572094395452,enter,b11664,sprint,,mobile
1572094454744,respond,q17462,sprint,b,mobile
1572094458544,submit,b11664,sprint,,mobile
1572094501561,enter,b1923,sprint,,mobile
1572094568960,respond,q2967,sprint,b,mobile
1572094573277,submit,b1923,sprint,,mobile
1572094589931,enter,b8328,sprint,,mobile
1572094677710,respond,q11290,sprint,d,mobile
1572094687768,submit,b8328,sprint,,mobile
1572094717496,enter,b2116,sprint,,mobile
1572094778231,respond,q3546,sprint,b,mobile
1572094783224,submit,b2116,sprint,,mobile
1572094802748,enter,b1902,sprint,,mobile
1572094879038,respond,q2904,sprint,a,mobile
1572094883224,submit,b1902,sprint,,mobile
1572129660662,enter,b5624,sprint,,mobile
1572129681435,respond,q8153,sprint,c,mobile
1572129688004,submit,b5624,sprint,,mobile
1572129693404,enter,b169,sprint,,mobile
1572129710479,respond,q169,sprint,c,mobile
1572129713997,submit,b169,sprint,,mobile
1572130071180,enter,b6,sprint,,mobile
1572130096375,submit,b6,sprint,,mobile
1572362228672,enter,b8256,sprint,,mobile
1572362250686,respond,q11203,sprint,a,mobile
1572362253920,submit,b8256,sprint,,mobile
1572362291246,enter,b170,sprint,,mobile
1572362315296,respond,q170,sprint,b,mobile
1572362318157,submit,b170,sprint,,mobile
1572362347337,enter,b12100,sprint,,mobile
1572362358022,respond,q18037,sprint,a,mobile
1572362361066,submit,b12100,sprint,,mobile
1572362385151,enter,b12188,sprint,,mobile
1572362403730,respond,q18125,sprint,a,mobile
1572362407843,submit,b12188,sprint,,mobile
1572362412197,enter,b12156,sprint,,mobile
1572362430030,respond,q18093,sprint,b,mobile
1572362433366,submit,b12156,sprint,,mobile
1572362490695,enter,b12144,sprint,,mobile
1572362510977,respond,q18081,sprint,c,mobile
1572362513860,submit,b12144,sprint,,mobile
1572362517956,enter,b12031,sprint,,mobile
1572362528612,respond,q17968,sprint,a,mobile
1572362537791,submit,b12031,sprint,,mobile
1572362542074,enter,b11846,sprint,,mobile
1572362563314,submit,b11846,sprint,,mobile
1572362605265,enter,b12160,sprint,,mobile
1572362625036,submit,b12160,sprint,,mobile
1572362629330,enter,b11879,sprint,,mobile
1572362649130,respond,q17816,sprint,b,mobile
1572362652476,submit,b11879,sprint,,mobile
1572362684530,enter,b12134,sprint,,mobile
1572362702633,respond,q18071,sprint,a,mobile
1572362707165,submit,b12134,sprint,,mobile
1572362719462,enter,b11904,sprint,,mobile
1572362736352,respond,q17841,sprint,b,mobile
1572362739901,submit,b11904,sprint,,mobile
1572362744931,enter,b11901,sprint,,mobile
1572362763425,respond,q17838,sprint,b,mobile
1572362766142,submit,b11901,sprint,,mobile
1572362850590,enter,b12092,sprint,,mobile
1572362869231,respond,q18029,sprint,a,mobile
1572362872069,submit,b12092,sprint,,mobile
1572362892680,enter,b1452,sprint,,mobile
1572362964953,respond,q1554,sprint,a,mobile
1572362969319,respond,q1554,sprint,a,mobile
1572362978098,submit,b1452,sprint,,mobile
1572681728615,enter,b8058,sprint,,mobile
1572681743062,respond,q11005,sprint,b,mobile
1572681756530,submit,b8058,sprint,,mobile
1572681899949,enter,b8006,sprint,,mobile
1572681918559,respond,q10953,sprint,c,mobile
1572681921785,submit,b8006,sprint,,mobile
1572785599027,enter,b11741,sprint,,mobile
1572785659484,respond,q17604,sprint,c,mobile
1572785664726,submit,b11741,sprint,,mobile
1572785707118,enter,b11791,sprint,,mobile
1572785776430,respond,q17704,sprint,d,mobile
1572785783323,submit,b11791,sprint,,mobile
1572785834017,enter,b1679,sprint,,mobile
1572785900498,respond,q2235,sprint,b,mobile
1572785904958,submit,b1679,sprint,,mobile
1572785948640,enter,b1707,sprint,,mobile
1572786009005,respond,q2319,sprint,a,mobile
1572786011528,respond,q2319,sprint,a,mobile
1572786016208,submit,b1707,sprint,,mobile
1572786065241,enter,b1512,sprint,,mobile
1572786133546,respond,q1734,sprint,d,mobile
1572786139489,submit,b1512,sprint,,mobile
1572787452743,enter,b1510,sprint,,mobile
1572787533990,respond,q1728,sprint,c,mobile
1572787537454,submit,b1510,sprint,,mobile
1572787665523,enter,b1471,sprint,,mobile
1572787729373,respond,q1611,sprint,c,mobile
1572787738154,submit,b1471,sprint,,mobile
1572787939595,enter,b73,sprint,,mobile
1572787968133,respond,q73,sprint,b,mobile
1572787970971,submit,b73,sprint,,mobile
1572787985571,enter,b8060,sprint,,mobile
1572788002585,respond,q11007,sprint,b,mobile
1572788006590,submit,b8060,sprint,,mobile
1572788011505,enter,b5638,sprint,,mobile
1572788037191,respond,q8167,sprint,c,mobile
1572788039675,submit,b5638,sprint,,mobile
1572788107264,enter,b8110,sprint,,mobile
1572788127920,respond,q11057,sprint,c,mobile
1572788131431,submit,b8110,sprint,,mobile
1572877417987,enter,b85,sprint,,mobile
1572877443914,respond,q85,sprint,d,mobile
1572877447283,submit,b85,sprint,,mobile
1572877512515,enter,b87,sprint,,mobile
1572877529945,respond,q87,sprint,b,mobile
1572877541159,submit,b87,sprint,,mobile
1572877546149,enter,b8246,sprint,,mobile
1572877569371,submit,b8246,sprint,,mobile
1572877573873,enter,b5568,sprint,,mobile
1572877598696,respond,q8097,sprint,a,mobile
1572877601915,submit,b5568,sprint,,mobile
1572877607061,enter,b121,sprint,,mobile
1572877630004,respond,q121,sprint,c,mobile
1572877633380,submit,b121,sprint,,mobile
1572877639592,enter,b8069,sprint,,mobile
1572877654234,respond,q11016,sprint,b,mobile
1572877657938,submit,b8069,sprint,,mobile
1572877673078,enter,b12039,sprint,,mobile
1572877685820,respond,q17976,sprint,b,mobile
1572877688788,submit,b12039,sprint,,mobile
1572877693535,enter,b12155,sprint,,mobile
1572877711386,respond,q18092,sprint,c,mobile
1572877714339,submit,b12155,sprint,,mobile
1572877718308,enter,b11871,sprint,,mobile
1572877731940,respond,q17808,sprint,b,mobile
1572877734363,submit,b11871,sprint,,mobile
1572877739447,enter,b11965,sprint,,mobile
1572877753289,respond,q17902,sprint,b,mobile
1572877755954,submit,b11965,sprint,,mobile
1572877760098,enter,b12107,sprint,,mobile
1572877774967,respond,q18044,sprint,a,mobile
1572877781021,submit,b12107,sprint,,mobile
1572877786200,enter,b11826,sprint,,mobile
1572877798057,respond,q17763,sprint,a,mobile
1572877801381,submit,b11826,sprint,,mobile
1572877805510,enter,b12108,sprint,,mobile
1572877818959,respond,q18045,sprint,b,mobile
1572877822519,submit,b12108,sprint,,mobile
1572877850972,enter,b12028,sprint,,mobile
1572877864934,respond,q17965,sprint,b,mobile
1572877871082,submit,b12028,sprint,,mobile
1572877875729,enter,b11835,sprint,,mobile
1572877897153,submit,b11835,sprint,,mobile
1572877913415,enter,b12082,sprint,,mobile
1572877930324,respond,q18019,sprint,c,mobile
1572877933268,submit,b12082,sprint,,mobile
1572877938263,enter,b12093,sprint,,mobile
1572877952512,respond,q18030,sprint,b,mobile
1572877957683,submit,b12093,sprint,,mobile
1572877962258,enter,b11919,sprint,,mobile
1572877982151,respond,q17856,sprint,a,mobile
1572877986166,submit,b11919,sprint,,mobile
1572877990579,enter,b12164,sprint,,mobile
1572878012157,respond,q18101,sprint,a,mobile
1572878015400,submit,b12164,sprint,,mobile
1572878020322,enter,b11850,sprint,,mobile
1572878039807,respond,q17787,sprint,a,mobile
1572878040869,respond,q17787,sprint,c,mobile
1572878043986,submit,b11850,sprint,,mobile
1572878069159,enter,b11745,sprint,,mobile
1572878130700,respond,q17616,sprint,d,mobile
1572878156703,submit,b11745,sprint,,mobile
1572878167266,enter,b11745,sprint,,mobile
1572878174186,respond,q17616,sprint,d,mobile
1572878178190,submit,b11745,sprint,,mobile
1572878224530,enter,b1460,sprint,,mobile
1572878283265,respond,q1578,sprint,d,mobile
1572878289039,submit,b1460,sprint,,mobile
1572878329376,enter,b1701,sprint,,mobile
1572878405783,respond,q2301,sprint,c,mobile
1572878410626,submit,b1701,sprint,,mobile
1572878478956,enter,b11787,sprint,,mobile
1572878544693,respond,q17692,sprint,c,mobile
1572878546479,respond,q17692,sprint,c,mobile
1572878564940,submit,b11787,sprint,,mobile
1572878574649,enter,b11787,sprint,,mobile
1572878608965,respond,q17692,sprint,d,mobile
1572878613590,submit,b11787,sprint,,mobile
1572878652142,enter,b1454,sprint,,mobile
1572878707304,submit,b1454,sprint,,mobile
1572878737101,enter,b1454,sprint,,mobile
1572878806512,respond,q1560,sprint,b,mobile
1572878812888,respond,q1560,sprint,b,mobile
1572878817064,submit,b1454,sprint,,mobile
1573047907209,enter,b8049,sprint,,mobile
1573047933820,respond,q10996,sprint,d,mobile
1573047936412,respond,q10996,sprint,c,mobile
1573047945064,respond,q10996,sprint,d,mobile
1573047948396,submit,b8049,sprint,,mobile
1573047971569,enter,b5602,sprint,,mobile
1573047998286,respond,q8131,sprint,d,mobile
1573048001673,submit,b5602,sprint,,mobile
1573048026377,enter,b8206,sprint,,mobile
1573048051712,respond,q11153,sprint,d,mobile
1573048054968,submit,b8206,sprint,,mobile
1573048064275,enter,b5627,sprint,,mobile
1573048087320,respond,q8156,sprint,a,mobile
1573048090445,submit,b5627,sprint,,mobile
1573048097870,enter,b8215,sprint,,mobile
1573048121726,respond,q11162,sprint,c,mobile
1573048126136,submit,b8215,sprint,,mobile
1573048139234,enter,b55,sprint,,mobile
1573048162821,respond,q55,sprint,d,mobile
1573048165944,submit,b55,sprint,,mobile
1573048183020,enter,b11949,sprint,,mobile
1573048196378,respond,q17886,sprint,b,mobile
1573048201972,submit,b11949,sprint,,mobile
1573048205863,enter,b12148,sprint,,mobile
1573048222520,respond,q18085,sprint,b,mobile
1573048225226,submit,b12148,sprint,,mobile
1573048229730,enter,b12159,sprint,,mobile
1573048244968,respond,q18096,sprint,b,mobile
1573048247646,submit,b12159,sprint,,mobile
1573048252751,enter,b12048,sprint,,mobile
1573048265874,respond,q17985,sprint,b,mobile
1573048268538,submit,b12048,sprint,,mobile
1573048274730,enter,b11974,sprint,,mobile
1573048286400,respond,q17911,sprint,a,mobile
1573048295199,submit,b11974,sprint,,mobile
1573048299973,enter,b12003,sprint,,mobile
1573048318900,respond,q17940,sprint,c,mobile
1573048322095,submit,b12003,sprint,,mobile
1573048326852,enter,b11920,sprint,,mobile
1573048344908,respond,q17857,sprint,b,mobile
1573048349126,submit,b11920,sprint,,mobile
1573048392457,enter,b11930,sprint,,mobile
1573048413305,submit,b11930,sprint,,mobile
1573048444014,enter,b12138,sprint,,mobile
1573048459392,respond,q18075,sprint,b,mobile
1573048464342,submit,b12138,sprint,,mobile
1573048468437,enter,b12131,sprint,,mobile
1573048491169,submit,b12131,sprint,,mobile
1573048554555,enter,b11924,sprint,,mobile
1573048573438,respond,q17861,sprint,b,mobile
1573048576933,submit,b11924,sprint,,mobile
1573048676001,enter,b1640,sprint,,mobile
1573048740895,respond,q2118,sprint,c,mobile
1573048745718,submit,b1640,sprint,,mobile
1573048788597,enter,b1557,sprint,,mobile
1573048873522,respond,q1869,sprint,c,mobile
1573048878589,submit,b1557,sprint,,mobile
1573135239489,enter,b11739,sprint,,mobile
1573135300422,respond,q17598,sprint,a,mobile
1573135308375,submit,b11739,sprint,,mobile
1573135353748,enter,b1536,sprint,,mobile
1573135430131,respond,q1806,sprint,c,mobile
1573135440716,submit,b1536,sprint,,mobile
1573135517102,enter,b1686,sprint,,mobile
1573135587155,respond,q2256,sprint,c,mobile
1573135592304,submit,b1686,sprint,,mobile
1573135763676,enter,b1670,sprint,,mobile
1573135831790,respond,q2208,sprint,a,mobile
1573135837525,respond,q2208,sprint,a,mobile
1573135841856,submit,b1670,sprint,,mobile
1573135882159,enter,b1472,sprint,,mobile
1573135964223,respond,q1614,sprint,b,mobile
1573135971070,submit,b1472,sprint,,mobile
1573136049981,enter,b8333,sprint,,mobile
1573136125517,respond,q11305,sprint,d,mobile
1573136129686,submit,b8333,sprint,,mobile
1573136345019,enter,b1864,sprint,,mobile
1573136426777,respond,q2790,sprint,b,mobile
1573136431967,submit,b1864,sprint,,mobile
1573136524728,enter,b1979,sprint,,mobile
1573136599559,respond,q3135,sprint,b,mobile
1573136603949,submit,b1979,sprint,,mobile
1573136803042,enter,b11784,sprint,,mobile
1573136867396,respond,q17683,sprint,c,mobile
1573136873844,submit,b11784,sprint,,mobile
1573137044232,enter,b2005,sprint,,mobile
1573137106516,respond,q3213,sprint,b,mobile
1573137114014,submit,b2005,sprint,,mobile
1573137361573,enter,b1903,sprint,,mobile
1573137430802,respond,q2907,sprint,d,mobile
1573137436934,submit,b1903,sprint,,mobile
1573137744672,enter,b5685,sprint,,mobile
1573138080271,respond,q8226,sprint,c,mobile
1573138092725,submit,b5685,sprint,,mobile
1573213121846,enter,b1505,sprint,,mobile
1573213196854,respond,q1713,sprint,a,mobile
1573213202041,submit,b1505,sprint,,mobile
1573213425298,enter,b1687,sprint,,mobile
1573213492350,respond,q2259,sprint,b,mobile
1573213499871,submit,b1687,sprint,,mobile
1573213657329,enter,b11793,sprint,,mobile
1573213731900,respond,q17710,sprint,c,mobile
1573213740850,respond,q17710,sprint,d,mobile
1573213745521,submit,b11793,sprint,,mobile
1573214036130,enter,b1737,sprint,,mobile
1573214107284,respond,q2409,sprint,c,mobile
1573214113285,respond,q2409,sprint,c,mobile
1573214118208,submit,b1737,sprint,,mobile
1573214174977,enter,b1702,sprint,,mobile
1573214250031,respond,q2304,sprint,d,mobile
1573214258043,submit,b1702,sprint,,mobile
1573214306824,enter,b1678,sprint,,mobile
1573214368952,respond,q2232,sprint,a,mobile
1573214372920,submit,b1678,sprint,,mobile
1573214414266,enter,b1716,sprint,,mobile
1573214470328,respond,q2346,sprint,b,mobile
1573214474304,submit,b1716,sprint,,mobile
1573214489547,enter,b1623,sprint,,mobile
1573214556353,respond,q2067,sprint,a,mobile
1573214571188,respond,q2067,sprint,c,mobile
1573214575024,respond,q2067,sprint,a,mobile
1573214578959,submit,b1623,sprint,,mobile
1573214679896,enter,b1576,sprint,,mobile
1573214767716,respond,q1926,sprint,c,mobile
1573214773311,submit,b1576,sprint,,mobile
1573214834010,enter,b1473,sprint,,mobile
1573214912813,respond,q1617,sprint,a,mobile
1573214920813,submit,b1473,sprint,,mobile
1573214981364,enter,b11671,sprint,,mobile
1573215049429,respond,q17483,sprint,b,mobile
1573215052862,submit,b11671,sprint,,mobile
1573307207400,enter,b2125,sprint,,mobile
1573307262631,respond,q3573,sprint,d,mobile
1573307267990,respond,q3573,sprint,a,mobile
1573307272271,submit,b2125,sprint,,mobile
1573307316280,enter,b1975,sprint,,mobile
1573307380290,respond,q3123,sprint,d,mobile
1573307384415,submit,b1975,sprint,,mobile
1573307429335,enter,b1900,sprint,,mobile
1573307485256,respond,q2898,sprint,b,mobile
1573307490478,submit,b1900,sprint,,mobile
1573307535920,enter,b2101,sprint,,mobile
1573307594617,respond,q3501,sprint,d,mobile
1573307608549,submit,b2101,sprint,,mobile
1573307656836,enter,b2080,sprint,,mobile
1573307728026,respond,q3438,sprint,d,mobile
1573307732639,submit,b2080,sprint,,mobile
1573337350367,enter,b5591,sprint,,mobile
1573337363183,respond,q8120,sprint,a,mobile
1573337376048,submit,b5591,sprint,,mobile
1573337383385,enter,b8176,sprint,,mobile
1573337397800,respond,q11123,sprint,b,mobile
1573337407676,submit,b8176,sprint,,mobile
1573337520085,enter,b8248,sprint,,mobile
1573337547044,submit,b8248,sprint,,mobile
1573566661801,enter,b90,sprint,,mobile
1573566672473,respond,q90,sprint,a,mobile
1573566689291,submit,b90,sprint,,mobile
1573566729847,enter,b5576,sprint,,mobile
1573566751245,respond,q8105,sprint,a,mobile
1573566754672,submit,b5576,sprint,,mobile
1573566773861,enter,b8301,sprint,,mobile
1573566796893,respond,q11248,sprint,a,mobile
1573566799892,submit,b8301,sprint,,mobile
1573566805027,enter,b8175,sprint,,mobile
1573566820089,respond,q11122,sprint,b,mobile
1573566829565,submit,b8175,sprint,,mobile
1573566845128,enter,b11863,sprint,,mobile
1573566862223,respond,q17800,sprint,b,mobile
1573566863157,respond,q17800,sprint,c,mobile
1573566866407,submit,b11863,sprint,,mobile
1573566870895,enter,b11869,sprint,,mobile
1573566890432,respond,q17806,sprint,b,mobile
1573566893470,submit,b11869,sprint,,mobile
1573566953539,enter,b12143,sprint,,mobile
1573566968574,respond,q18080,sprint,b,mobile
1573566974083,submit,b12143,sprint,,mobile
1573566977710,enter,b12110,sprint,,mobile
1573566988355,respond,q18047,sprint,a,mobile
1573566991855,submit,b12110,sprint,,mobile
1573566996112,enter,b11944,sprint,,mobile
1573567013875,respond,q17881,sprint,b,mobile
1573567017490,submit,b11944,sprint,,mobile
1573567021894,enter,b11989,sprint,,mobile
1573567040745,respond,q17926,sprint,c,mobile
1573567043546,submit,b11989,sprint,,mobile
1573567047690,enter,b11881,sprint,,mobile
1573567068145,respond,q17818,sprint,a,mobile
1573567071097,submit,b11881,sprint,,mobile
1573567076231,enter,b12174,sprint,,mobile
1573567087886,respond,q18111,sprint,a,mobile
1573567090483,submit,b12174,sprint,,mobile
1573567094663,enter,b11957,sprint,,mobile
1573567112924,respond,q17894,sprint,a,mobile
1573567116172,submit,b11957,sprint,,mobile
1573567120671,enter,b11925,sprint,,mobile
1573567140195,respond,q17862,sprint,b,mobile
1573567143011,submit,b11925,sprint,,mobile
1573567175314,enter,b12191,sprint,,mobile
1573567189897,respond,q18128,sprint,b,mobile
1573567193085,submit,b12191,sprint,,mobile
1573567214733,enter,b12089,sprint,,mobile
1573567232737,respond,q18026,sprint,b,mobile
1573567235736,submit,b12089,sprint,,mobile
1573567253765,enter,b11742,sprint,,mobile
1573567312140,respond,q17607,sprint,d,mobile
1573567319450,submit,b11742,sprint,,mobile
1573567465751,enter,b1532,sprint,,mobile
1573567545013,respond,q1794,sprint,b,mobile
1573567554759,submit,b1532,sprint,,mobile
1573567664629,enter,b1612,sprint,,mobile
1573567742933,respond,q2034,sprint,b,mobile
1573567750152,submit,b1612,sprint,,mobile
1573567798702,enter,b1542,sprint,,mobile
1573567856929,respond,q1824,sprint,a,mobile
1573567861709,submit,b1542,sprint,,mobile
1573567899224,enter,b1580,sprint,,mobile
1573567954416,respond,q1938,sprint,a,mobile
1573567958875,submit,b1580,sprint,,mobile
1573567983646,enter,b2021,sprint,,mobile
1573568057337,respond,q3261,sprint,d,mobile
1573568064494,submit,b2021,sprint,,mobile
1574249724635,enter,b5552,sprint,,mobile
1574249736986,respond,q8081,sprint,a,mobile
1574249754263,submit,b5552,sprint,,mobile
1574250037406,enter,b5552,sprint,,mobile
1574250133189,submit,b5552,sprint,,mobile
1574250133295,enter,b8241,sprint,,mobile
1574250147105,respond,q11188,sprint,b,mobile
1574250158224,submit,b8241,sprint,,mobile
1574250312698,enter,b8241,sprint,,mobile
1574250348634,submit,b8241,sprint,,mobile
1574510873102,enter,b1752,sprint,,mobile
1574510942439,respond,q2454,sprint,d,mobile
1574510943704,respond,q2454,sprint,d,mobile
1574510944820,respond,q2454,sprint,d,mobile
1574510951711,submit,b1752,sprint,,mobile
1574511056197,enter,b11790,sprint,,mobile
1574511125871,respond,q17701,sprint,b,mobile
1574511134537,submit,b11790,sprint,,mobile
1574511215573,enter,b1796,sprint,,mobile
1574511285793,respond,q2586,sprint,a,mobile
1574511290220,submit,b1796,sprint,,mobile
1574511373967,enter,b1625,sprint,,mobile
1574511384242,submit,b1625,sprint,,mobile
1574511438668,enter,b1625,sprint,,mobile
1574511518735,respond,q2073,sprint,c,mobile
1574511523595,submit,b1625,sprint,,mobile
1574511594118,enter,b1404,sprint,,mobile
1574511655051,respond,q1410,sprint,c,mobile
1574511657740,respond,q1410,sprint,c,mobile
1574511662428,submit,b1404,sprint,,mobile
1574511736680,enter,b2031,sprint,,mobile
1574511805205,respond,q3291,sprint,d,mobile
1574511810402,submit,b2031,sprint,,mobile
1574516293688,enter,b1873,sprint,,mobile
1574516354135,respond,q2817,sprint,a,mobile
1574516361653,submit,b1873,sprint,,mobile
1574516448861,enter,b1829,sprint,,mobile
1574516523571,respond,q2685,sprint,d,mobile
1574516530389,submit,b1829,sprint,,mobile
1574516667316,enter,b1946,sprint,,mobile
1574516745401,respond,q3036,sprint,a,mobile
1574516751376,submit,b1946,sprint,,mobile
1574516885816,enter,b1946,sprint,,mobile
1574517129957,submit,b1946,sprint,,mobile
1574517130095,enter,b2131,sprint,,mobile
1574517201675,respond,q3591,sprint,d,mobile
1574517208489,submit,b2131,sprint,,mobile
1574517378062,enter,b2078,sprint,,mobile
1574517442705,respond,q3432,sprint,a,mobile
1574517449227,submit,b2078,sprint,,mobile
1574547285300,enter,b5652,sprint,,mobile
1574547310375,respond,q8181,sprint,b,mobile
1574547313578,submit,b5652,sprint,,mobile
1574547340298,enter,b8260,sprint,,mobile
1574547358634,respond,q11207,sprint,c,mobile
1574547364038,submit,b8260,sprint,,mobile
1574547368714,enter,b5562,sprint,,mobile
1574547393165,respond,q8091,sprint,a,mobile
1574547396392,submit,b5562,sprint,,mobile
1574547443656,enter,b8251,sprint,,mobile
1574547466260,respond,q11198,sprint,a,mobile
1574547469192,submit,b8251,sprint,,mobile
1574547473655,enter,b5545,sprint,,mobile
1574547492797,respond,q8074,sprint,c,mobile
1574547501758,submit,b5545,sprint,,mobile
1574550732203,enter,b1436,sprint,,mobile
1574550803444,respond,q1506,sprint,a,mobile
1574550809685,submit,b1436,sprint,,mobile
1574550868559,enter,b1695,sprint,,mobile
1574550951522,respond,q2283,sprint,d,mobile
1574550955851,submit,b1695,sprint,,mobile
