timestamp,action_type,item_id,source,user_answer,platform
1565226342118,enter,b2720,diagnosis,,mobile
1565226384757,respond,q4188,diagnosis,a,mobile
1565226391838,respond,q4188,diagnosis,d,mobile
1565226407346,respond,q4188,diagnosis,a,mobile
1565226413409,submit,b2720,diagnosis,,mobile
1565226413531,enter,b775,diagnosis,,mobile
1565226440181,respond,q775,diagnosis,a,mobile
1565226453429,submit,b775,diagnosis,,mobile
1565226453488,enter,b3327,diagnosis,,mobile
1565226543814,respond,q4795,diagnosis,c,mobile
1565226549405,respond,q4795,diagnosis,a,mobile
1565226550425,respond,q4795,diagnosis,b,mobile
1565226551397,respond,q4795,diagnosis,d,mobile
1565226552114,respond,q4795,diagnosis,b,mobile
1565226558295,submit,b3327,diagnosis,,mobile
1565226558369,enter,b4079,diagnosis,,mobile
1565226589388,respond,q5547,diagnosis,c,mobile
1565226595985,submit,b4079,diagnosis,,mobile
1565226596083,enter,b1301,diagnosis,,mobile
1565226617038,respond,q1301,diagnosis,a,mobile
1565226621386,submit,b1301,diagnosis,,mobile
1565226621478,enter,b291,diagnosis,,mobile
1565226637790,respond,q291,diagnosis,b,mobile
1565226641243,submit,b291,diagnosis,,mobile
1565226641336,enter,b963,diagnosis,,mobile
1565226668304,respond,q963,diagnosis,a,mobile
1565226672662,submit,b963,diagnosis,,mobile
1565226891490,enter,b2232,adaptive_offer,,mobile
1565226910656,respond,q3700,adaptive_offer,a,mobile
1565226918432,submit,b2232,adaptive_offer,,mobile
1565226934145,enter,b2224,adaptive_offer,,mobile
1565226989817,respond,q3692,adaptive_offer,a,mobile
1565226992432,submit,b2224,adaptive_offer,,mobile
1565227012171,enter,b5029,sprint,,mobile
1565227061377,respond,q6497,sprint,a,mobile
1565227065977,submit,b5029,sprint,,mobile
1565227076476,enter,b3799,sprint,,mobile
1565227109819,respond,q5267,sprint,c,mobile
1565227135733,submit,b3799,sprint,,mobile
1565227152458,enter,b2517,sprint,,mobile
1565227172705,respond,q3985,sprint,d,mobile
1565227185858,submit,b2517,sprint,,mobile
1565227191251,enter,b7520,sprint,,mobile
1565227214166,respond,q10169,sprint,b,mobile
1565227228114,submit,b7520,sprint,,mobile
1565227233478,enter,b2271,sprint,,mobile
1565227268034,respond,q3739,sprint,a,mobile
1565227271492,submit,b2271,sprint,,mobile
1565227281900,enter,b4865,sprint,,mobile
1565227313307,respond,q6333,sprint,b,mobile
1565227345839,submit,b4865,sprint,,mobile
1565227366071,enter,b5030,sprint,,mobile
1565227393191,respond,q6498,sprint,d,mobile
1565227404604,submit,b5030,sprint,,mobile
1565227412145,enter,b11531,sprint,,mobile
1565227444193,respond,q17294,sprint,d,mobile
1565227462461,submit,b11531,sprint,,mobile
1565227471126,enter,b3308,sprint,,mobile
1565227481379,respond,q4776,sprint,a,mobile
1565227496835,respond,q4776,sprint,c,mobile
1565227514991,submit,b3308,sprint,,mobile
1565227521669,enter,b5130,sprint,,mobile
1565227591408,respond,q6724,sprint,b,mobile
1565227594771,respond,q6724,sprint,a,mobile
1565227596962,respond,q6724,sprint,b,mobile
1565227603537,respond,q6724,sprint,a,mobile
1565227604239,respond,q6724,sprint,b,mobile
1565227609930,submit,b5130,sprint,,mobile
