timestamp,action_type,item_id,source,user_answer,platform
1567070083791,enter,b5839,diagnosis,,mobile
1567070097327,respond,q8488,diagnosis,a,mobile
1567070105083,submit,b5839,diagnosis,,mobile
1567070150609,enter,b7363,diagnosis,,mobile
1567070152427,respond,q10012,diagnosis,b,mobile
1567070162226,submit,b7363,diagnosis,,mobile
1567070162338,enter,b6931,diagnosis,,mobile
1567070170102,respond,q9580,diagnosis,c,mobile
1567070176044,submit,b6931,diagnosis,,mobile
1567070176197,enter,b3787,diagnosis,,mobile
1567070183928,respond,q5255,diagnosis,a,mobile
1567070189573,submit,b3787,diagnosis,,mobile
1567070189688,enter,b326,diagnosis,,mobile
1567070202485,respond,q326,diagnosis,a,mobile
1567070212324,submit,b326,diagnosis,,mobile
1567070212448,enter,b1071,diagnosis,,mobile
1567070216822,respond,q1071,diagnosis,c,mobile
1567070223421,submit,b1071,diagnosis,,mobile
1567070223531,enter,b297,diagnosis,,mobile
1567070225908,respond,q297,diagnosis,a,mobile
1567070229529,submit,b297,diagnosis,,mobile
1567070289214,enter,b297,diagnosis,,mobile
1567070296078,respond,q297,diagnosis,b,mobile
1567070306426,respond,q297,diagnosis,a,mobile
1567070329093,submit,b297,diagnosis,,mobile
