timestamp,action_type,item_id,source,user_answer,platform
1569293408371,enter,b4098,diagnosis,,mobile
1569293459205,respond,q5566,diagnosis,d,mobile
1569293464889,submit,b4098,diagnosis,,mobile
1569293464981,enter,b4670,diagnosis,,mobile
1569293544984,respond,q6138,diagnosis,d,mobile
1569293549348,submit,b4670,diagnosis,,mobile
1569293549442,enter,b326,diagnosis,,mobile
1569293574018,respond,q326,diagnosis,b,mobile
1569293581260,submit,b326,diagnosis,,mobile
1569293581337,enter,b3595,diagnosis,,mobile
1569293616999,respond,q5063,diagnosis,d,mobile
1569293629410,submit,b3595,diagnosis,,mobile
1569293629494,enter,b406,diagnosis,,mobile
1569293655069,respond,q406,diagnosis,a,mobile
1569293658871,submit,b406,diagnosis,,mobile
1569293658947,enter,b307,diagnosis,,mobile
1569293678750,respond,q307,diagnosis,c,mobile
1569293682669,submit,b307,diagnosis,,mobile
1569293682767,enter,b1301,diagnosis,,mobile
1569293702048,respond,q1301,diagnosis,b,mobile
1569293710084,submit,b1301,diagnosis,,mobile
1569293876706,enter,b943,sprint,,mobile
1569293897736,respond,q943,sprint,b,mobile
1569293901686,submit,b943,sprint,,mobile
1569294017241,enter,b1299,sprint,,mobile
1569294034817,respond,q1299,sprint,b,mobile
1569294037893,submit,b1299,sprint,,mobile
1569294078768,enter,b647,sprint,,mobile
1569294099002,respond,q647,sprint,c,mobile
1569294102589,submit,b647,sprint,,mobile
1569294141943,enter,b8316,sprint,,mobile
1569294161462,respond,q11263,sprint,b,mobile
1569294163815,submit,b8316,sprint,,mobile
1569294219174,enter,b463,sprint,,mobile
1569294239120,respond,q463,sprint,c,mobile
1569294242834,submit,b463,sprint,,mobile
1569294293496,enter,b497,sprint,,mobile
1569294314729,respond,q497,sprint,b,mobile
1569294317848,submit,b497,sprint,,mobile
1569294363363,enter,b679,sprint,,mobile
1569294379031,respond,q679,sprint,a,mobile
1569294383184,submit,b679,sprint,,mobile
1569294412932,enter,b8314,sprint,,mobile
1569294435693,respond,q11261,sprint,c,mobile
1569294438796,submit,b8314,sprint,,mobile
1569294522476,enter,b1072,sprint,,mobile
1569294539280,respond,q1072,sprint,a,mobile
1569294542447,submit,b1072,sprint,,mobile
1569294571289,enter,b694,sprint,,mobile
1569294594113,respond,q694,sprint,b,mobile
1569294597528,submit,b694,sprint,,mobile
1569294742248,enter,b2845,sprint,,mobile
1569294773219,respond,q4313,sprint,a,mobile
1569294776621,submit,b2845,sprint,,mobile
1569294822358,enter,b2721,sprint,,mobile
1569294827360,respond,q4189,sprint,a,mobile
1569294829051,respond,q4189,sprint,b,mobile
1569294836195,respond,q4189,sprint,c,mobile
1569294839227,submit,b2721,sprint,,mobile
1569294863357,enter,b3921,sprint,,mobile
1569294890342,respond,q5389,sprint,c,mobile
1569294893744,submit,b3921,sprint,,mobile
1569294916144,enter,b11370,sprint,,mobile
1569294962506,respond,q17133,sprint,d,mobile
1569294965925,submit,b11370,sprint,,mobile
1569294995891,enter,b4760,sprint,,mobile
1569295042772,respond,q6228,sprint,b,mobile
1569295045766,submit,b4760,sprint,,mobile
1569295122282,enter,b3031,sprint,,mobile
1569295185489,respond,q4499,sprint,c,mobile
1569295196834,submit,b3031,sprint,,mobile
1569295337151,enter,b4702,sprint,,mobile
1569295394779,respond,q6170,sprint,c,mobile
1569295398200,submit,b4702,sprint,,mobile
1569295445047,enter,b6692,sprint,,mobile
1569295511251,respond,q9341,sprint,b,mobile
1569295514505,submit,b6692,sprint,,mobile
1569295536038,enter,b3955,sprint,,mobile
1569295571988,respond,q5423,sprint,d,mobile
1569295578114,submit,b3955,sprint,,mobile
1569295626627,enter,b3845,sprint,,mobile
1569295698862,respond,q5313,sprint,d,mobile
1569295702595,submit,b3845,sprint,,mobile
1569385881272,enter,b3285,sprint,,mobile
1569385922043,respond,q4753,sprint,a,mobile
1569385925350,submit,b3285,sprint,,mobile
1569385950657,enter,b5765,sprint,,mobile
1569386046196,respond,q8414,sprint,a,mobile
1569386050611,respond,q8414,sprint,c,mobile
1569386056388,submit,b5765,sprint,,mobile
1569386095017,enter,b2645,sprint,,mobile
1569386135536,respond,q4113,sprint,b,mobile
1569386179971,submit,b2645,sprint,,mobile
1569386221952,enter,b11290,sprint,,mobile
1569386272803,respond,q17053,sprint,b,mobile
1569386276104,submit,b11290,sprint,,mobile
1569386338093,enter,b3816,sprint,,mobile
1569386420916,respond,q5284,sprint,c,mobile
1569386424087,submit,b3816,sprint,,mobile
1569386541780,enter,b6972,sprint,,mobile
1569386584372,respond,q9621,sprint,b,mobile
1569386587349,submit,b6972,sprint,,mobile
1569386597235,enter,b4719,sprint,,mobile
1569386660157,respond,q6187,sprint,b,mobile
1569386713860,submit,b4719,sprint,,mobile
1569386772433,enter,b6890,sprint,,mobile
1569386864613,respond,q9539,sprint,b,mobile
1569386872896,submit,b6890,sprint,,mobile
1569387014212,enter,b3580,sprint,,mobile
1569387028511,respond,q5048,sprint,a,mobile
1569387036934,submit,b3580,sprint,,mobile
1569387069701,enter,b6953,sprint,,mobile
1569387110390,respond,q9602,sprint,b,mobile
1569387113984,submit,b6953,sprint,,mobile
1569387143423,enter,b2393,sprint,,mobile
1569387180113,respond,q3861,sprint,d,mobile
1569387183965,submit,b2393,sprint,,mobile
1569387333013,enter,b5943,sprint,,mobile
1569387383474,respond,q8592,sprint,a,mobile
1569387386576,submit,b5943,sprint,,mobile
1569387462580,enter,b3790,sprint,,mobile
1569387556357,respond,q5258,sprint,c,mobile
1569387559897,submit,b3790,sprint,,mobile
1569387650574,enter,b5027,sprint,,mobile
1569387695538,respond,q6495,sprint,a,mobile
1569387700580,submit,b5027,sprint,,mobile
1569387739493,enter,b3006,sprint,,mobile
1569387889240,respond,q4474,sprint,a,mobile
1569387893274,submit,b3006,sprint,,mobile
1569388090917,enter,b5535,sprint,,mobile
1569388113941,respond,q8064,sprint,c,mobile
1569388117409,submit,b5535,sprint,,mobile
1569388157471,enter,b118,sprint,,mobile
1569388187696,respond,q118,sprint,d,mobile
1569388191328,submit,b118,sprint,,mobile
1569388413527,enter,b5598,sprint,,mobile
1569388469397,respond,q8127,sprint,c,mobile
1569388472801,submit,b5598,sprint,,mobile
1569388512961,enter,b137,sprint,,mobile
1569388554658,respond,q137,sprint,c,mobile
1569388558525,submit,b137,sprint,,mobile
1569388613147,enter,b5613,sprint,,mobile
1569388644139,respond,q8142,sprint,b,mobile
1569388653273,submit,b5613,sprint,,mobile
1569388811038,enter,b112,sprint,,mobile
1569388837858,respond,q112,sprint,b,mobile
1569388842190,submit,b112,sprint,,mobile
1569388886927,enter,b38,sprint,,mobile
1569388911605,respond,q38,sprint,a,mobile
1569388916884,submit,b38,sprint,,mobile
1569388944130,enter,b5532,sprint,,mobile
1569388976015,respond,q8061,sprint,b,mobile
1569388979060,submit,b5532,sprint,,mobile
1569389107432,enter,b103,sprint,,mobile
1569389149357,respond,q103,sprint,d,mobile
1569389152779,submit,b103,sprint,,mobile
1569389206075,enter,b5568,sprint,,mobile
1569389231896,respond,q8097,sprint,d,mobile
1569389235535,submit,b5568,sprint,,mobile
1569389271266,enter,b72,sprint,,mobile
1569389304041,respond,q72,sprint,a,mobile
1569389307277,submit,b72,sprint,,mobile
1569390313413,enter,b912,sprint,,mobile
1569390333687,respond,q912,sprint,c,mobile
1569390336600,submit,b912,sprint,,mobile
1569390362374,enter,b992,sprint,,mobile
1569390382172,respond,q992,sprint,c,mobile
1569390385866,submit,b992,sprint,,mobile
1569390414167,enter,b737,sprint,,mobile
1569390433383,respond,q737,sprint,c,mobile
1569390436621,submit,b737,sprint,,mobile
1569390471260,enter,b295,sprint,,mobile
1569390488552,respond,q295,sprint,c,mobile
1569390491638,submit,b295,sprint,,mobile
1569390541530,enter,b927,sprint,,mobile
1569390560275,respond,q927,sprint,c,mobile
1569390563737,submit,b927,sprint,,mobile
1569390596276,enter,b1232,sprint,,mobile
1569390619726,respond,q1232,sprint,a,mobile
1569390623230,submit,b1232,sprint,,mobile
1569390657159,enter,b225,sprint,,mobile
1569390680825,respond,q225,sprint,c,mobile
1569390684487,submit,b225,sprint,,mobile
1569390732391,enter,b8302,sprint,,mobile
1569390756444,respond,q11249,sprint,b,mobile
1569390759772,submit,b8302,sprint,,mobile
1569390793936,enter,b1045,sprint,,mobile
1569390816756,respond,q1045,sprint,b,mobile
1569390819634,submit,b1045,sprint,,mobile
1569390849525,enter,b1360,sprint,,mobile
1569390878906,respond,q1360,sprint,b,mobile
1569390881878,submit,b1360,sprint,,mobile
1569390906228,enter,b199,sprint,,mobile
1569390926872,respond,q199,sprint,b,mobile
1569390929887,submit,b199,sprint,,mobile
1569390954176,enter,b8315,sprint,,mobile
1569390973299,respond,q11262,sprint,b,mobile
1569390975736,submit,b8315,sprint,,mobile
1569391009207,enter,b890,sprint,,mobile
1569391027356,respond,q890,sprint,a,mobile
1569391031132,submit,b890,sprint,,mobile
1569391060335,enter,b905,sprint,,mobile
1569391081895,respond,q905,sprint,c,mobile
1569391084964,submit,b905,sprint,,mobile
1569391114521,enter,b205,sprint,,mobile
1569391133808,respond,q205,sprint,a,mobile
1569391137238,submit,b205,sprint,,mobile
1569391158941,enter,b8312,sprint,,mobile
1569391180318,respond,q11259,sprint,b,mobile
1569391183806,submit,b8312,sprint,,mobile
1569391302618,enter,b6858,sprint,,mobile
1569391340194,respond,q9507,sprint,a,mobile
1569391344825,submit,b6858,sprint,,mobile
1569391377832,enter,b2366,sprint,,mobile
1569391411960,respond,q3834,sprint,d,mobile
1569391415536,submit,b2366,sprint,,mobile
1569391446280,enter,b5036,sprint,,mobile
1569391457901,respond,q6504,sprint,b,mobile
1569391467089,submit,b5036,sprint,,mobile
1569391486698,enter,b2435,sprint,,mobile
1569391529281,respond,q3903,sprint,b,mobile
1569391530150,respond,q3903,sprint,d,mobile
1569391533716,submit,b2435,sprint,,mobile
1569391580041,enter,b6060,sprint,,mobile
1569391610805,respond,q8709,sprint,d,mobile
1569391616286,submit,b6060,sprint,,mobile
1569391650491,enter,b4199,sprint,,mobile
1569391674205,respond,q5667,sprint,b,mobile
1569391679444,submit,b4199,sprint,,mobile
1569391757737,enter,b5112,sprint,,mobile
1569392046548,respond,q6664,sprint,d,mobile
1569392058000,submit,b5112,sprint,,mobile
1569392138206,enter,b5190,sprint,,mobile
1569392380542,respond,q6855,sprint,d,mobile
1569392389226,submit,b5190,sprint,,mobile
1569450888129,enter,b8156,sprint,,mobile
1569450915493,respond,q11103,sprint,d,mobile
1569450922125,submit,b8156,sprint,,mobile
1569450955180,enter,b154,sprint,,mobile
1569450972813,respond,q154,sprint,b,mobile
1569450990753,submit,b154,sprint,,mobile
1569451028149,enter,b74,sprint,,mobile
1569451040415,respond,q74,sprint,a,mobile
1569451055003,submit,b74,sprint,,mobile
1569451079490,enter,b81,sprint,,mobile
1569451107720,respond,q81,sprint,b,mobile
1569451110856,submit,b81,sprint,,mobile
1569451150167,enter,b8103,sprint,,mobile
1569451172201,respond,q11050,sprint,a,mobile
1569451175575,submit,b8103,sprint,,mobile
1569451242385,enter,b1004,sprint,,mobile
1569451262147,respond,q1004,sprint,b,mobile
1569451265409,submit,b1004,sprint,,mobile
1569451317056,enter,b1287,sprint,,mobile
1569451337154,respond,q1287,sprint,a,mobile
1569451341675,submit,b1287,sprint,,mobile
1569451394550,enter,b686,sprint,,mobile
1569451414435,respond,q686,sprint,b,mobile
1569451417605,submit,b686,sprint,,mobile
1569451441961,enter,b674,sprint,,mobile
1569451460013,respond,q674,sprint,c,mobile
1569451463965,submit,b674,sprint,,mobile
1569451503960,enter,b755,sprint,,mobile
1569451535077,respond,q755,sprint,c,mobile
1569451538254,submit,b755,sprint,,mobile
1569451573143,enter,b289,sprint,,mobile
1569451590707,respond,q289,sprint,a,mobile
1569451593917,submit,b289,sprint,,mobile
1569451643150,enter,b819,sprint,,mobile
1569451666438,respond,q819,sprint,a,mobile
1569451667355,respond,q819,sprint,c,mobile
1569451667868,respond,q819,sprint,a,mobile
1569451668222,respond,q819,sprint,c,mobile
1569451668560,respond,q819,sprint,a,mobile
1569451669372,respond,q819,sprint,c,mobile
1569451670396,respond,q819,sprint,a,mobile
1569451672810,respond,q819,sprint,c,mobile
1569451673979,respond,q819,sprint,a,mobile
1569451674698,respond,q819,sprint,c,mobile
1569451684322,submit,b819,sprint,,mobile
1569451727299,enter,b929,sprint,,mobile
1569451755704,respond,q929,sprint,b,mobile
1569451759047,submit,b929,sprint,,mobile
1569451796697,enter,b355,sprint,,mobile
1569451813458,respond,q355,sprint,c,mobile
1569451816537,submit,b355,sprint,,mobile
1569451852140,enter,b1148,sprint,,mobile
1569451866699,respond,q1148,sprint,b,mobile
1569451869651,submit,b1148,sprint,,mobile
1569542837414,enter,b1005,sprint,,mobile
1569542855522,respond,q1005,sprint,a,mobile
1569542859165,submit,b1005,sprint,,mobile
1569542906211,enter,b931,sprint,,mobile
1569542930830,respond,q931,sprint,a,mobile
1569542938802,submit,b931,sprint,,mobile
1569542974898,enter,b263,sprint,,mobile
1569543003870,respond,q263,sprint,b,mobile
1569543006948,submit,b263,sprint,,mobile
1569543036668,enter,b453,sprint,,mobile
1569543051538,respond,q453,sprint,b,mobile
1569543054513,submit,b453,sprint,,mobile
1569543073633,enter,b640,sprint,,mobile
1569543094731,respond,q640,sprint,c,mobile
1569543101341,submit,b640,sprint,,mobile
1569543135220,enter,b1110,sprint,,mobile
1569543160114,respond,q1110,sprint,b,mobile
1569543164283,submit,b1110,sprint,,mobile
1569543202249,enter,b1345,sprint,,mobile
1569543228417,respond,q1345,sprint,b,mobile
1569543231835,submit,b1345,sprint,,mobile
1569543276509,enter,b484,sprint,,mobile
1569543296992,respond,q484,sprint,a,mobile
1569543301076,submit,b484,sprint,,mobile
1569543327942,enter,b1203,sprint,,mobile
1569543345692,respond,q1203,sprint,a,mobile
1569543348652,submit,b1203,sprint,,mobile
1569543385866,enter,b449,sprint,,mobile
1569543400444,respond,q449,sprint,b,mobile
1569543405132,submit,b449,sprint,,mobile
1569543464674,enter,b1061,sprint,,mobile
1569543482072,respond,q1061,sprint,b,mobile
1569543490472,submit,b1061,sprint,,mobile
1569543517013,enter,b390,sprint,,mobile
1569543535583,respond,q390,sprint,c,mobile
1569543538720,submit,b390,sprint,,mobile
1569543562811,enter,b569,sprint,,mobile
1569543573545,respond,q569,sprint,a,mobile
1569543588545,submit,b569,sprint,,mobile
1569543611959,enter,b1093,sprint,,mobile
1569543628995,respond,q1093,sprint,b,mobile
1569543632235,submit,b1093,sprint,,mobile
1569543656257,enter,b1364,sprint,,mobile
1569543683141,respond,q1364,sprint,b,mobile
1569543687107,submit,b1364,sprint,,mobile
1569543715934,enter,b917,sprint,,mobile
1569543726754,respond,q917,sprint,a,mobile
1569543735195,submit,b917,sprint,,mobile
1569543755860,enter,b269,sprint,,mobile
1569543772643,respond,q269,sprint,b,mobile
1569543778949,respond,q269,sprint,c,mobile
1569543782138,submit,b269,sprint,,mobile
1569543806069,enter,b1340,sprint,,mobile
1569543825396,respond,q1340,sprint,a,mobile
1569543828570,submit,b1340,sprint,,mobile
1569543857527,enter,b197,sprint,,mobile
1569543868193,respond,q197,sprint,a,mobile
1569543878111,submit,b197,sprint,,mobile
1569543899854,enter,b492,sprint,,mobile
1569543917116,respond,q492,sprint,a,mobile
1569543921034,submit,b492,sprint,,mobile
1569543967596,enter,b484,adaptive_offer,,mobile
1569543984281,respond,q484,adaptive_offer,c,mobile
1569543987371,submit,b484,adaptive_offer,,mobile
1569544012081,enter,b1364,adaptive_offer,,mobile
1569544031241,respond,q1364,adaptive_offer,a,mobile
1569544034425,submit,b1364,adaptive_offer,,mobile
1569544251232,enter,b4461,sprint,,mobile
1569544264929,respond,q5929,sprint,c,mobile
1569544285663,respond,q5929,sprint,a,mobile
1569544294482,respond,q5929,sprint,d,mobile
1569544304470,submit,b4461,sprint,,mobile
1569544352350,enter,b7255,sprint,,mobile
1569544473871,respond,q9904,sprint,b,mobile
1569544474707,respond,q9904,sprint,c,mobile
1569544476131,respond,q9904,sprint,b,mobile
1569544477235,respond,q9904,sprint,c,mobile
1569544485350,submit,b7255,sprint,,mobile
1569544522011,enter,b6963,sprint,,mobile
1569544568663,respond,q9612,sprint,b,mobile
1569544576051,respond,q9612,sprint,a,mobile
1569544591739,submit,b6963,sprint,,mobile
1569544649497,enter,b4214,sprint,,mobile
1569544713478,respond,q5682,sprint,c,mobile
1569544738380,submit,b4214,sprint,,mobile
1569544823510,enter,b3003,sprint,,mobile
1569544884097,respond,q4471,sprint,c,mobile
1569544887974,submit,b3003,sprint,,mobile
1569544937687,enter,b7351,sprint,,mobile
1569545004674,respond,q10000,sprint,b,mobile
1569545009664,submit,b7351,sprint,,mobile
1569545083546,enter,b2515,sprint,,mobile
1569545122072,respond,q3983,sprint,c,mobile
1569545126675,submit,b2515,sprint,,mobile
1569545145700,enter,b2829,sprint,,mobile
1569545197370,respond,q4297,sprint,c,mobile
1569545213044,submit,b2829,sprint,,mobile
1569545231925,enter,b4304,sprint,,mobile
1569545237031,respond,q5772,sprint,d,mobile
1569545264342,submit,b4304,sprint,,mobile
1569545313842,enter,b7490,sprint,,mobile
1569545372163,respond,q10139,sprint,b,mobile
1569545385344,submit,b7490,sprint,,mobile
1569631998322,enter,b245,sprint,,mobile
1569632015435,respond,q245,sprint,b,mobile
1569632018594,submit,b245,sprint,,mobile
1569632053326,enter,b1165,sprint,,mobile
1569632073843,respond,q1165,sprint,c,mobile
1569632077797,submit,b1165,sprint,,mobile
1569632106246,enter,b1343,sprint,,mobile
1569632124135,respond,q1343,sprint,c,mobile
1569632127106,submit,b1343,sprint,,mobile
1569632156936,enter,b408,sprint,,mobile
1569632179826,respond,q408,sprint,c,mobile
1569632183196,submit,b408,sprint,,mobile
1569632210447,enter,b952,sprint,,mobile
1569632219624,respond,q952,sprint,a,mobile
1569632228964,submit,b952,sprint,,mobile
1569632264600,enter,b776,sprint,,mobile
1569632290685,respond,q776,sprint,c,mobile
1569632294153,submit,b776,sprint,,mobile
1569632322713,enter,b1334,sprint,,mobile
1569632342918,respond,q1334,sprint,a,mobile
1569632346174,submit,b1334,sprint,,mobile
1569632374828,enter,b996,sprint,,mobile
1569632394363,respond,q996,sprint,a,mobile
1569632397540,submit,b996,sprint,,mobile
1569632423144,enter,b1291,sprint,,mobile
1569632444843,respond,q1291,sprint,c,mobile
1569632447770,submit,b1291,sprint,,mobile
1569632486855,enter,b778,sprint,,mobile
1569632500036,respond,q778,sprint,a,mobile
1569632506967,submit,b778,sprint,,mobile
1569632565032,enter,b4180,sprint,,mobile
1569632570385,respond,q5648,sprint,c,mobile
1569632602852,respond,q5648,sprint,b,mobile
1569632618306,submit,b4180,sprint,,mobile
1569632675133,enter,b4047,sprint,,mobile
1569632719691,respond,q5515,sprint,d,mobile
1569632724068,submit,b4047,sprint,,mobile
1570256533575,enter,b4538,sprint,,mobile
1570256558691,respond,q6006,sprint,a,mobile
1570256567110,submit,b4538,sprint,,mobile
1570256580471,enter,b3821,sprint,,mobile
1570256616296,respond,q5289,sprint,b,mobile
1570256620688,submit,b3821,sprint,,mobile
1570256725538,enter,b3412,sprint,,mobile
1570256747653,respond,q4880,sprint,c,mobile
1570256753810,submit,b3412,sprint,,mobile
1570256771004,enter,b2700,sprint,,mobile
1570256816320,respond,q4168,sprint,c,mobile
1570256839273,submit,b2700,sprint,,mobile
1570256888561,enter,b2690,sprint,,mobile
1570256920273,respond,q4158,sprint,c,mobile
1570256934618,submit,b2690,sprint,,mobile
1570256960765,enter,b4209,sprint,,mobile
1570257035346,respond,q5677,sprint,b,mobile
1570257039570,submit,b4209,sprint,,mobile
1570257083933,enter,b2693,sprint,,mobile
1570257116623,respond,q4161,sprint,a,mobile
1570257119788,submit,b2693,sprint,,mobile
1570257142641,enter,b2314,sprint,,mobile
1570257178767,respond,q3782,sprint,b,mobile
1570257182471,submit,b2314,sprint,,mobile
1570257236149,enter,b4215,sprint,,mobile
1570257297449,respond,q5683,sprint,b,mobile
1570257301468,submit,b4215,sprint,,mobile
1570257342830,enter,b7172,sprint,,mobile
1570257365371,respond,q9821,sprint,a,mobile
1570257376125,submit,b7172,sprint,,mobile
1570257416467,enter,b11515,sprint,,mobile
1570257459590,respond,q17278,sprint,b,mobile
1570257461998,submit,b11515,sprint,,mobile
1570257495366,enter,b6691,sprint,,mobile
1570257524728,respond,q9340,sprint,d,mobile
1570257527309,submit,b6691,sprint,,mobile
1570257541568,enter,b6761,sprint,,mobile
1570257566304,respond,q9410,sprint,c,mobile
1570257588337,submit,b6761,sprint,,mobile
1570257632420,enter,b4188,sprint,,mobile
1570257678376,respond,q5656,sprint,d,mobile
1570257681839,submit,b4188,sprint,,mobile
1570257729596,enter,b4023,sprint,,mobile
1570257742961,respond,q5491,sprint,a,mobile
1570257745654,submit,b4023,sprint,,mobile
1570257761297,enter,b4715,sprint,,mobile
1570257786223,respond,q6183,sprint,c,mobile
1570257794965,submit,b4715,sprint,,mobile
1570257857798,enter,b2852,sprint,,mobile
1570257892340,respond,q4320,sprint,d,mobile
1570257902184,submit,b2852,sprint,,mobile
1570257934275,enter,b7169,sprint,,mobile
1570257995734,respond,q9818,sprint,c,mobile
1570257999144,submit,b7169,sprint,,mobile
1570258061188,enter,b653,sprint,,mobile
1570258081943,respond,q653,sprint,b,mobile
1570258085316,submit,b653,sprint,,mobile
1570258119295,enter,b683,sprint,,mobile
1570258135777,respond,q683,sprint,b,mobile
1570258138812,submit,b683,sprint,,mobile
1570258178404,enter,b703,sprint,,mobile
1570258197528,respond,q703,sprint,c,mobile
1570258200773,submit,b703,sprint,,mobile
1570258238084,enter,b200,sprint,,mobile
1570258264275,respond,q200,sprint,c,mobile
1570258267253,submit,b200,sprint,,mobile
1570258296745,enter,b880,sprint,,mobile
1570258314103,respond,q880,sprint,a,mobile
1570258317111,submit,b880,sprint,,mobile
1570258340663,enter,b650,sprint,,mobile
1570258359949,respond,q650,sprint,b,mobile
1570258363377,submit,b650,sprint,,mobile
1570258387457,enter,b231,sprint,,mobile
1570258402425,respond,q231,sprint,c,mobile
1570258406739,submit,b231,sprint,,mobile
1570258448601,enter,b878,sprint,,mobile
1570258467316,respond,q878,sprint,a,mobile
1570258469890,submit,b878,sprint,,mobile
1570258515857,enter,b1066,sprint,,mobile
1570258537681,respond,q1066,sprint,b,mobile
1570258540682,submit,b1066,sprint,,mobile
1570258556380,enter,b576,sprint,,mobile
1570258577143,respond,q576,sprint,a,mobile
1570258580883,submit,b576,sprint,,mobile
1570324913962,enter,b4312,sprint,,mobile
1570324970767,respond,q5780,sprint,a,mobile
1570324974845,submit,b4312,sprint,,mobile
1570325017220,enter,b6951,sprint,,mobile
1570325054914,respond,q9600,sprint,b,mobile
1570325057501,submit,b6951,sprint,,mobile
1570325078901,enter,b3092,sprint,,mobile
1570325110003,respond,q4560,sprint,c,mobile
1570325113516,submit,b3092,sprint,,mobile
1570325143144,enter,b3291,sprint,,mobile
1570325169209,respond,q4759,sprint,a,mobile
1570325173832,submit,b3291,sprint,,mobile
1570325194657,enter,b5920,sprint,,mobile
1570325239969,respond,q8569,sprint,b,mobile
1570325243513,submit,b5920,sprint,,mobile
1570325258836,enter,b4278,sprint,,mobile
1570325278079,respond,q5746,sprint,b,mobile
1570325284121,respond,q5746,sprint,c,mobile
1570325299435,respond,q5746,sprint,d,mobile
1570325313686,submit,b4278,sprint,,mobile
1570325420128,enter,b4707,sprint,,mobile
1570325495412,respond,q6175,sprint,b,mobile
1570325499753,submit,b4707,sprint,,mobile
1570325549899,enter,b2220,sprint,,mobile
1570325577644,respond,q3688,sprint,d,mobile
1570325581335,submit,b2220,sprint,,mobile
1570325617856,enter,b7162,sprint,,mobile
1570325636010,respond,q9811,sprint,a,mobile
1570325660938,submit,b7162,sprint,,mobile
1570325789358,enter,b3261,sprint,,mobile
1570325823232,respond,q4729,sprint,c,mobile
1570325826446,submit,b3261,sprint,,mobile
1570325970967,enter,b1254,sprint,,mobile
1570325990549,respond,q1254,sprint,b,mobile
1570325993511,submit,b1254,sprint,,mobile
1570326102055,enter,b1254,sprint,,mobile
1570326123220,submit,b1254,sprint,,mobile
1570326123312,enter,b1026,sprint,,mobile
1570326143265,respond,q1026,sprint,a,mobile
1570326146639,submit,b1026,sprint,,mobile
1570326225242,enter,b881,sprint,,mobile
1570326240708,respond,q881,sprint,b,mobile
1570326247914,submit,b881,sprint,,mobile
1570326295332,enter,b568,sprint,,mobile
1570326317720,respond,q568,sprint,c,mobile
1570326321610,submit,b568,sprint,,mobile
1570326359228,enter,b296,sprint,,mobile
1570326377434,respond,q296,sprint,c,mobile
1570326380414,submit,b296,sprint,,mobile
1570326402199,enter,b1178,sprint,,mobile
1570326419500,respond,q1178,sprint,c,mobile
1570326422164,submit,b1178,sprint,,mobile
1570326456058,enter,b813,sprint,,mobile
1570326474514,respond,q813,sprint,b,mobile
1570326477771,submit,b813,sprint,,mobile
1570326505312,enter,b975,sprint,,mobile
1570326522889,respond,q975,sprint,b,mobile
1570326525653,submit,b975,sprint,,mobile
1570326580981,enter,b301,sprint,,mobile
1570326598877,respond,q301,sprint,b,mobile
1570326601816,submit,b301,sprint,,mobile
1570326649269,enter,b743,sprint,,mobile
1570326665688,respond,q743,sprint,b,mobile
1570326668848,submit,b743,sprint,,mobile
1570421951863,enter,b3345,sprint,,mobile
1570421958702,respond,q4813,sprint,b,mobile
1570421961635,submit,b3345,sprint,,mobile
1570421970359,enter,b2663,sprint,,mobile
1570422006053,respond,q4131,sprint,c,mobile
1570422013608,submit,b2663,sprint,,mobile
1570422031748,enter,b4792,sprint,,mobile
1570422050914,respond,q6260,sprint,a,mobile
1570422054045,submit,b4792,sprint,,mobile
1570422097910,enter,b5793,sprint,,mobile
1570422148859,respond,q8442,sprint,d,mobile
1570422151556,submit,b5793,sprint,,mobile
1570422175725,enter,b3286,sprint,,mobile
1570422210455,respond,q4754,sprint,a,mobile
1570422213717,submit,b3286,sprint,,mobile
1570422236106,enter,b7126,sprint,,mobile
1570422250480,respond,q9775,sprint,b,mobile
1570422253780,submit,b7126,sprint,,mobile
1570422300768,enter,b7131,sprint,,mobile
1570422349438,respond,q9780,sprint,b,mobile
1570422353047,submit,b7131,sprint,,mobile
1570422397720,enter,b7245,sprint,,mobile
1570422424965,respond,q9894,sprint,b,mobile
1570422428965,submit,b7245,sprint,,mobile
1570422441617,enter,b6185,sprint,,mobile
1570422482440,respond,q8834,sprint,a,mobile
1570422485855,submit,b6185,sprint,,mobile
1570422533950,enter,b11400,sprint,,mobile
1570422541491,respond,q17163,sprint,d,mobile
1570422545557,submit,b11400,sprint,,mobile
1570422683517,enter,b1185,sprint,,mobile
1570422694101,respond,q1185,sprint,a,mobile
1570422705814,submit,b1185,sprint,,mobile
1570422744609,enter,b486,sprint,,mobile
1570422760935,respond,q486,sprint,b,mobile
1570422766764,submit,b486,sprint,,mobile
1570422787732,enter,b638,sprint,,mobile
1570422806560,respond,q638,sprint,b,mobile
1570422810137,submit,b638,sprint,,mobile
1570422855576,enter,b754,sprint,,mobile
1570422876447,respond,q754,sprint,c,mobile
1570422879276,submit,b754,sprint,,mobile
1570422915447,enter,b1283,sprint,,mobile
1570422936348,respond,q1283,sprint,b,mobile
1570422939583,submit,b1283,sprint,,mobile
1570422966549,enter,b1321,sprint,,mobile
1570422977304,respond,q1321,sprint,a,mobile
1570422987229,submit,b1321,sprint,,mobile
1570423009014,enter,b475,sprint,,mobile
1570423034630,respond,q475,sprint,b,mobile
1570423037966,submit,b475,sprint,,mobile
1570423086052,enter,b997,sprint,,mobile
1570423101094,respond,q997,sprint,b,mobile
1570423108217,submit,b997,sprint,,mobile
1570423148704,enter,b549,sprint,,mobile
1570423169934,respond,q549,sprint,b,mobile
1570423179420,submit,b549,sprint,,mobile
1570423220630,enter,b664,sprint,,mobile
1570423232495,respond,q664,sprint,a,mobile
1570423241407,submit,b664,sprint,,mobile
1570487954581,enter,b3090,sprint,,mobile
1570487996202,respond,q4558,sprint,a,mobile
1570488006323,submit,b3090,sprint,,mobile
1570488050156,enter,b2187,sprint,,mobile
1570488091144,respond,q3655,sprint,b,mobile
1570488095097,submit,b2187,sprint,,mobile
1570488126746,enter,b2497,sprint,,mobile
1570488161972,respond,q3965,sprint,c,mobile
1570488165483,submit,b2497,sprint,,mobile
1570488197752,enter,b3002,sprint,,mobile
1570488224533,respond,q4470,sprint,a,mobile
1570488229371,submit,b3002,sprint,,mobile
1570488319860,enter,b6754,sprint,,mobile
1570488324917,respond,q9403,sprint,b,mobile
1570488329362,submit,b6754,sprint,,mobile
1570488375641,enter,b11482,sprint,,mobile
1570488414246,respond,q17245,sprint,d,mobile
1570488417763,submit,b11482,sprint,,mobile
1570488461419,enter,b4303,sprint,,mobile
1570488498360,respond,q5771,sprint,d,mobile
1570488504275,submit,b4303,sprint,,mobile
1570488577095,enter,b3695,sprint,,mobile
1570488641629,respond,q5163,sprint,b,mobile
1570488644679,submit,b3695,sprint,,mobile
1570488682294,enter,b2470,sprint,,mobile
1570488730057,respond,q3938,sprint,b,mobile
1570488732993,submit,b2470,sprint,,mobile
1570488796078,enter,b2737,sprint,,mobile
1570488830454,respond,q4205,sprint,d,mobile
1570488840726,submit,b2737,sprint,,mobile
1570488931298,enter,b579,sprint,,mobile
1570488957007,respond,q579,sprint,c,mobile
1570488960651,submit,b579,sprint,,mobile
1570489009078,enter,b735,sprint,,mobile
1570489032353,respond,q735,sprint,c,mobile
1570489035345,submit,b735,sprint,,mobile
1570489083299,enter,b1193,sprint,,mobile
1570489098188,respond,q1193,sprint,b,mobile
1570489101259,respond,q1193,sprint,c,mobile
1570489106256,respond,q1193,sprint,a,mobile
1570489109360,submit,b1193,sprint,,mobile
1570489141074,enter,b1167,sprint,,mobile
1570489163216,respond,q1167,sprint,b,mobile
1570489166228,submit,b1167,sprint,,mobile
1570489192154,enter,b577,sprint,,mobile
1570489207101,respond,q577,sprint,b,mobile
1570489212837,submit,b577,sprint,,mobile
1570489278519,enter,b400,sprint,,mobile
1570489304566,respond,q400,sprint,a,mobile
1570489307693,submit,b400,sprint,,mobile
1570489357082,enter,b1097,sprint,,mobile
1570489370854,respond,q1097,sprint,b,mobile
1570489377502,submit,b1097,sprint,,mobile
1570489424463,enter,b1400,sprint,,mobile
1570489438966,respond,q1400,sprint,a,mobile
1570489446322,submit,b1400,sprint,,mobile
1570489490300,enter,b936,sprint,,mobile
1570489504124,respond,q936,sprint,b,mobile
1570489520896,submit,b936,sprint,,mobile
1570489572233,enter,b1303,sprint,,mobile
1570489598723,respond,q1303,sprint,a,mobile
1570489602924,submit,b1303,sprint,,mobile
1570575275334,enter,b11569,sprint,,mobile
1570575313130,respond,q17332,sprint,c,mobile
1570575316564,submit,b11569,sprint,,mobile
1570575328171,enter,b4545,sprint,,mobile
1570575341219,respond,q6013,sprint,a,mobile
1570575345861,submit,b4545,sprint,,mobile
1570575362939,enter,b3424,sprint,,mobile
1570575392756,respond,q4892,sprint,b,mobile
1570575396332,submit,b3424,sprint,,mobile
1570575413596,enter,b5731,sprint,,mobile
1570575420022,respond,q8380,sprint,c,mobile
1570575430084,submit,b5731,sprint,,mobile
1570575443344,enter,b6202,sprint,,mobile
1570575464760,respond,q8851,sprint,c,mobile
1570575490129,submit,b6202,sprint,,mobile
1570575514694,enter,b4193,sprint,,mobile
1570575560656,respond,q5661,sprint,c,mobile
1570575563713,submit,b4193,sprint,,mobile
1570575610516,enter,b6190,sprint,,mobile
1570575632313,respond,q8839,sprint,c,mobile
1570575633042,respond,q8839,sprint,b,mobile
1570575637161,submit,b6190,sprint,,mobile
1570575660538,enter,b4671,sprint,,mobile
1570575675355,respond,q6139,sprint,b,mobile
1570575679333,submit,b4671,sprint,,mobile
1570575692263,enter,b4742,sprint,,mobile
1570575698615,respond,q6210,sprint,a,mobile
1570575703088,submit,b4742,sprint,,mobile
1570575720827,enter,b5951,sprint,,mobile
1570575744812,respond,q8600,sprint,d,mobile
1570575750374,submit,b5951,sprint,,mobile
1570575824248,enter,b1111,sprint,,mobile
1570575843458,respond,q1111,sprint,a,mobile
1570575846639,submit,b1111,sprint,,mobile
1570575882212,enter,b1121,sprint,,mobile
1570575898210,respond,q1121,sprint,b,mobile
1570575903958,submit,b1121,sprint,,mobile
1570575935910,enter,b658,sprint,,mobile
1570575954874,respond,q658,sprint,b,mobile
1570575961122,submit,b658,sprint,,mobile
1570575987781,enter,b712,sprint,,mobile
1570576005277,respond,q712,sprint,c,mobile
1570576008676,submit,b712,sprint,,mobile
1570576030033,enter,b362,sprint,,mobile
1570576052361,respond,q362,sprint,c,mobile
1570576055719,submit,b362,sprint,,mobile
1570576089028,enter,b385,sprint,,mobile
1570576103760,respond,q385,sprint,b,mobile
1570576113290,submit,b385,sprint,,mobile
1570576140277,enter,b1371,sprint,,mobile
1570576158751,respond,q1371,sprint,b,mobile
1570576162867,submit,b1371,sprint,,mobile
1570576182932,enter,b901,sprint,,mobile
1570576200082,respond,q901,sprint,b,mobile
1570576203253,submit,b901,sprint,,mobile
1570576225623,enter,b313,sprint,,mobile
1570576241553,respond,q313,sprint,c,mobile
1570576244616,submit,b313,sprint,,mobile
1570576273426,enter,b913,sprint,,mobile
1570576284778,respond,q913,sprint,a,mobile
1570576292645,submit,b913,sprint,,mobile
1570660360952,enter,b4505,sprint,,mobile
1570660378438,respond,q5973,sprint,c,mobile
1570660385451,submit,b4505,sprint,,mobile
1570660425866,enter,b2883,sprint,,mobile
1570660456239,respond,q4351,sprint,b,mobile
1570660462791,respond,q4351,sprint,d,mobile
1570660468171,submit,b2883,sprint,,mobile
1570660518205,enter,b3077,sprint,,mobile
1570660548219,respond,q4545,sprint,c,mobile
1570660554960,submit,b3077,sprint,,mobile
1570660613839,enter,b2298,sprint,,mobile
1570660619628,respond,q3766,sprint,b,mobile
1570660620414,respond,q3766,sprint,c,mobile
1570660620916,respond,q3766,sprint,b,mobile
1570660621772,respond,q3766,sprint,c,mobile
1570660654548,respond,q3766,sprint,b,mobile
1570660658177,submit,b2298,sprint,,mobile
1570660685334,enter,b3642,sprint,,mobile
1570660732841,respond,q5110,sprint,a,mobile
1570660735917,submit,b3642,sprint,,mobile
1570660785193,enter,b2969,sprint,,mobile
1570660801527,respond,q4437,sprint,d,mobile
1570660810131,submit,b2969,sprint,,mobile
1570660924780,enter,b3910,sprint,,mobile
1570660948589,respond,q5378,sprint,d,mobile
1570660951839,submit,b3910,sprint,,mobile
1570660998387,enter,b3853,sprint,,mobile
1570661020676,respond,q5321,sprint,b,mobile
1570661031623,submit,b3853,sprint,,mobile
1570661199680,enter,b3721,sprint,,mobile
1570661248883,respond,q5189,sprint,b,mobile
1570661252076,submit,b3721,sprint,,mobile
1570661311563,enter,b11554,sprint,,mobile
1570661345252,respond,q17317,sprint,a,mobile
1570661373193,submit,b11554,sprint,,mobile
1570661484099,enter,b278,sprint,,mobile
1570661504500,respond,q278,sprint,c,mobile
1570661509210,submit,b278,sprint,,mobile
1570661553987,enter,b403,sprint,,mobile
1570661573138,respond,q403,sprint,a,mobile
1570661576270,submit,b403,sprint,,mobile
1570661610164,enter,b481,sprint,,mobile
1570661628560,respond,q481,sprint,b,mobile
1570661632461,submit,b481,sprint,,mobile
1570661664855,enter,b1059,sprint,,mobile
1570661681902,respond,q1059,sprint,a,mobile
1570661685791,submit,b1059,sprint,,mobile
1570661730903,enter,b994,sprint,,mobile
1570661750376,respond,q994,sprint,a,mobile
1570661754340,submit,b994,sprint,,mobile
1570661781786,enter,b818,sprint,,mobile
1570661803002,respond,q818,sprint,a,mobile
1570661807823,submit,b818,sprint,,mobile
1570661849727,enter,b1197,sprint,,mobile
1570661875823,respond,q1197,sprint,b,mobile
1570661880202,submit,b1197,sprint,,mobile
1570661915709,enter,b281,sprint,,mobile
1570661933178,respond,q281,sprint,c,mobile
1570661936209,submit,b281,sprint,,mobile
1570661997508,enter,b411,sprint,,mobile
1570662019527,respond,q411,sprint,b,mobile
1570662022769,submit,b411,sprint,,mobile
1570662088633,enter,b208,sprint,,mobile
1570662109018,respond,q208,sprint,c,mobile
1570662112162,submit,b208,sprint,,mobile
1570746992466,enter,b5824,sprint,,mobile
1570747022959,respond,q8473,sprint,d,mobile
1570747026762,submit,b5824,sprint,,mobile
1570747057304,enter,b5146,sprint,,mobile
1570747068794,respond,q6740,sprint,c,mobile
1570747075406,respond,q6740,sprint,a,mobile
1570747106477,respond,q6740,sprint,c,mobile
1570747110298,submit,b5146,sprint,,mobile
1570747143686,enter,b4395,sprint,,mobile
1570747159198,respond,q5863,sprint,a,mobile
1570747164336,submit,b4395,sprint,,mobile
1570747180185,enter,b3573,sprint,,mobile
1570747233897,respond,q5041,sprint,c,mobile
1570747238960,submit,b3573,sprint,,mobile
1570747295846,enter,b4432,sprint,,mobile
1570747334751,respond,q5900,sprint,c,mobile
1570747338589,submit,b4432,sprint,,mobile
1570747368325,enter,b6204,sprint,,mobile
1570747409604,respond,q8853,sprint,d,mobile
1570747413897,submit,b6204,sprint,,mobile
1570747431479,enter,b3085,sprint,,mobile
1570747470028,respond,q4553,sprint,d,mobile
1570747473660,submit,b3085,sprint,,mobile
1570747527152,enter,b6688,sprint,,mobile
1570747567881,respond,q9337,sprint,a,mobile
1570747571040,submit,b6688,sprint,,mobile
1570747583916,enter,b3091,sprint,,mobile
1570747637182,respond,q4559,sprint,d,mobile
1570747640177,submit,b3091,sprint,,mobile
1570747668253,enter,b11539,sprint,,mobile
1570747684012,respond,q17302,sprint,a,mobile
1570747691650,submit,b11539,sprint,,mobile
1570747796744,enter,b1158,sprint,,mobile
1570747820390,respond,q1158,sprint,c,mobile
1570747823995,submit,b1158,sprint,,mobile
1570747848905,enter,b795,sprint,,mobile
1570747866639,respond,q795,sprint,c,mobile
1570747870642,submit,b795,sprint,,mobile
1570747893487,enter,b1008,sprint,,mobile
1570747907827,respond,q1008,sprint,b,mobile
1570747915583,submit,b1008,sprint,,mobile
1570747934809,enter,b1265,sprint,,mobile
1570747954740,respond,q1265,sprint,c,mobile
1570747957880,submit,b1265,sprint,,mobile
1570747975800,enter,b722,sprint,,mobile
1570747993534,respond,q722,sprint,a,mobile
1570747998811,submit,b722,sprint,,mobile
1570748022794,enter,b940,sprint,,mobile
1570748040296,respond,q940,sprint,b,mobile
1570748046039,submit,b940,sprint,,mobile
1570748079251,enter,b616,sprint,,mobile
1570748097044,respond,q616,sprint,c,mobile
1570748099629,submit,b616,sprint,,mobile
1570748127118,enter,b918,sprint,,mobile
1570748146393,respond,q918,sprint,c,mobile
1570748149441,submit,b918,sprint,,mobile
1570748186108,enter,b671,sprint,,mobile
1570748208117,respond,q671,sprint,a,mobile
1570748211083,submit,b671,sprint,,mobile
1570748258198,enter,b265,sprint,,mobile
1570748278195,respond,q265,sprint,a,mobile
1570748281018,submit,b265,sprint,,mobile
1570832766534,enter,b6198,sprint,,mobile
1570832820520,respond,q8847,sprint,a,mobile
1570832824483,submit,b6198,sprint,,mobile
1570832847783,enter,b6341,sprint,,mobile
1570832869253,respond,q8990,sprint,b,mobile
1570832879651,submit,b6341,sprint,,mobile
1570832890864,enter,b7259,sprint,,mobile
1570832929791,respond,q9908,sprint,c,mobile
1570832934220,submit,b7259,sprint,,mobile
1570832970644,enter,b6088,sprint,,mobile
1570832995195,respond,q8737,sprint,d,mobile
1570833003281,submit,b6088,sprint,,mobile
1570833050658,enter,b4264,sprint,,mobile
1570833101601,respond,q5732,sprint,c,mobile
1570833105539,submit,b4264,sprint,,mobile
1570833131932,enter,b4291,sprint,,mobile
1570833157414,respond,q5759,sprint,b,mobile
1570833182489,submit,b4291,sprint,,mobile
1570833206832,enter,b6009,sprint,,mobile
1570833251990,respond,q8658,sprint,b,mobile
1570833259883,submit,b6009,sprint,,mobile
1570833276717,enter,b5046,sprint,,mobile
1570833294335,respond,q6514,sprint,a,mobile
1570833325189,submit,b5046,sprint,,mobile
1570833387118,enter,b4309,sprint,,mobile
1570833393457,respond,q5777,sprint,c,mobile
1570833404883,submit,b4309,sprint,,mobile
1570833456558,enter,b11321,sprint,,mobile
1570833490305,respond,q17084,sprint,b,mobile
1570833497428,submit,b11321,sprint,,mobile
1570833561560,enter,b544,sprint,,mobile
1570833580161,respond,q544,sprint,c,mobile
1570833584009,submit,b544,sprint,,mobile
1570833630571,enter,b661,sprint,,mobile
1570833649666,respond,q661,sprint,b,mobile
1570833652829,submit,b661,sprint,,mobile
1570833671035,enter,b781,sprint,,mobile
1570833685609,respond,q781,sprint,a,mobile
1570833691465,submit,b781,sprint,,mobile
1570833732943,enter,b1236,sprint,,mobile
1570833747096,respond,q1236,sprint,b,mobile
1570833752456,submit,b1236,sprint,,mobile
1570833772348,enter,b230,sprint,,mobile
1570833789649,respond,q230,sprint,b,mobile
1570833793175,submit,b230,sprint,,mobile
1570833823033,enter,b920,sprint,,mobile
1570833832901,respond,q920,sprint,a,mobile
1570833842725,submit,b920,sprint,,mobile
1570833863730,enter,b660,sprint,,mobile
1570833878550,respond,q660,sprint,b,mobile
1570833881950,submit,b660,sprint,,mobile
1570833902716,enter,b1068,sprint,,mobile
1570833915348,respond,q1068,sprint,a,mobile
1570833922817,submit,b1068,sprint,,mobile
1570833944105,enter,b1350,sprint,,mobile
1570833957092,respond,q1350,sprint,b,mobile
1570833963109,submit,b1350,sprint,,mobile
1570833992866,enter,b1189,sprint,,mobile
1570834027521,respond,q1189,sprint,c,mobile
1570834032670,submit,b1189,sprint,,mobile
1570924597081,enter,b2689,sprint,,mobile
1570924620768,respond,q4157,sprint,d,mobile
1570924639728,submit,b2689,sprint,,mobile
1570924679999,enter,b6265,sprint,,mobile
1570924706129,respond,q8914,sprint,a,mobile
1570924727501,submit,b6265,sprint,,mobile
1570924749917,enter,b3282,sprint,,mobile
1570924754764,respond,q4750,sprint,a,mobile
1570924758282,submit,b3282,sprint,,mobile
1570924773956,enter,b5673,sprint,,mobile
1570924809008,respond,q8202,sprint,b,mobile
1570924811036,respond,q8202,sprint,d,mobile
1570924819926,submit,b5673,sprint,,mobile
1570924871077,enter,b6093,sprint,,mobile
1570924883936,respond,q8742,sprint,c,mobile
1570924889871,submit,b6093,sprint,,mobile
1570924905246,enter,b6920,sprint,,mobile
1570924928296,respond,q9569,sprint,c,mobile
1570924935911,submit,b6920,sprint,,mobile
1570924947867,enter,b3060,sprint,,mobile
1570924975820,respond,q4528,sprint,d,mobile
1570924985571,submit,b3060,sprint,,mobile
1570925047621,enter,b3284,sprint,,mobile
1570925057205,respond,q4752,sprint,b,mobile
1570925066344,submit,b3284,sprint,,mobile
1570925119083,enter,b4590,sprint,,mobile
1570925151229,respond,q6058,sprint,b,mobile
1570925154928,submit,b4590,sprint,,mobile
1570925185196,enter,b3279,sprint,,mobile
1570925197801,respond,q4747,sprint,a,mobile
1570925225773,submit,b3279,sprint,,mobile
1570925276868,enter,b417,sprint,,mobile
1570925297070,respond,q417,sprint,a,mobile
1570925298488,respond,q417,sprint,b,mobile
1570925301463,submit,b417,sprint,,mobile
1570925327019,enter,b902,sprint,,mobile
1570925337797,respond,q902,sprint,a,mobile
1570925346366,submit,b902,sprint,,mobile
1570925370857,enter,b394,sprint,,mobile
1570925390272,respond,q394,sprint,b,mobile
1570925393419,submit,b394,sprint,,mobile
1570925435440,enter,b328,sprint,,mobile
1570925453625,respond,q328,sprint,a,mobile
1570925456521,submit,b328,sprint,,mobile
1570925487359,enter,b1235,sprint,,mobile
1570925505006,respond,q1235,sprint,a,mobile
1570925507732,submit,b1235,sprint,,mobile
1570925526330,enter,b1145,sprint,,mobile
1570925538766,respond,q1145,sprint,a,mobile
1570925545351,submit,b1145,sprint,,mobile
1570925566570,enter,b418,sprint,,mobile
1570925586193,respond,q418,sprint,c,mobile
1570925589357,submit,b418,sprint,,mobile
1570925632148,enter,b676,sprint,,mobile
1570925650379,respond,q676,sprint,b,mobile
1570925653165,submit,b676,sprint,,mobile
1570925676702,enter,b605,sprint,,mobile
1570925696778,respond,q605,sprint,b,mobile
1570925699466,submit,b605,sprint,,mobile
1570925749046,enter,b591,sprint,,mobile
1570925761300,respond,q591,sprint,a,mobile
1570925771051,submit,b591,sprint,,mobile
1571006755589,enter,b7176,sprint,,mobile
1571006791810,respond,q9825,sprint,b,mobile
1571006802499,respond,q9825,sprint,d,mobile
1571006806361,submit,b7176,sprint,,mobile
1571006874723,enter,b5945,sprint,,mobile
1571006906625,respond,q8594,sprint,c,mobile
1571006932103,respond,q8594,sprint,b,mobile
1571006932739,respond,q8594,sprint,c,mobile
1571006933126,respond,q8594,sprint,b,mobile
1571006933511,respond,q8594,sprint,c,mobile
1571006933846,respond,q8594,sprint,b,mobile
1571006944919,submit,b5945,sprint,,mobile
1571006956608,enter,b4972,sprint,,mobile
1571006971773,respond,q6440,sprint,d,mobile
1571006975172,submit,b4972,sprint,,mobile
1571006997154,enter,b4566,sprint,,mobile
1571007005465,respond,q6034,sprint,a,mobile
1571007008807,submit,b4566,sprint,,mobile
1571007120063,enter,b3030,sprint,,mobile
1571007150401,respond,q4498,sprint,c,mobile
1571007153262,submit,b3030,sprint,,mobile
1571007184235,enter,b3682,sprint,,mobile
1571007206540,respond,q5150,sprint,c,mobile
1571007210926,submit,b3682,sprint,,mobile
1571007232095,enter,b4606,sprint,,mobile
1571007267805,respond,q6074,sprint,b,mobile
1571007277512,submit,b4606,sprint,,mobile
1571007438763,enter,b6195,sprint,,mobile
1571007493573,respond,q8844,sprint,c,mobile
1571007496789,submit,b6195,sprint,,mobile
1571007556380,enter,b3577,sprint,,mobile
1571007562001,respond,q5045,sprint,c,mobile
1571007565033,submit,b3577,sprint,,mobile
1571007603386,enter,b3272,sprint,,mobile
1571007610590,respond,q4740,sprint,d,mobile
1571007617114,submit,b3272,sprint,,mobile
1571007670261,enter,b871,sprint,,mobile
1571007697185,respond,q871,sprint,a,mobile
1571007701179,submit,b871,sprint,,mobile
1571007726587,enter,b1354,sprint,,mobile
1571007750963,respond,q1354,sprint,b,mobile
1571007753836,submit,b1354,sprint,,mobile
1571007776854,enter,b353,sprint,,mobile
1571007787633,respond,q353,sprint,a,mobile
1571007799131,respond,q353,sprint,c,mobile
1571007803230,submit,b353,sprint,,mobile
1571007840533,enter,b829,sprint,,mobile
1571007860204,respond,q829,sprint,c,mobile
1571007863299,submit,b829,sprint,,mobile
1571007884131,enter,b602,sprint,,mobile
1571007895709,respond,q602,sprint,a,mobile
1571007905004,submit,b602,sprint,,mobile
1571008027163,enter,b356,sprint,,mobile
1571008047330,respond,q356,sprint,a,mobile
1571008051515,submit,b356,sprint,,mobile
1571008075271,enter,b534,sprint,,mobile
1571008095558,respond,q534,sprint,a,mobile
1571008098523,submit,b534,sprint,,mobile
1571008125605,enter,b202,sprint,,mobile
1571008145192,respond,q202,sprint,a,mobile
1571008148347,submit,b202,sprint,,mobile
1571092961527,enter,b7604,sprint,,mobile
1571092968903,respond,q10253,sprint,c,mobile
1571092972618,submit,b7604,sprint,,mobile
1571092988434,enter,b3008,sprint,,mobile
1571093013864,respond,q4476,sprint,c,mobile
1571093017843,submit,b3008,sprint,,mobile
1571093064789,enter,b3089,sprint,,mobile
1571093085346,respond,q4557,sprint,a,mobile
1571093086327,respond,q4557,sprint,b,mobile
1571093091805,submit,b3089,sprint,,mobile
1571093109856,enter,b3635,sprint,,mobile
1571093151901,respond,q5103,sprint,b,mobile
1571093157091,submit,b3635,sprint,,mobile
1571093202617,enter,b3846,sprint,,mobile
1571093207960,respond,q5314,sprint,a,mobile
1571093213782,respond,q5314,sprint,c,mobile
1571093221625,submit,b3846,sprint,,mobile
1571093277281,enter,b3923,sprint,,mobile
1571093286007,respond,q5391,sprint,a,mobile
1571093289099,submit,b3923,sprint,,mobile
1571093301035,enter,b3673,sprint,,mobile
1571093308484,respond,q5141,sprint,c,mobile
1571093315276,submit,b3673,sprint,,mobile
1571093424390,enter,b7659,sprint,,mobile
1571093465849,respond,q10308,sprint,d,mobile
1571093470436,respond,q10308,sprint,c,mobile
1571093473909,submit,b7659,sprint,,mobile
1571093555904,enter,b7155,sprint,,mobile
1571093624980,respond,q9804,sprint,d,mobile
1571093628858,respond,q9804,sprint,a,mobile
1571093630278,respond,q9804,sprint,b,mobile
1571093634517,respond,q9804,sprint,a,mobile
1571093652769,respond,q9804,sprint,d,mobile
1571093656595,submit,b7155,sprint,,mobile
1571093703217,enter,b11366,sprint,,mobile
1571093715639,respond,q17129,sprint,b,mobile
1571093730474,submit,b11366,sprint,,mobile
1571093807040,enter,b359,sprint,,mobile
1571093827506,respond,q359,sprint,b,mobile
1571093831381,submit,b359,sprint,,mobile
1571093856517,enter,b762,sprint,,mobile
1571093881541,respond,q762,sprint,b,mobile
1571093889037,submit,b762,sprint,,mobile
1571093930907,enter,b1241,sprint,,mobile
1571093944846,respond,q1241,sprint,b,mobile
1571093953289,submit,b1241,sprint,,mobile
1571093982552,enter,b652,sprint,,mobile
1571094005393,respond,q652,sprint,a,mobile
1571094006065,respond,q652,sprint,c,mobile
1571094009831,submit,b652,sprint,,mobile
1571094082338,enter,b488,sprint,,mobile
1571094099974,respond,q488,sprint,b,mobile
1571094103547,submit,b488,sprint,,mobile
1571094137946,enter,b619,sprint,,mobile
1571094154409,respond,q619,sprint,c,mobile
1571094161286,submit,b619,sprint,,mobile
1571094188109,enter,b1304,sprint,,mobile
1571094199526,respond,q1304,sprint,a,mobile
1571094210741,submit,b1304,sprint,,mobile
1571094231833,enter,b1056,sprint,,mobile
1571094253373,respond,q1056,sprint,c,mobile
1571094256279,submit,b1056,sprint,,mobile
1571094328042,enter,b786,sprint,,mobile
1571094345186,respond,q786,sprint,c,mobile
1571094351120,submit,b786,sprint,,mobile
1571094372388,enter,b491,sprint,,mobile
1571094399547,respond,q491,sprint,a,mobile
1571094404205,submit,b491,sprint,,mobile
1571179305862,enter,b11288,sprint,,mobile
1571179343897,respond,q17051,sprint,a,mobile
1571179347146,submit,b11288,sprint,,mobile
1571179380235,enter,b6168,sprint,,mobile
1571179409146,respond,q8817,sprint,a,mobile
1571179411957,submit,b6168,sprint,,mobile
1571179427052,enter,b5139,sprint,,mobile
1571179461288,respond,q6733,sprint,c,mobile
1571179464429,submit,b5139,sprint,,mobile
1571179555125,enter,b6336,sprint,,mobile
1571179558372,respond,q8985,sprint,b,mobile
1571179568114,submit,b6336,sprint,,mobile
1571179609377,enter,b6929,sprint,,mobile
1571179655992,respond,q9578,sprint,a,mobile
1571179659808,submit,b6929,sprint,,mobile
1571179753785,enter,b4155,sprint,,mobile
1571179779215,respond,q5623,sprint,b,mobile
1571179790958,submit,b4155,sprint,,mobile
1571179819312,enter,b2460,sprint,,mobile
1571179827794,respond,q3928,sprint,b,mobile
1571179832837,submit,b2460,sprint,,mobile
1571179886910,enter,b4722,sprint,,mobile
1571179925854,respond,q6190,sprint,a,mobile
1571179933134,submit,b4722,sprint,,mobile
1571179974053,enter,b3933,sprint,,mobile
1571180019691,respond,q5401,sprint,d,mobile
1571180026169,respond,q5401,sprint,c,mobile
1571180028478,respond,q5401,sprint,a,mobile
1571180031948,submit,b3933,sprint,,mobile
1571180075274,enter,b2335,sprint,,mobile
1571180106788,respond,q3803,sprint,b,mobile
1571180116871,submit,b2335,sprint,,mobile
1571180172993,enter,b1109,sprint,,mobile
1571180190887,respond,q1109,sprint,c,mobile
1571180198482,submit,b1109,sprint,,mobile
1571180223893,enter,b1018,sprint,,mobile
1571180242714,respond,q1018,sprint,c,mobile
1571180245861,submit,b1018,sprint,,mobile
1571180270929,enter,b696,sprint,,mobile
1571180294053,respond,q696,sprint,c,mobile
1571180297143,submit,b696,sprint,,mobile
1571180320678,enter,b342,sprint,,mobile
1571180339798,respond,q342,sprint,c,mobile
1571180343491,submit,b342,sprint,,mobile
1571180365806,enter,b1155,sprint,,mobile
1571180381927,respond,q1155,sprint,a,mobile
1571180385355,submit,b1155,sprint,,mobile
1571180404478,enter,b704,sprint,,mobile
1571180420225,respond,q704,sprint,b,mobile
1571180425548,submit,b704,sprint,,mobile
1571180448683,enter,b303,sprint,,mobile
1571180467479,respond,q303,sprint,a,mobile
1571180471824,submit,b303,sprint,,mobile
1571180497287,enter,b1190,sprint,,mobile
1571180514686,respond,q1190,sprint,c,mobile
1571180518473,submit,b1190,sprint,,mobile
1571180554006,enter,b1231,sprint,,mobile
1571180574742,respond,q1231,sprint,b,mobile
1571180577495,submit,b1231,sprint,,mobile
1571180620117,enter,b695,sprint,,mobile
1571180639357,respond,q695,sprint,c,mobile
1571180642476,submit,b695,sprint,,mobile
1571265306812,enter,b6156,sprint,,mobile
1571265325802,respond,q8805,sprint,c,mobile
1571265334225,submit,b6156,sprint,,mobile
1571265371948,enter,b2881,sprint,,mobile
1571265380882,respond,q4349,sprint,d,mobile
1571265384431,submit,b2881,sprint,,mobile
1571265416362,enter,b3095,sprint,,mobile
1571265426985,respond,q4563,sprint,b,mobile
1571265431519,submit,b3095,sprint,,mobile
1571265452816,enter,b3071,sprint,,mobile
1571265483737,respond,q4539,sprint,d,mobile
1571265489729,submit,b3071,sprint,,mobile
1571265580785,enter,b7132,sprint,,mobile
1571265601879,respond,q9781,sprint,d,mobile
1571265611204,submit,b7132,sprint,,mobile
1571265646535,enter,b3920,sprint,,mobile
1571265692738,respond,q5388,sprint,c,mobile
1571265695779,submit,b3920,sprint,,mobile
1571265724808,enter,b11572,sprint,,mobile
1571265776633,respond,q17335,sprint,d,mobile
1571265779671,submit,b11572,sprint,,mobile
1571265883991,enter,b6074,sprint,,mobile
1571265935605,respond,q8723,sprint,b,mobile
1571265939655,submit,b6074,sprint,,mobile
1571265965255,enter,b4785,sprint,,mobile
1571265968942,respond,q6253,sprint,c,mobile
1571265974542,submit,b4785,sprint,,mobile
1571265992359,enter,b3641,sprint,,mobile
1571266004120,respond,q5109,sprint,d,mobile
1571266007197,submit,b3641,sprint,,mobile
1571266119768,enter,b937,sprint,,mobile
1571266134883,respond,q937,sprint,b,mobile
1571266141647,submit,b937,sprint,,mobile
1571266176000,enter,b370,sprint,,mobile
1571266193869,respond,q370,sprint,c,mobile
1571266197113,submit,b370,sprint,,mobile
1571266227839,enter,b751,sprint,,mobile
1571266246836,respond,q751,sprint,c,mobile
1571266250384,submit,b751,sprint,,mobile
1571266290894,enter,b270,sprint,,mobile
1571266313041,respond,q270,sprint,a,mobile
1571266315769,submit,b270,sprint,,mobile
1571266358765,enter,b496,sprint,,mobile
1571266377498,respond,q496,sprint,b,mobile
1571266380179,submit,b496,sprint,,mobile
1571266402583,enter,b542,sprint,,mobile
1571266427050,respond,q542,sprint,c,mobile
1571266430193,respond,q542,sprint,b,mobile
1571266433814,submit,b542,sprint,,mobile
1571266468103,enter,b1000,sprint,,mobile
1571266485922,respond,q1000,sprint,c,mobile
1571266488622,submit,b1000,sprint,,mobile
1571266530513,enter,b563,sprint,,mobile
1571266550099,respond,q563,sprint,a,mobile
1571266555911,submit,b563,sprint,,mobile
1571266579280,enter,b1092,sprint,,mobile
1571266597846,respond,q1092,sprint,c,mobile
1571266600598,submit,b1092,sprint,,mobile
1571266633643,enter,b827,sprint,,mobile
1571266657079,respond,q827,sprint,c,mobile
1571266660732,submit,b827,sprint,,mobile
1571352072699,enter,b887,sprint,,mobile
1571352093428,respond,q887,sprint,b,mobile
1571352096745,submit,b887,sprint,,mobile
1571352124222,enter,b1330,sprint,,mobile
1571352144175,respond,q1330,sprint,c,mobile
1571352147084,submit,b1330,sprint,,mobile
1571352167917,enter,b898,sprint,,mobile
1571352188523,respond,q898,sprint,c,mobile
1571352192473,submit,b898,sprint,,mobile
1571352222709,enter,b987,sprint,,mobile
1571352241993,respond,q987,sprint,a,mobile
1571352245302,submit,b987,sprint,,mobile
1571352268743,enter,b861,sprint,,mobile
1571352283815,respond,q861,sprint,b,mobile
1571352289161,submit,b861,sprint,,mobile
1571352311789,enter,b495,sprint,,mobile
1571352330707,respond,q495,sprint,b,mobile
1571352333880,submit,b495,sprint,,mobile
1571352360883,enter,b1329,sprint,,mobile
1571352383118,respond,q1329,sprint,a,mobile
1571352383801,respond,q1329,sprint,b,mobile
1571352384422,respond,q1329,sprint,a,mobile
1571352384772,respond,q1329,sprint,b,mobile
1571352387910,submit,b1329,sprint,,mobile
1571352431954,enter,b1336,sprint,,mobile
1571352446856,respond,q1336,sprint,c,mobile
1571352448615,respond,q1336,sprint,b,mobile
1571352452800,submit,b1336,sprint,,mobile
1571352475430,enter,b331,sprint,,mobile
1571352494785,respond,q331,sprint,c,mobile
1571352498368,submit,b331,sprint,,mobile
1571352525014,enter,b238,sprint,,mobile
1571352547429,respond,q238,sprint,c,mobile
1571352550189,submit,b238,sprint,,mobile
1571352591604,enter,b2284,sprint,,mobile
1571352597679,respond,q3752,sprint,a,mobile
1571352608755,submit,b2284,sprint,,mobile
1571352623733,enter,b3292,sprint,,mobile
1571352626327,respond,q4760,sprint,a,mobile
1571352629935,submit,b3292,sprint,,mobile
1571352654280,enter,b2358,sprint,,mobile
1571352668152,respond,q3826,sprint,b,mobile
1571352677071,submit,b2358,sprint,,mobile
1571352691507,enter,b7205,sprint,,mobile
1571352711792,respond,q9854,sprint,c,mobile
1571352718895,submit,b7205,sprint,,mobile
1571352760013,enter,b4084,sprint,,mobile
1571352771572,respond,q5552,sprint,a,mobile
1571352783140,submit,b4084,sprint,,mobile
1571352818639,enter,b3789,sprint,,mobile
1571352867415,respond,q5257,sprint,d,mobile
1571352870277,submit,b3789,sprint,,mobile
1571352889490,enter,b4769,sprint,,mobile
1571352920393,respond,q6237,sprint,d,mobile
1571352925332,submit,b4769,sprint,,mobile
1571352936382,enter,b4603,sprint,,mobile
1571352962323,respond,q6071,sprint,a,mobile
1571352965531,submit,b4603,sprint,,mobile
1571353020010,enter,b4273,sprint,,mobile
1571353038997,respond,q5741,sprint,d,mobile
1571353042707,submit,b4273,sprint,,mobile
1571353071404,enter,b3572,sprint,,mobile
1571353124628,respond,q5040,sprint,d,mobile
1571353150422,submit,b3572,sprint,,mobile
1571456721894,enter,b446,sprint,,mobile
1571456742207,respond,q446,sprint,b,mobile
1571456745699,submit,b446,sprint,,mobile
1571456793103,enter,b510,sprint,,mobile
1571456814679,respond,q510,sprint,b,mobile
1571456817917,submit,b510,sprint,,mobile
1571456861166,enter,b371,sprint,,mobile
1571456879024,respond,q371,sprint,b,mobile
1571456883746,submit,b371,sprint,,mobile
1571456905593,enter,b1063,sprint,,mobile
1571456925005,respond,q1063,sprint,b,mobile
1571456928504,submit,b1063,sprint,,mobile
1571456952391,enter,b741,sprint,,mobile
1571456970465,respond,q741,sprint,a,mobile
1571456973920,submit,b741,sprint,,mobile
1571457013787,enter,b284,sprint,,mobile
1571457030366,respond,q284,sprint,b,mobile
1571457033782,submit,b284,sprint,,mobile
1571457058735,enter,b1295,sprint,,mobile
1571457081770,respond,q1295,sprint,c,mobile
1571457084795,submit,b1295,sprint,,mobile
1571457132756,enter,b858,sprint,,mobile
1571457150009,respond,q858,sprint,b,mobile
1571457153445,submit,b858,sprint,,mobile
1571457197194,enter,b1234,sprint,,mobile
1571457207551,respond,q1234,sprint,a,mobile
1571457215686,submit,b1234,sprint,,mobile
1571457235054,enter,b361,sprint,,mobile
1571457254209,respond,q361,sprint,a,mobile
1571457257052,submit,b361,sprint,,mobile
1571457318711,enter,b6548,sprint,,mobile
1571457356150,respond,q9197,sprint,d,mobile
1571457363236,submit,b6548,sprint,,mobile
1571457412862,enter,b6201,sprint,,mobile
1571457418104,respond,q8850,sprint,a,mobile
1571457421956,submit,b6201,sprint,,mobile
1571457439781,enter,b6197,sprint,,mobile
1571457474981,respond,q8846,sprint,b,mobile
1571457478881,submit,b6197,sprint,,mobile
1571457520256,enter,b4293,sprint,,mobile
1571457528752,respond,q5761,sprint,a,mobile
1571457539448,respond,q5761,sprint,c,mobile
1571457544473,respond,q5761,sprint,a,mobile
1571457548303,submit,b4293,sprint,,mobile
1571457567935,enter,b4679,sprint,,mobile
1571457590273,respond,q6147,sprint,b,mobile
1571457594186,submit,b4679,sprint,,mobile
1571457608993,enter,b6271,sprint,,mobile
1571457641234,respond,q8920,sprint,a,mobile
1571457646126,submit,b6271,sprint,,mobile
1571457712353,enter,b4998,sprint,,mobile
1571457719158,respond,q6466,sprint,b,mobile
1571457725094,submit,b4998,sprint,,mobile
1571457752725,enter,b3924,sprint,,mobile
1571457762223,respond,q5392,sprint,a,mobile
1571457765384,submit,b3924,sprint,,mobile
1571457774055,enter,b3423,sprint,,mobile
1571457786776,respond,q4891,sprint,b,mobile
1571457812032,submit,b3423,sprint,,mobile
1571457823460,enter,b3238,sprint,,mobile
1571457842024,respond,q4706,sprint,c,mobile
1571457845419,submit,b3238,sprint,,mobile
1571523870597,enter,b1276,sprint,,mobile
1571523900967,respond,q1276,sprint,a,mobile
1571523904635,submit,b1276,sprint,,mobile
1571523940404,enter,b377,sprint,,mobile
1571523954927,respond,q377,sprint,a,mobile
1571523960160,submit,b377,sprint,,mobile
1571523983887,enter,b521,sprint,,mobile
1571524005429,respond,q521,sprint,c,mobile
1571524008465,submit,b521,sprint,,mobile
1571524050571,enter,b1385,sprint,,mobile
1571524070310,respond,q1385,sprint,c,mobile
1571524073488,submit,b1385,sprint,,mobile
1571524111140,enter,b267,sprint,,mobile
1571524126807,respond,q267,sprint,c,mobile
1571524130194,submit,b267,sprint,,mobile
1571524162573,enter,b688,sprint,,mobile
1571524182212,respond,q688,sprint,b,mobile
1571524185940,submit,b688,sprint,,mobile
1571524209622,enter,b306,sprint,,mobile
1571524225866,respond,q306,sprint,c,mobile
1571524228909,submit,b306,sprint,,mobile
1571524249288,enter,b1341,sprint,,mobile
1571524267896,respond,q1341,sprint,c,mobile
1571524270715,submit,b1341,sprint,,mobile
1571524291934,enter,b1379,sprint,,mobile
1571524309406,respond,q1379,sprint,c,mobile
1571524312771,submit,b1379,sprint,,mobile
1571524340416,enter,b299,sprint,,mobile
1571524352496,respond,q299,sprint,a,mobile
1571524360413,submit,b299,sprint,,mobile
1571524400260,enter,b3765,sprint,,mobile
1571524426614,respond,q5233,sprint,a,mobile
1571524441966,submit,b3765,sprint,,mobile
1571524470833,enter,b4125,sprint,,mobile
1571524489622,respond,q5593,sprint,d,mobile
1571524493672,submit,b4125,sprint,,mobile
1571524526562,enter,b3855,sprint,,mobile
1571524563362,respond,q5323,sprint,b,mobile
1571524568453,submit,b3855,sprint,,mobile
1571524657882,enter,b2633,sprint,,mobile
1571524666088,respond,q4101,sprint,b,mobile
1571524669491,submit,b2633,sprint,,mobile
1571524684180,enter,b6934,sprint,,mobile
1571524709739,respond,q9583,sprint,d,mobile
1571524715068,submit,b6934,sprint,,mobile
1571524803018,enter,b3180,sprint,,mobile
1571524805871,respond,q4648,sprint,b,mobile
1571524808991,submit,b3180,sprint,,mobile
1571524885963,enter,b6177,sprint,,mobile
1571524902467,respond,q8826,sprint,c,mobile
1571524907487,submit,b6177,sprint,,mobile
1571524975474,enter,b4144,sprint,,mobile
1571524993146,respond,q5612,sprint,a,mobile
1571524997551,submit,b4144,sprint,,mobile
1571525026241,enter,b2191,sprint,,mobile
1571525056032,respond,q3659,sprint,a,mobile
1571525059502,submit,b2191,sprint,,mobile
1571525093837,enter,b3943,sprint,,mobile
1571525138240,respond,q5411,sprint,b,mobile
1571525141972,submit,b3943,sprint,,mobile
1571610756521,enter,b1352,sprint,,mobile
1571610775697,respond,q1352,sprint,a,mobile
1571610779114,submit,b1352,sprint,,mobile
1571610809335,enter,b1012,sprint,,mobile
1571610824440,respond,q1012,sprint,b,mobile
1571610827957,submit,b1012,sprint,,mobile
1571610847545,enter,b350,sprint,,mobile
1571610867570,respond,q350,sprint,a,mobile
1571610871082,submit,b350,sprint,,mobile
1571610911064,enter,b1077,sprint,,mobile
1571610930581,respond,q1077,sprint,c,mobile
1571610935780,respond,q1077,sprint,b,mobile
1571610936272,respond,q1077,sprint,c,mobile
1571610943486,submit,b1077,sprint,,mobile
1571610967198,enter,b1225,sprint,,mobile
1571610981402,respond,q1225,sprint,a,mobile
1571610989101,submit,b1225,sprint,,mobile
1571611011693,enter,b507,sprint,,mobile
1571611031729,respond,q507,sprint,c,mobile
1571611034626,submit,b507,sprint,,mobile
1571611056327,enter,b1182,sprint,,mobile
1571611077279,respond,q1182,sprint,c,mobile
1571611080476,submit,b1182,sprint,,mobile
1571611118367,enter,b850,sprint,,mobile
1571611136066,respond,q850,sprint,a,mobile
1571611138812,respond,q850,sprint,b,mobile
1571611139293,respond,q850,sprint,a,mobile
1571611144406,submit,b850,sprint,,mobile
1571611160981,enter,b1292,sprint,,mobile
1571611181719,respond,q1292,sprint,c,mobile
1571611184724,submit,b1292,sprint,,mobile
1571611207430,enter,b1150,sprint,,mobile
1571611226093,respond,q1150,sprint,a,mobile
1571611230588,submit,b1150,sprint,,mobile
1571611287052,enter,b11517,sprint,,mobile
1571611292683,respond,q17280,sprint,b,mobile
1571611298232,submit,b11517,sprint,,mobile
1571611340790,enter,b3027,sprint,,mobile
1571611358281,respond,q4495,sprint,a,mobile
1571611371357,respond,q4495,sprint,b,mobile
1571611375178,submit,b3027,sprint,,mobile
1571611432648,enter,b3774,sprint,,mobile
1571611502896,respond,q5242,sprint,a,mobile
1571611510066,submit,b3774,sprint,,mobile
1571611528070,enter,b3123,sprint,,mobile
1571611533690,respond,q4591,sprint,a,mobile
1571611535602,respond,q4591,sprint,b,mobile
1571611539352,submit,b3123,sprint,,mobile
1571611563313,enter,b4213,sprint,,mobile
1571611589693,respond,q5681,sprint,d,mobile
1571611592745,submit,b4213,sprint,,mobile
1571611624723,enter,b6421,sprint,,mobile
1571611655114,respond,q9070,sprint,c,mobile
1571611658441,submit,b6421,sprint,,mobile
1571611698704,enter,b3418,sprint,,mobile
1571611703697,respond,q4886,sprint,d,mobile
1571611705487,respond,q4886,sprint,c,mobile
1571611708589,submit,b3418,sprint,,mobile
1571611738587,enter,b3050,sprint,,mobile
1571611751405,respond,q4518,sprint,c,mobile
1571611755015,submit,b3050,sprint,,mobile
1571611842660,enter,b6718,sprint,,mobile
1571611855514,respond,q9367,sprint,a,mobile
1571611859504,submit,b6718,sprint,,mobile
1571611893013,enter,b3814,sprint,,mobile
1571611929204,respond,q5282,sprint,d,mobile
1571611932988,submit,b3814,sprint,,mobile
1571717410938,enter,b678,sprint,,mobile
1571717431814,respond,q678,sprint,b,mobile
1571717434584,submit,b678,sprint,,mobile
1571717467562,enter,b351,sprint,,mobile
1571717485980,respond,q351,sprint,b,mobile
1571717488972,submit,b351,sprint,,mobile
1571717525228,enter,b1161,sprint,,mobile
1571717542900,respond,q1161,sprint,b,mobile
1571717546063,submit,b1161,sprint,,mobile
1571717568324,enter,b425,sprint,,mobile
1571717588310,respond,q425,sprint,c,mobile
1571717591581,submit,b425,sprint,,mobile
1571717635499,enter,b1029,sprint,,mobile
1571717656173,respond,q1029,sprint,a,mobile
1571717660235,submit,b1029,sprint,,mobile
1571717696854,enter,b668,sprint,,mobile
1571717715868,respond,q668,sprint,c,mobile
1571717718971,submit,b668,sprint,,mobile
1571717740083,enter,b1392,sprint,,mobile
1571717758207,respond,q1392,sprint,c,mobile
1571717761066,submit,b1392,sprint,,mobile
1571717785692,enter,b790,sprint,,mobile
1571717805220,respond,q790,sprint,b,mobile
1571717808443,submit,b790,sprint,,mobile
1571717831441,enter,b867,sprint,,mobile
1571717841837,respond,q867,sprint,a,mobile
1571717853605,submit,b867,sprint,,mobile
1571717877666,enter,b341,sprint,,mobile
1571717900353,respond,q341,sprint,c,mobile
1571717903802,submit,b341,sprint,,mobile
1571718029402,enter,b3932,sprint,,mobile
1571718042531,respond,q5400,sprint,d,mobile
1571718047961,submit,b3932,sprint,,mobile
1571718059848,enter,b3164,sprint,,mobile
1571718068004,respond,q4632,sprint,c,mobile
1571718071643,submit,b3164,sprint,,mobile
1571718123640,enter,b6255,sprint,,mobile
1571718154661,respond,q8904,sprint,a,mobile
1571718158240,respond,q8904,sprint,d,mobile
1571718161594,submit,b6255,sprint,,mobile
1571718177748,enter,b3861,sprint,,mobile
1571718197817,respond,q5329,sprint,b,mobile
1571718207143,submit,b3861,sprint,,mobile
1571718259411,enter,b4793,sprint,,mobile
1571718275336,respond,q6261,sprint,a,mobile
1571718279490,submit,b4793,sprint,,mobile
1571718364179,enter,b3264,sprint,,mobile
1571718398758,respond,q4732,sprint,d,mobile
1571718402203,submit,b3264,sprint,,mobile
1571718461748,enter,b7164,sprint,,mobile
1571718481582,respond,q9813,sprint,a,mobile
1571718485032,submit,b7164,sprint,,mobile
1571718534771,enter,b3377,sprint,,mobile
1571718547400,respond,q4845,sprint,b,mobile
1571718548394,respond,q4845,sprint,a,mobile
1571718564737,submit,b3377,sprint,,mobile
1571718618821,enter,b6541,sprint,,mobile
1571718682074,respond,q9190,sprint,b,mobile
1571718686393,submit,b6541,sprint,,mobile
1571718726404,enter,b6352,sprint,,mobile
1571718762170,respond,q9001,sprint,a,mobile
1571718765069,submit,b6352,sprint,,mobile
1571784177092,enter,b1159,sprint,,mobile
1571784196971,respond,q1159,sprint,c,mobile
1571784200261,submit,b1159,sprint,,mobile
1571784223229,enter,b439,sprint,,mobile
1571784245419,respond,q439,sprint,c,mobile
1571784248497,submit,b439,sprint,,mobile
1571784310996,enter,b924,sprint,,mobile
1571784336840,respond,q924,sprint,c,mobile
1571784339896,submit,b924,sprint,,mobile
1571784392078,enter,b910,sprint,,mobile
1571784409804,respond,q910,sprint,c,mobile
1571784413086,submit,b910,sprint,,mobile
1571784433886,enter,b891,sprint,,mobile
1571784454127,respond,q891,sprint,a,mobile
1571784457282,submit,b891,sprint,,mobile
1571784497527,enter,b1302,sprint,,mobile
1571784520467,respond,q1302,sprint,a,mobile
1571784523442,submit,b1302,sprint,,mobile
1571784551070,enter,b550,sprint,,mobile
1571784577511,respond,q550,sprint,c,mobile
1571784579995,submit,b550,sprint,,mobile
1571784644429,enter,b217,sprint,,mobile
1571784654255,respond,q217,sprint,a,mobile
1571784666852,submit,b217,sprint,,mobile
1571784689807,enter,b391,sprint,,mobile
1571784709213,respond,q391,sprint,b,mobile
1571784712408,submit,b391,sprint,,mobile
1571784745501,enter,b600,sprint,,mobile
1571784764321,respond,q600,sprint,c,mobile
1571784767475,submit,b600,sprint,,mobile
1571784822039,enter,b2734,sprint,,mobile
1571784852993,respond,q4202,sprint,b,mobile
1571784856264,submit,b2734,sprint,,mobile
1571784884998,enter,b3000,sprint,,mobile
1571784917340,respond,q4468,sprint,c,mobile
1571784920263,submit,b3000,sprint,,mobile
1571784970372,enter,b2814,sprint,,mobile
1571784991316,respond,q4282,sprint,c,mobile
1571784995930,submit,b2814,sprint,,mobile
1571785013856,enter,b2832,sprint,,mobile
1571785037903,respond,q4300,sprint,d,mobile
1571785041122,submit,b2832,sprint,,mobile
1571785068661,enter,b2934,sprint,,mobile
1571785083448,respond,q4402,sprint,a,mobile
1571785088787,submit,b2934,sprint,,mobile
1571785111914,enter,b4319,sprint,,mobile
1571785151518,respond,q5787,sprint,b,mobile
1571785155835,submit,b4319,sprint,,mobile
1571785184544,enter,b2619,sprint,,mobile
1571785208161,respond,q4087,sprint,c,mobile
1571785211395,submit,b2619,sprint,,mobile
1571785227601,enter,b11479,sprint,,mobile
1571785256598,respond,q17242,sprint,c,mobile
1571785259646,submit,b11479,sprint,,mobile
1571785268692,enter,b11487,sprint,,mobile
1571785292603,respond,q17250,sprint,d,mobile
1571785296472,submit,b11487,sprint,,mobile
1571785327372,enter,b6924,sprint,,mobile
1571785358627,respond,q9573,sprint,c,mobile
1571785359176,respond,q9573,sprint,a,mobile
1571785359764,respond,q9573,sprint,c,mobile
1571785360600,respond,q9573,sprint,b,mobile
1571785360974,respond,q9573,sprint,a,mobile
1571785361338,respond,q9573,sprint,b,mobile
1571785361672,respond,q9573,sprint,c,mobile
1571785368774,respond,q9573,sprint,a,mobile
1571785371553,submit,b6924,sprint,,mobile
1571870427517,enter,b985,sprint,,mobile
1571870448254,respond,q985,sprint,a,mobile
1571870451626,submit,b985,sprint,,mobile
1571870484293,enter,b12136,sprint,,mobile
1571870505204,respond,q18073,sprint,b,mobile
1571870508002,submit,b12136,sprint,,mobile
1571870529135,enter,b1138,sprint,,mobile
1571870549491,respond,q1138,sprint,c,mobile
1571870555227,submit,b1138,sprint,,mobile
1571870580016,enter,b1084,sprint,,mobile
1571870600855,respond,q1084,sprint,b,mobile
1571870604033,submit,b1084,sprint,,mobile
1571870630723,enter,b570,sprint,,mobile
1571870649780,respond,q570,sprint,c,mobile
1571870653323,submit,b570,sprint,,mobile
1571870685871,enter,b11869,sprint,,mobile
1571870704769,respond,q17806,sprint,c,mobile
1571870708053,submit,b11869,sprint,,mobile
1571870733973,enter,b718,sprint,,mobile
1571870753742,respond,q718,sprint,a,mobile
1571870756736,submit,b718,sprint,,mobile
1571870793513,enter,b596,sprint,,mobile
1571870806963,respond,q596,sprint,b,mobile
1571870812489,submit,b596,sprint,,mobile
1571870832577,enter,b1060,sprint,,mobile
1571870850249,respond,q1060,sprint,c,mobile
1571870853445,submit,b1060,sprint,,mobile
1571870875910,enter,b12105,sprint,,mobile
1571870899273,respond,q18042,sprint,c,mobile
1571870902220,submit,b12105,sprint,,mobile
1571871317297,enter,b6056,sprint,,mobile
1571871332590,respond,q8705,sprint,b,mobile
1571871335464,submit,b6056,sprint,,mobile
1571871394060,enter,b6684,sprint,,mobile
1571871411487,respond,q9333,sprint,d,mobile
1571871431335,submit,b6684,sprint,,mobile
1571871448095,enter,b7680,sprint,,mobile
1571871507891,respond,q10329,sprint,b,mobile
1571871513381,submit,b7680,sprint,,mobile
1571871589718,enter,b6329,sprint,,mobile
1571871621033,respond,q8978,sprint,a,mobile
1571871629341,submit,b6329,sprint,,mobile
1571871672271,enter,b7405,sprint,,mobile
1571871714487,respond,q10054,sprint,a,mobile
1571871721431,submit,b7405,sprint,,mobile
1571871753572,enter,b2216,sprint,,mobile
1571871775658,respond,q3684,sprint,a,mobile
1571871779193,submit,b2216,sprint,,mobile
1571871818908,enter,b3495,sprint,,mobile
1571871834131,respond,q4963,sprint,d,mobile
1571871839335,submit,b3495,sprint,,mobile
1571871886476,enter,b3852,sprint,,mobile
1571871932732,respond,q5320,sprint,c,mobile
1571871950418,respond,q5320,sprint,d,mobile
1571871961111,submit,b3852,sprint,,mobile
1571872069410,enter,b4305,sprint,,mobile
1571872100237,respond,q5773,sprint,c,mobile
1571872114476,respond,q5773,sprint,a,mobile
1571872122499,submit,b4305,sprint,,mobile
1571872166559,enter,b4709,sprint,,mobile
1571872174069,respond,q6177,sprint,d,mobile
1571872178286,submit,b4709,sprint,,mobile
1571956514071,enter,b764,sprint,,mobile
1571956531621,respond,q764,sprint,c,mobile
1571956534719,submit,b764,sprint,,mobile
1571956550036,enter,b677,sprint,,mobile
1571956570405,respond,q677,sprint,b,mobile
1571956574095,submit,b677,sprint,,mobile
1571956631012,enter,b1043,sprint,,mobile
1571956640255,respond,q1043,sprint,a,mobile
1571956649501,submit,b1043,sprint,,mobile
1571956681692,enter,b12187,sprint,,mobile
1571956697667,respond,q18124,sprint,a,mobile
1571956702775,submit,b12187,sprint,,mobile
1571956752143,enter,b1065,sprint,,mobile
1571956774996,respond,q1065,sprint,b,mobile
1571956783221,submit,b1065,sprint,,mobile
1571956803766,enter,b847,sprint,,mobile
1571956813402,respond,q847,sprint,a,mobile
1571956822438,submit,b847,sprint,,mobile
1571956840979,enter,b540,sprint,,mobile
1571956857747,respond,q540,sprint,b,mobile
1571956864269,submit,b540,sprint,,mobile
1571956892787,enter,b11831,sprint,,mobile
1571956909599,respond,q17768,sprint,b,mobile
1571956912720,submit,b11831,sprint,,mobile
1571956934054,enter,b1297,sprint,,mobile
1571956952425,respond,q1297,sprint,c,mobile
1571956955712,submit,b1297,sprint,,mobile
1571956982069,enter,b220,sprint,,mobile
1571956995792,respond,q220,sprint,a,mobile
1571957003640,submit,b220,sprint,,mobile
1571957067715,enter,b2996,sprint,,mobile
1571957076042,respond,q4464,sprint,b,mobile
1571957086002,respond,q4464,sprint,c,mobile
1571957090059,submit,b2996,sprint,,mobile
1571957109388,enter,b3880,sprint,,mobile
1571957133590,respond,q5348,sprint,d,mobile
1571957137370,submit,b3880,sprint,,mobile
1571957166249,enter,b4630,sprint,,mobile
1571957216191,respond,q6098,sprint,b,mobile
1571957220107,submit,b4630,sprint,,mobile
1571957235934,enter,b2870,sprint,,mobile
1571957239404,respond,q4338,sprint,a,mobile
1571957277047,respond,q4338,sprint,d,mobile
1571957281217,submit,b2870,sprint,,mobile
1571957304185,enter,b6740,sprint,,mobile
1571957307750,respond,q9389,sprint,c,mobile
1571957311509,submit,b6740,sprint,,mobile
1571957335802,enter,b2197,sprint,,mobile
1571957354619,respond,q3665,sprint,b,mobile
1571957358456,submit,b2197,sprint,,mobile
1571957388060,enter,b6157,sprint,,mobile
1571957419852,respond,q8806,sprint,c,mobile
1571957425659,submit,b6157,sprint,,mobile
1571957467183,enter,b3937,sprint,,mobile
1571957491930,respond,q5405,sprint,a,mobile
1571957495456,submit,b3937,sprint,,mobile
1571957542537,enter,b7324,sprint,,mobile
1571957579932,respond,q9973,sprint,b,mobile
1571957582794,submit,b7324,sprint,,mobile
1571957611305,enter,b2219,sprint,,mobile
1571957629858,respond,q3687,sprint,d,mobile
1571957634898,submit,b2219,sprint,,mobile
1572071513407,enter,b276,sprint,,mobile
1572071532758,respond,q276,sprint,c,mobile
1572071536075,submit,b276,sprint,,mobile
1572071560672,enter,b12170,sprint,,mobile
1572071580452,respond,q18107,sprint,c,mobile
1572071583429,submit,b12170,sprint,,mobile
1572071608089,enter,b386,sprint,,mobile
1572071619413,respond,q386,sprint,a,mobile
1572071629598,submit,b386,sprint,,mobile
1572071651806,enter,b325,sprint,,mobile
1572071670230,respond,q325,sprint,c,mobile
1572071672711,submit,b325,sprint,,mobile
1572071701883,enter,b607,sprint,,mobile
1572071722986,respond,q607,sprint,c,mobile
1572071724736,respond,q607,sprint,b,mobile
1572071725654,respond,q607,sprint,c,mobile
1572071728041,submit,b607,sprint,,mobile
1572071749178,enter,b11937,sprint,,mobile
1572071765674,respond,q17874,sprint,c,mobile
1572071768507,submit,b11937,sprint,,mobile
1572071786938,enter,b1112,sprint,,mobile
1572071804588,respond,q1112,sprint,c,mobile
1572071807594,submit,b1112,sprint,,mobile
1572071827057,enter,b506,sprint,,mobile
1572071845546,respond,q506,sprint,c,mobile
1572071849035,submit,b506,sprint,,mobile
1572071871121,enter,b904,sprint,,mobile
1572071888751,respond,q904,sprint,b,mobile
1572071892176,submit,b904,sprint,,mobile
1572071913599,enter,b12041,sprint,,mobile
1572071930027,respond,q17978,sprint,c,mobile
1572071932801,submit,b12041,sprint,,mobile
1572071980670,enter,b11303,sprint,,mobile
1572072000490,respond,q17066,sprint,a,mobile
1572072003922,submit,b11303,sprint,,mobile
1572072027140,enter,b3783,sprint,,mobile
1572072041395,respond,q5251,sprint,c,mobile
1572072046919,submit,b3783,sprint,,mobile
1572072071807,enter,b3318,sprint,,mobile
1572072082902,respond,q4786,sprint,d,mobile
1572072086009,submit,b3318,sprint,,mobile
1572072112796,enter,b3751,sprint,,mobile
1572072149810,respond,q5219,sprint,a,mobile
1572072153397,submit,b3751,sprint,,mobile
1572072380984,enter,b6189,sprint,,mobile
1572072406180,respond,q8838,sprint,b,mobile
1572072410963,respond,q8838,sprint,a,mobile
1572072415401,submit,b6189,sprint,,mobile
1572072496928,enter,b6744,sprint,,mobile
1572072514725,respond,q9393,sprint,b,mobile
1572072536522,submit,b6744,sprint,,mobile
1572072571743,enter,b4051,sprint,,mobile
1572072582003,respond,q5519,sprint,a,mobile
1572072585834,submit,b4051,sprint,,mobile
1572134179417,enter,b626,sprint,,mobile
1572134198764,respond,q626,sprint,c,mobile
1572134202325,submit,b626,sprint,,mobile
1572134226267,enter,b1258,sprint,,mobile
1572134226562,submit,b1258,sprint,,mobile
1572134237134,enter,b1258,sprint,,mobile
1572134262511,respond,q1258,sprint,a,mobile
1572134265715,submit,b1258,sprint,,mobile
1572134386028,enter,b780,sprint,,mobile
1572134402927,respond,q780,sprint,b,mobile
1572134405939,submit,b780,sprint,,mobile
1572134426370,enter,b11871,sprint,,mobile
1572134441859,respond,q17808,sprint,b,mobile
1572134446106,submit,b11871,sprint,,mobile
1572134486280,enter,b1228,sprint,,mobile
1572134499005,respond,q1228,sprint,a,mobile
1572134509665,submit,b1228,sprint,,mobile
1572134577204,enter,b499,sprint,,mobile
1572134588964,respond,q499,sprint,a,mobile
1572134598185,submit,b499,sprint,,mobile
1572134619055,enter,b316,sprint,,mobile
1572134632847,respond,q316,sprint,c,mobile
1572134639657,respond,q316,sprint,a,mobile
1572134643371,submit,b316,sprint,,mobile
1572134665717,enter,b12164,sprint,,mobile
1572134684547,respond,q18101,sprint,a,mobile
1572134686829,submit,b12164,sprint,,mobile
1572134707706,enter,b575,sprint,,mobile
1572134728025,respond,q575,sprint,b,mobile
1572134731261,submit,b575,sprint,,mobile
1572134754694,enter,b710,sprint,,mobile
1572134772219,respond,q710,sprint,c,mobile
1572134775494,submit,b710,sprint,,mobile
1572134823477,enter,b4895,sprint,,mobile
1572134858853,respond,q6363,sprint,c,mobile
1572134861523,submit,b4895,sprint,,mobile
1572134895173,enter,b11727,sprint,,mobile
1572134919981,respond,q17584,sprint,b,mobile
1572134923932,submit,b11727,sprint,,mobile
1572134934855,enter,b6179,sprint,,mobile
1572134941573,respond,q8828,sprint,a,mobile
1572134947588,submit,b6179,sprint,,mobile
1572134963706,enter,b6496,sprint,,mobile
1572134977697,respond,q9145,sprint,b,mobile
1572134981228,submit,b6496,sprint,,mobile
1572135003010,enter,b6079,sprint,,mobile
1572135035581,respond,q8728,sprint,c,mobile
1572135039076,submit,b6079,sprint,,mobile
1572135067303,enter,b2949,sprint,,mobile
1572135088548,respond,q4417,sprint,d,mobile
1572135108800,submit,b2949,sprint,,mobile
1572135150228,enter,b4316,sprint,,mobile
1572135153494,respond,q5784,sprint,d,mobile
1572135156663,submit,b4316,sprint,,mobile
1572135172890,enter,b6054,sprint,,mobile
1572135200534,respond,q8703,sprint,c,mobile
1572135203668,submit,b6054,sprint,,mobile
1572135225995,enter,b4314,sprint,,mobile
1572135233266,respond,q5782,sprint,c,mobile
1572135237043,submit,b4314,sprint,,mobile
1572135252338,enter,b6082,sprint,,mobile
1572135263981,respond,q8731,sprint,a,mobile
1572135268494,submit,b6082,sprint,,mobile
1572349315346,enter,b11807,sprint,,mobile
1572349332633,respond,q17744,sprint,b,mobile
1572349335320,submit,b11807,sprint,,mobile
1572349363875,enter,b541,sprint,,mobile
1572349383042,respond,q541,sprint,b,mobile
1572349386398,submit,b541,sprint,,mobile
1572349550780,enter,b11840,sprint,,mobile
1572349566525,respond,q17777,sprint,b,mobile
1572349569265,submit,b11840,sprint,,mobile
1572349593725,enter,b1019,sprint,,mobile
1572349611108,respond,q1019,sprint,b,mobile
1572349614154,submit,b1019,sprint,,mobile
1572349635997,enter,b1262,sprint,,mobile
1572349655743,respond,q1262,sprint,c,mobile
1572349659467,submit,b1262,sprint,,mobile
1572349689683,enter,b1252,sprint,,mobile
1572349704970,respond,q1252,sprint,b,mobile
1572349708520,submit,b1252,sprint,,mobile
1572349733138,enter,b12067,sprint,,mobile
1572349753037,respond,q18004,sprint,a,mobile
1572349756469,submit,b12067,sprint,,mobile
1572349837773,enter,b6176,sprint,,mobile
1572349841706,respond,q8825,sprint,c,mobile
1572349844991,submit,b6176,sprint,,mobile
1572349907500,enter,b5048,sprint,,mobile
1572349958606,respond,q6516,sprint,b,mobile
1572349962194,submit,b5048,sprint,,mobile
1572350025603,enter,b3041,sprint,,mobile
1572350044300,respond,q4509,sprint,b,mobile
1572350049276,respond,q4509,sprint,c,mobile
1572350057405,respond,q4509,sprint,b,mobile
1572350061209,submit,b3041,sprint,,mobile
1572350093846,enter,b3056,sprint,,mobile
1572350106172,respond,q4524,sprint,b,mobile
1572350108115,respond,q4524,sprint,d,mobile
1572350112412,submit,b3056,sprint,,mobile
1572350129666,enter,b6175,sprint,,mobile
1572350140631,respond,q8824,sprint,d,mobile
1572350143647,submit,b6175,sprint,,mobile
1572350212050,enter,b6072,sprint,,mobile
1572350250583,respond,q8721,sprint,d,mobile
1572350253215,submit,b6072,sprint,,mobile
1572350314364,enter,b2375,sprint,,mobile
1572350355232,respond,q3843,sprint,b,mobile
1572350358611,respond,q3843,sprint,a,mobile
1572350361400,submit,b2375,sprint,,mobile
1572350378699,enter,b6306,sprint,,mobile
1572350402878,respond,q8955,sprint,b,mobile
1572350406111,submit,b6306,sprint,,mobile
1572350436606,enter,b2223,sprint,,mobile
1572350444556,respond,q3691,sprint,a,mobile
1572350449266,submit,b2223,sprint,,mobile
1572350542992,enter,b2534,sprint,,mobile
1572350593458,respond,q4002,sprint,b,mobile
1572350599027,submit,b2534,sprint,,mobile
1572435459568,enter,b1351,sprint,,mobile
1572435486433,respond,q1351,sprint,a,mobile
1572435491312,submit,b1351,sprint,,mobile
1572435690227,enter,b12097,sprint,,mobile
1572435711528,respond,q18034,sprint,a,mobile
1572435715446,submit,b12097,sprint,,mobile
1572435816345,enter,b715,sprint,,mobile
1572435836690,respond,q715,sprint,c,mobile
1572435840789,submit,b715,sprint,,mobile
1572435994333,enter,b12118,sprint,,mobile
1572436023731,respond,q18055,sprint,b,mobile
1572436026810,respond,q18055,sprint,c,mobile
1572436027225,respond,q18055,sprint,b,mobile
1572436033156,submit,b12118,sprint,,mobile
1572436066495,enter,b368,sprint,,mobile
1572436084532,respond,q368,sprint,b,mobile
1572436089070,submit,b368,sprint,,mobile
1572436118048,enter,b335,sprint,,mobile
1572436137992,respond,q335,sprint,a,mobile
1572436145990,submit,b335,sprint,,mobile
1572436260680,enter,b4922,sprint,,mobile
1572436289558,respond,q6390,sprint,d,mobile
1572436292439,submit,b4922,sprint,,mobile
1572436332572,enter,b3340,sprint,,mobile
1572436356353,respond,q4808,sprint,c,mobile
1572436359891,submit,b3340,sprint,,mobile
1572436385533,enter,b2282,sprint,,mobile
1572436403500,respond,q3750,sprint,d,mobile
1572436407780,submit,b2282,sprint,,mobile
1572436457239,enter,b6291,sprint,,mobile
1572436470935,respond,q8940,sprint,a,mobile
1572436474707,submit,b6291,sprint,,mobile
1572436542958,enter,b6043,sprint,,mobile
1572436564544,respond,q8692,sprint,c,mobile
1572436576764,submit,b6043,sprint,,mobile
1572436596552,enter,b6736,sprint,,mobile
1572436610215,respond,q9385,sprint,c,mobile
1572436613320,submit,b6736,sprint,,mobile
1572436628985,enter,b4642,sprint,,mobile
1572436669041,respond,q6110,sprint,a,mobile
1572436672531,submit,b4642,sprint,,mobile
1572436749253,enter,b3938,sprint,,mobile
1572436778402,respond,q5406,sprint,a,mobile
1572436783828,submit,b3938,sprint,,mobile
1572436806656,enter,b7429,sprint,,mobile
1572436813528,respond,q10078,sprint,b,mobile
1572436817449,submit,b7429,sprint,,mobile
1572436855545,enter,b2851,sprint,,mobile
1572436885962,respond,q4319,sprint,a,mobile
1572436890297,submit,b2851,sprint,,mobile
1572525302235,enter,b965,sprint,,mobile
1572525318744,respond,q965,sprint,b,mobile
1572525322349,submit,b965,sprint,,mobile
1572525340863,enter,b12009,sprint,,mobile
1572525358829,respond,q17946,sprint,c,mobile
1572525361804,submit,b12009,sprint,,mobile
1572525412409,enter,b1328,sprint,,mobile
1572525422713,respond,q1328,sprint,a,mobile
1572525431762,submit,b1328,sprint,,mobile
1572525459368,enter,b1375,sprint,,mobile
1572525481348,respond,q1375,sprint,c,mobile
1572525485723,submit,b1375,sprint,,mobile
1572525520925,enter,b1009,sprint,,mobile
1572525541175,respond,q1009,sprint,a,mobile
1572525545483,submit,b1009,sprint,,mobile
1572525567072,enter,b12134,sprint,,mobile
1572525585401,respond,q18071,sprint,a,mobile
1572525588266,submit,b12134,sprint,,mobile
1572525658839,enter,b235,sprint,,mobile
1572525675873,respond,q235,sprint,b,mobile
1572525684919,submit,b235,sprint,,mobile
1572525711064,enter,b1126,sprint,,mobile
1572525731379,respond,q1126,sprint,c,mobile
1572525734711,submit,b1126,sprint,,mobile
1572525766749,enter,b11808,sprint,,mobile
1572525784383,respond,q17745,sprint,b,mobile
1572525787959,submit,b11808,sprint,,mobile
1572525830534,enter,b3858,sprint,,mobile
1572525866837,respond,q5326,sprint,a,mobile
1572525879253,respond,q5326,sprint,d,mobile
1572525883925,submit,b3858,sprint,,mobile
1572525920736,enter,b2744,sprint,,mobile
1572525930536,respond,q4212,sprint,d,mobile
1572525934444,submit,b2744,sprint,,mobile
1572525951549,enter,b2590,sprint,,mobile
1572525958303,respond,q4058,sprint,c,mobile
1572525961915,submit,b2590,sprint,,mobile
1572525990689,enter,b6907,sprint,,mobile
1572526004420,respond,q9556,sprint,a,mobile
1572526008690,respond,q9556,sprint,c,mobile
1572526009593,respond,q9556,sprint,a,mobile
1572526013642,respond,q9556,sprint,c,mobile
1572526016876,submit,b6907,sprint,,mobile
1572526024749,enter,b4040,sprint,,mobile
1572526033860,respond,q5508,sprint,a,mobile
1572526037331,submit,b4040,sprint,,mobile
1572526079647,enter,b6084,sprint,,mobile
1572526088037,respond,q8733,sprint,b,mobile
1572526099547,submit,b6084,sprint,,mobile
1572526120820,enter,b2726,sprint,,mobile
1572526123799,respond,q4194,sprint,b,mobile
1572526139648,respond,q4194,sprint,a,mobile
1572526146134,submit,b2726,sprint,,mobile
1572526184453,enter,b3381,sprint,,mobile
1572526189165,respond,q4849,sprint,b,mobile
1572526210903,respond,q4849,sprint,d,mobile
1572526216863,submit,b3381,sprint,,mobile
1572526242576,enter,b2302,sprint,,mobile
1572526282916,respond,q3770,sprint,d,mobile
1572526286571,submit,b2302,sprint,,mobile
1572526305643,enter,b6264,sprint,,mobile
1572526345645,respond,q8913,sprint,b,mobile
1572526349051,submit,b6264,sprint,,mobile
1572613200521,enter,b279,sprint,,mobile
1572613223069,respond,q279,sprint,c,mobile
1572613225925,submit,b279,sprint,,mobile
1572613317787,enter,b455,sprint,,mobile
1572613333562,respond,q455,sprint,c,mobile
1572613336448,submit,b455,sprint,,mobile
1572613402690,enter,b1125,sprint,,mobile
1572613423229,respond,q1125,sprint,b,mobile
1572613426594,submit,b1125,sprint,,mobile
1572613447398,enter,b1039,sprint,,mobile
1572613463947,respond,q1039,sprint,c,mobile
1572613466667,submit,b1039,sprint,,mobile
1572613536156,enter,b11881,sprint,,mobile
1572613556878,respond,q17818,sprint,a,mobile
1572613560424,submit,b11881,sprint,,mobile
1572613585134,enter,b1257,sprint,,mobile
1572613608431,respond,q1257,sprint,c,mobile
1572613611505,submit,b1257,sprint,,mobile
1572613633979,enter,b897,sprint,,mobile
1572613655533,respond,q897,sprint,b,mobile
1572613659491,submit,b897,sprint,,mobile
1572613703414,enter,b11485,sprint,,mobile
1572613730763,respond,q17248,sprint,c,mobile
1572613734236,submit,b11485,sprint,,mobile
1572613760091,enter,b2713,sprint,,mobile
1572613764264,respond,q4181,sprint,b,mobile
1572613767156,submit,b2713,sprint,,mobile
1572613798811,enter,b6335,sprint,,mobile
1572613805093,respond,q8984,sprint,c,mobile
1572613807753,submit,b6335,sprint,,mobile
1572613823196,enter,b3947,sprint,,mobile
1572613846887,respond,q5415,sprint,a,mobile
1572613850859,submit,b3947,sprint,,mobile
1572613890243,enter,b2308,sprint,,mobile
1572613902231,respond,q3776,sprint,a,mobile
1572613909340,respond,q3776,sprint,c,mobile
1572613913213,respond,q3776,sprint,a,mobile
1572613920927,respond,q3776,sprint,c,mobile
1572613924340,submit,b2308,sprint,,mobile
1572613940056,enter,b6075,sprint,,mobile
1572613974334,respond,q8724,sprint,b,mobile
1572613978024,submit,b6075,sprint,,mobile
1572614013502,enter,b6373,sprint,,mobile
1572614018855,respond,q9022,sprint,b,mobile
1572614021755,submit,b6373,sprint,,mobile
1572614043724,enter,b7157,sprint,,mobile
1572614079890,respond,q9806,sprint,d,mobile
1572614083612,submit,b7157,sprint,,mobile
1572614109133,enter,b4672,sprint,,mobile
1572614122341,respond,q6140,sprint,d,mobile
1572614128255,submit,b4672,sprint,,mobile
1572614142897,enter,b5669,sprint,,mobile
1572614149716,respond,q8198,sprint,c,mobile
1572614152199,submit,b5669,sprint,,mobile
1572871539353,enter,b1047,sprint,,mobile
1572871551136,respond,q1047,sprint,a,mobile
1572871559568,submit,b1047,sprint,,mobile
1572871604952,enter,b12159,sprint,,mobile
1572871621778,respond,q18096,sprint,b,mobile
1572871626922,submit,b12159,sprint,,mobile
1572871651891,enter,b636,sprint,,mobile
1572871668467,respond,q636,sprint,a,mobile
1572871676689,submit,b636,sprint,,mobile
1572871699704,enter,b1249,sprint,,mobile
1572871720834,respond,q1249,sprint,c,mobile
1572871724319,submit,b1249,sprint,,mobile
1572871750697,enter,b1205,sprint,,mobile
1572871768069,respond,q1205,sprint,c,mobile
1572871771728,submit,b1205,sprint,,mobile
1572871791928,enter,b12022,sprint,,mobile
1572871811193,respond,q17959,sprint,c,mobile
1572871814590,submit,b12022,sprint,,mobile
1572871834847,enter,b663,sprint,,mobile
1572871854444,respond,q663,sprint,b,mobile
1572871857483,submit,b663,sprint,,mobile
1572871889120,enter,b345,sprint,,mobile
1572871906016,respond,q345,sprint,b,mobile
1572871909422,submit,b345,sprint,,mobile
1572871933671,enter,b632,sprint,,mobile
1572871953743,respond,q632,sprint,b,mobile
1572871957049,submit,b632,sprint,,mobile
1572871977980,enter,b12030,sprint,,mobile
1572871996150,respond,q17967,sprint,b,mobile
1572871999217,submit,b12030,sprint,,mobile
1572872057954,enter,b2530,sprint,,mobile
1572872080006,respond,q3998,sprint,b,mobile
1572872091495,submit,b2530,sprint,,mobile
1572872135385,enter,b4295,sprint,,mobile
1572872145652,respond,q5763,sprint,d,mobile
1572872148529,submit,b4295,sprint,,mobile
1572872162926,enter,b2709,sprint,,mobile
1572872170516,respond,q4177,sprint,c,mobile
1572872176799,submit,b2709,sprint,,mobile
1572872220679,enter,b3819,sprint,,mobile
1572872225227,respond,q5287,sprint,c,mobile
1572872231582,submit,b3819,sprint,,mobile
1572872296363,enter,b4184,sprint,,mobile
1572872320817,respond,q5652,sprint,c,mobile
1572872334888,submit,b4184,sprint,,mobile
1572872387513,enter,b6701,sprint,,mobile
1572872402822,respond,q9350,sprint,b,mobile
1572872406177,submit,b6701,sprint,,mobile
1572872418271,enter,b2956,sprint,,mobile
1572872428624,respond,q4424,sprint,a,mobile
1572872431891,submit,b2956,sprint,,mobile
1572872450468,enter,b6194,sprint,,mobile
1572872467539,respond,q8843,sprint,a,mobile
1572872471911,submit,b6194,sprint,,mobile
1572872525419,enter,b6051,sprint,,mobile
1572872557313,respond,q8700,sprint,b,mobile
1572872563465,submit,b6051,sprint,,mobile
1572872621474,enter,b6083,sprint,,mobile
1572872640743,respond,q8732,sprint,c,mobile
1572872643123,submit,b6083,sprint,,mobile
1573043242850,enter,b266,sprint,,mobile
1573043262988,respond,q266,sprint,a,mobile
1573043266431,submit,b266,sprint,,mobile
1573043298380,enter,b1269,sprint,,mobile
1573043313205,respond,q1269,sprint,b,mobile
1573043316940,submit,b1269,sprint,,mobile
1573043334932,enter,b1181,sprint,,mobile
1573043349827,respond,q1181,sprint,b,mobile
1573043352891,submit,b1181,sprint,,mobile
1573043372779,enter,b11810,sprint,,mobile
1573043391332,respond,q17747,sprint,b,mobile
1573043395455,submit,b11810,sprint,,mobile
1573043415400,enter,b729,sprint,,mobile
1573043434390,respond,q729,sprint,b,mobile
1573043438066,submit,b729,sprint,,mobile
1573043490885,enter,b383,sprint,,mobile
1573043507194,respond,q383,sprint,b,mobile
1573043510392,submit,b383,sprint,,mobile
1573043530821,enter,b815,sprint,,mobile
1573043542327,respond,q815,sprint,a,mobile
1573043544983,submit,b815,sprint,,mobile
1573043574058,enter,b12027,sprint,,mobile
1573043595288,respond,q17964,sprint,c,mobile
1573043597943,submit,b12027,sprint,,mobile
1573043620104,enter,b1015,sprint,,mobile
1573043631690,respond,q1015,sprint,a,mobile
1573043634885,submit,b1015,sprint,,mobile
1573043664349,enter,b280,sprint,,mobile
1573043684804,respond,q280,sprint,b,mobile
1573043687840,submit,b280,sprint,,mobile
1573043738581,enter,b3435,sprint,,mobile
1573043744679,respond,q4903,sprint,c,mobile
1573043749356,submit,b3435,sprint,,mobile
1573043791307,enter,b3135,sprint,,mobile
1573043808894,respond,q4603,sprint,d,mobile
1573043812543,submit,b3135,sprint,,mobile
1573043836268,enter,b2808,sprint,,mobile
1573043840325,respond,q4276,sprint,c,mobile
1573043843464,submit,b2808,sprint,,mobile
1573043861951,enter,b2517,sprint,,mobile
1573043889413,respond,q3985,sprint,d,mobile
1573043900298,submit,b2517,sprint,,mobile
1573043927605,enter,b4265,sprint,,mobile
1573043937405,respond,q5733,sprint,b,mobile
1573043948520,respond,q5733,sprint,a,mobile
1573043966138,submit,b4265,sprint,,mobile
1573043979504,enter,b3818,sprint,,mobile
1573044018046,respond,q5286,sprint,c,mobile
1573044021175,respond,q5286,sprint,b,mobile
1573044023934,respond,q5286,sprint,c,mobile
1573044027069,submit,b3818,sprint,,mobile
1573044138128,enter,b5151,sprint,,mobile
1573044149229,respond,q6745,sprint,d,mobile
1573044151689,submit,b5151,sprint,,mobile
1573044213284,enter,b6092,sprint,,mobile
1573044226388,respond,q8741,sprint,a,mobile
1573044229704,submit,b6092,sprint,,mobile
1573044259262,enter,b7174,sprint,,mobile
1573044274976,respond,q9823,sprint,b,mobile
1573044283070,submit,b7174,sprint,,mobile
1573044303133,enter,b5147,sprint,,mobile
1573044309874,respond,q6741,sprint,b,mobile
1573044312769,submit,b5147,sprint,,mobile
1573388379658,enter,b1070,sprint,,mobile
1573388395618,respond,q1070,sprint,c,mobile
1573388400695,submit,b1070,sprint,,mobile
1573388431614,enter,b12093,sprint,,mobile
1573388445796,respond,q18030,sprint,b,mobile
1573388450661,submit,b12093,sprint,,mobile
1573388472944,enter,b444,sprint,,mobile
1573388488657,respond,q444,sprint,b,mobile
1573388494819,submit,b444,sprint,,mobile
1573388518603,enter,b870,sprint,,mobile
1573388533203,respond,q870,sprint,b,mobile
1573388539354,submit,b870,sprint,,mobile
1573388578913,enter,b1081,sprint,,mobile
1573388589427,respond,q1081,sprint,a,mobile
1573388597209,submit,b1081,sprint,,mobile
1573388616555,enter,b11983,sprint,,mobile
1573388635690,respond,q17920,sprint,a,mobile
1573388638672,submit,b11983,sprint,,mobile
1573388662472,enter,b1053,sprint,,mobile
1573388675670,respond,q1053,sprint,b,mobile
1573388681786,submit,b1053,sprint,,mobile
1573388703518,enter,b1058,sprint,,mobile
1573388724497,respond,q1058,sprint,b,mobile
1573388727354,submit,b1058,sprint,,mobile
1573388807570,enter,b12203,sprint,,mobile
1573388817765,respond,q18140,sprint,a,mobile
1573388826477,submit,b12203,sprint,,mobile
1573388859639,enter,b11368,sprint,,mobile
1573388874184,respond,q17131,sprint,c,mobile
1573388877790,submit,b11368,sprint,,mobile
1573388914159,enter,b6922,sprint,,mobile
1573388932624,respond,q9571,sprint,d,mobile
1573388936064,submit,b6922,sprint,,mobile
1573388971681,enter,b3115,sprint,,mobile
1573389003099,respond,q4583,sprint,b,mobile
1573389006411,respond,q4583,sprint,c,mobile
1573389007614,respond,q4583,sprint,b,mobile
1573389011313,submit,b3115,sprint,,mobile
1573389024307,enter,b6734,sprint,,mobile
1573389057275,respond,q9383,sprint,b,mobile
1573389062374,submit,b6734,sprint,,mobile
1573389094353,enter,b6165,sprint,,mobile
1573389111784,respond,q8814,sprint,a,mobile
1573389115973,submit,b6165,sprint,,mobile
1573389148310,enter,b4826,sprint,,mobile
1573389172299,respond,q6294,sprint,b,mobile
1573389175486,submit,b4826,sprint,,mobile
1573389193900,enter,b6172,sprint,,mobile
1573389201270,respond,q8821,sprint,d,mobile
1573389204961,submit,b6172,sprint,,mobile
1573389249262,enter,b4297,sprint,,mobile
1573389272853,respond,q5765,sprint,d,mobile
1573389276039,submit,b4297,sprint,,mobile
1573389323111,enter,b3628,sprint,,mobile
1573389334671,respond,q5096,sprint,c,mobile
1573389337778,submit,b3628,sprint,,mobile
1573389396444,enter,b6901,sprint,,mobile
1573389398989,respond,q9550,sprint,a,mobile
1573389401654,submit,b6901,sprint,,mobile
1573739926350,enter,b1271,sprint,,mobile
1573739946586,respond,q1271,sprint,c,mobile
1573739950402,submit,b1271,sprint,,mobile
1573739975136,enter,b747,sprint,,mobile
1573739994139,respond,q747,sprint,c,mobile
1573739997911,submit,b747,sprint,,mobile
1573740018456,enter,b879,sprint,,mobile
1573740029161,respond,q879,sprint,a,mobile
1573740037336,submit,b879,sprint,,mobile
1573740113686,enter,b941,sprint,,mobile
1573740127218,respond,q941,sprint,b,mobile
1573740132418,submit,b941,sprint,,mobile
1573740150733,enter,b447,sprint,,mobile
1573740169047,respond,q447,sprint,b,mobile
1573740172872,submit,b447,sprint,,mobile
1573740195503,enter,b477,sprint,,mobile
1573740215206,respond,q477,sprint,a,mobile
1573740218744,submit,b477,sprint,,mobile
1573740240252,enter,b11857,sprint,,mobile
1573740265307,respond,q17794,sprint,a,mobile
1573740268998,submit,b11857,sprint,,mobile
1573740303393,enter,b329,sprint,,mobile
1573740322039,respond,q329,sprint,c,mobile
1573740325338,submit,b329,sprint,,mobile
1573740348174,enter,b1300,sprint,,mobile
1573740362438,respond,q1300,sprint,b,mobile
1573740365971,submit,b1300,sprint,,mobile
1573740411156,enter,b7177,sprint,,mobile
1573740420690,respond,q9826,sprint,d,mobile
1573740432319,respond,q9826,sprint,b,mobile
1573740435761,submit,b7177,sprint,,mobile
1573740603711,enter,b3096,sprint,,mobile
1573740629759,respond,q4564,sprint,a,mobile
1573740633571,submit,b3096,sprint,,mobile
1573740652019,enter,b7178,sprint,,mobile
1573740690588,respond,q9827,sprint,b,mobile
1573740712225,respond,q9827,sprint,c,mobile
1573740715179,submit,b7178,sprint,,mobile
1573740829143,enter,b6323,sprint,,mobile
1573740840633,respond,q8972,sprint,c,mobile
1573740846465,submit,b6323,sprint,,mobile
1573740900177,enter,b3592,sprint,,mobile
1573740923941,respond,q5060,sprint,d,mobile
1573740927454,submit,b3592,sprint,,mobile
1573740988821,enter,b2372,sprint,,mobile
1573741009911,respond,q3840,sprint,b,mobile
1573741014294,submit,b2372,sprint,,mobile
1573741069052,enter,b6710,sprint,,mobile
1573741103417,respond,q9359,sprint,b,mobile
1573741105222,respond,q9359,sprint,d,mobile
1573741107784,submit,b6710,sprint,,mobile
1573741124753,enter,b7152,sprint,,mobile
1573741130223,respond,q9801,sprint,d,mobile
1573741139964,submit,b7152,sprint,,mobile
1573741238848,enter,b6069,sprint,,mobile
1573741241838,respond,q8718,sprint,b,mobile
1573741253296,submit,b6069,sprint,,mobile
1573741263033,enter,b4619,sprint,,mobile
1573741297399,respond,q6087,sprint,a,mobile
1573741300920,submit,b4619,sprint,,mobile
1573820763058,enter,b823,sprint,,mobile
1573820781455,respond,q823,sprint,b,mobile
1573820785330,submit,b823,sprint,,mobile
1573820809187,enter,b12182,sprint,,mobile
1573820821554,respond,q18119,sprint,a,mobile
1573820831720,submit,b12182,sprint,,mobile
1573820922650,enter,b1317,sprint,,mobile
1573820932000,respond,q1317,sprint,a,mobile
1573820934856,submit,b1317,sprint,,mobile
1573820995013,enter,b12165,sprint,,mobile
1573821013302,respond,q18102,sprint,b,mobile
1573821016238,submit,b12165,sprint,,mobile
1573821094580,enter,b825,sprint,,mobile
1573821113928,respond,q825,sprint,c,mobile
1573821122712,respond,q825,sprint,b,mobile
1573821126032,submit,b825,sprint,,mobile
1573821196419,enter,b12068,sprint,,mobile
1573821214315,respond,q18005,sprint,a,mobile
1573821218289,submit,b12068,sprint,,mobile
1573821271647,enter,b6916,sprint,,mobile
1573821283028,respond,q9565,sprint,c,mobile
1573821287014,submit,b6916,sprint,,mobile
1573821385161,enter,b7073,sprint,,mobile
1573821411127,respond,q9722,sprint,b,mobile
1573821414073,submit,b7073,sprint,,mobile
1573821436073,enter,b7161,sprint,,mobile
1573821462393,respond,q9810,sprint,a,mobile
1573821465275,submit,b7161,sprint,,mobile
1573821524224,enter,b7166,sprint,,mobile
1573821533522,respond,q9815,sprint,a,mobile
1573821536959,submit,b7166,sprint,,mobile
1573821626478,enter,b2925,sprint,,mobile
1573821631588,respond,q4393,sprint,a,mobile
1573821635986,submit,b2925,sprint,,mobile
1573821682218,enter,b6930,sprint,,mobile
1573821716407,respond,q9579,sprint,b,mobile
1573821720053,submit,b6930,sprint,,mobile
1573821747852,enter,b6017,sprint,,mobile
1573821781426,respond,q8666,sprint,c,mobile
1573821784365,submit,b6017,sprint,,mobile
1573821818419,enter,b6078,sprint,,mobile
1573821842179,respond,q8727,sprint,b,mobile
1573821845189,submit,b6078,sprint,,mobile
1573821900980,enter,b2594,sprint,,mobile
1573821922902,respond,q4062,sprint,c,mobile
1573821926180,submit,b2594,sprint,,mobile
1573821959630,enter,b3761,sprint,,mobile
1573821971951,respond,q5229,sprint,c,mobile
1573821975966,submit,b3761,sprint,,mobile
1573943359579,enter,b954,sprint,,mobile
1573943376964,respond,q954,sprint,b,mobile
1573943382219,submit,b954,sprint,,mobile
1573943406907,enter,b1358,sprint,,mobile
1573943421152,respond,q1358,sprint,b,mobile
1573943426172,submit,b1358,sprint,,mobile
1573943448046,enter,b889,sprint,,mobile
1573943465451,respond,q889,sprint,b,mobile
1573943468405,submit,b889,sprint,,mobile
1573943489077,enter,b11973,sprint,,mobile
1573943512501,respond,q17910,sprint,b,mobile
1573943515414,submit,b11973,sprint,,mobile
1573943537854,enter,b655,sprint,,mobile
1573943556419,respond,q655,sprint,a,mobile
1573943560745,submit,b655,sprint,,mobile
1573943601362,enter,b1230,sprint,,mobile
1573943618780,respond,q1230,sprint,b,mobile
1573943623088,submit,b1230,sprint,,mobile
1573943658289,enter,b1315,sprint,,mobile
1573943678506,respond,q1315,sprint,a,mobile
1573943681504,submit,b1315,sprint,,mobile
1573943717878,enter,b11849,sprint,,mobile
1573943740087,respond,q17786,sprint,b,mobile
1573943743314,submit,b11849,sprint,,mobile
1573943787283,enter,b749,sprint,,mobile
1573943804893,respond,q749,sprint,b,mobile
1573943808503,submit,b749,sprint,,mobile
1573943834464,enter,b431,sprint,,mobile
1573943849179,respond,q431,sprint,b,mobile
1573943855644,submit,b431,sprint,,mobile
1573943916606,enter,b3752,sprint,,mobile
1573943927607,respond,q5220,sprint,c,mobile
1573943942319,submit,b3752,sprint,,mobile
1573943975097,enter,b2614,sprint,,mobile
1573944012874,respond,q4082,sprint,a,mobile
1573944015686,submit,b2614,sprint,,mobile
1573944061057,enter,b11325,sprint,,mobile
1573944088311,respond,q17088,sprint,c,mobile
1573944091662,submit,b11325,sprint,,mobile
1573944119056,enter,b3590,sprint,,mobile
1573944156749,respond,q5058,sprint,a,mobile
1573944162477,submit,b3590,sprint,,mobile
1573944203677,enter,b6087,sprint,,mobile
1573944253066,respond,q8736,sprint,d,mobile
1573944255897,submit,b6087,sprint,,mobile
1573944291991,enter,b4885,sprint,,mobile
1573944299597,respond,q6353,sprint,c,mobile
1573944321687,submit,b4885,sprint,,mobile
1573944335808,enter,b4688,sprint,,mobile
1573944343673,respond,q6156,sprint,b,mobile
1573944346675,submit,b4688,sprint,,mobile
1573944425820,enter,b3606,sprint,,mobile
1573944460436,respond,q5074,sprint,a,mobile
1573944464001,submit,b3606,sprint,,mobile
1573944503991,enter,b6182,sprint,,mobile
1573944537463,respond,q8831,sprint,a,mobile
1573944545273,submit,b6182,sprint,,mobile
1573944582510,enter,b6186,sprint,,mobile
1573944616051,respond,q8835,sprint,a,mobile
1573944633124,submit,b6186,sprint,,mobile
1574030435792,enter,b297,sprint,,mobile
1574030450015,respond,q297,sprint,a,mobile
1574030456568,submit,b297,sprint,,mobile
1574030477417,enter,b12098,sprint,,mobile
1574030501613,respond,q18035,sprint,a,mobile
1574030504624,submit,b12098,sprint,,mobile
1574030544069,enter,b842,sprint,,mobile
1574030564609,respond,q842,sprint,b,mobile
1574030570690,respond,q842,sprint,c,mobile
1574030575969,submit,b842,sprint,,mobile
1574030597757,enter,b1036,sprint,,mobile
1574030618249,respond,q1036,sprint,b,mobile
1574030622362,submit,b1036,sprint,,mobile
1574030684552,enter,b466,sprint,,mobile
1574030716285,respond,q466,sprint,c,mobile
1574030719325,submit,b466,sprint,,mobile
1574030758367,enter,b12139,sprint,,mobile
1574030778992,respond,q18076,sprint,b,mobile
1574030782785,submit,b12139,sprint,,mobile
1574030813393,enter,b628,sprint,,mobile
1574030825028,respond,q628,sprint,a,mobile
1574030832556,submit,b628,sprint,,mobile
1574030851820,enter,b1085,sprint,,mobile
1574030866744,respond,q1085,sprint,b,mobile
1574030875710,submit,b1085,sprint,,mobile
1574030895310,enter,b1054,sprint,,mobile
1574030908094,respond,q1054,sprint,a,mobile
1574030912969,submit,b1054,sprint,,mobile
1574030929796,enter,b12073,sprint,,mobile
1574030952743,respond,q18010,sprint,b,mobile
1574030959526,respond,q18010,sprint,c,mobile
1574030962633,submit,b12073,sprint,,mobile
1574031002443,enter,b6203,sprint,,mobile
1574031020317,respond,q8852,sprint,b,mobile
1574031023548,submit,b6203,sprint,,mobile
1574031089748,enter,b3069,sprint,,mobile
1574031128394,respond,q4537,sprint,d,mobile
1574031133424,submit,b3069,sprint,,mobile
1574031161246,enter,b4466,sprint,,mobile
1574031190671,respond,q5934,sprint,a,mobile
1574031203120,respond,q5934,sprint,d,mobile
1574031208644,respond,q5934,sprint,a,mobile
1574031210385,respond,q5934,sprint,d,mobile
1574031213293,submit,b4466,sprint,,mobile
1574031234799,enter,b7158,sprint,,mobile
1574031251459,respond,q9807,sprint,c,mobile
1574031255075,submit,b7158,sprint,,mobile
1574031299069,enter,b6196,sprint,,mobile
1574031347057,respond,q8845,sprint,a,mobile
1574031350610,submit,b6196,sprint,,mobile
1574116563958,enter,b1137,sprint,,mobile
1574116584805,respond,q1137,sprint,b,mobile
1574116590002,submit,b1137,sprint,,mobile
1574116660839,enter,b448,sprint,,mobile
1574116681081,respond,q448,sprint,b,mobile
1574116684591,submit,b448,sprint,,mobile
1574116725925,enter,b319,sprint,,mobile
1574116744549,respond,q319,sprint,b,mobile
1574116748128,submit,b319,sprint,,mobile
1574116773140,enter,b11985,sprint,,mobile
1574116790356,respond,q17922,sprint,a,mobile
1574116793802,submit,b11985,sprint,,mobile
1574116991130,enter,b11985,sprint,,mobile
1574117013428,submit,b11985,sprint,,mobile
1574117013501,enter,b840,sprint,,mobile
1574117031620,respond,q840,sprint,b,mobile
1574117034797,submit,b840,sprint,,mobile
1574117057774,enter,b980,sprint,,mobile
1574117069680,respond,q980,sprint,a,mobile
1574117078653,submit,b980,sprint,,mobile
1574117126623,enter,b314,sprint,,mobile
1574117141956,respond,q314,sprint,c,mobile
1574117145410,submit,b314,sprint,,mobile
1574117162671,enter,b12060,sprint,,mobile
1574117176980,respond,q17997,sprint,c,mobile
1574117182883,submit,b12060,sprint,,mobile
1574117210903,enter,b1095,sprint,,mobile
1574117228311,respond,q1095,sprint,c,mobile
1574117231514,submit,b1095,sprint,,mobile
1574117251870,enter,b489,sprint,,mobile
1574117270630,respond,q489,sprint,c,mobile
1574117274225,submit,b489,sprint,,mobile
1574117325393,enter,b4020,sprint,,mobile
1574117332293,respond,q5488,sprint,b,mobile
1574117339151,submit,b4020,sprint,,mobile
1574117352501,enter,b2627,sprint,,mobile
1574117390435,respond,q4095,sprint,a,mobile
1574117395466,submit,b2627,sprint,,mobile
1574117438737,enter,b6191,sprint,,mobile
1574117457531,respond,q8840,sprint,c,mobile
1574117461112,submit,b6191,sprint,,mobile
1574117538485,enter,b2850,sprint,,mobile
1574117549009,respond,q4318,sprint,b,mobile
1574117553159,submit,b2850,sprint,,mobile
1574117625709,enter,b7345,sprint,,mobile
1574117671036,respond,q9994,sprint,b,mobile
1574117683236,submit,b7345,sprint,,mobile
1574117714502,enter,b2221,sprint,,mobile
1574117724743,respond,q3689,sprint,d,mobile
1574117729906,submit,b2221,sprint,,mobile
1574117759868,enter,b2560,sprint,,mobile
1574117779671,respond,q4028,sprint,b,mobile
1574117783152,submit,b2560,sprint,,mobile
1574117796212,enter,b4317,sprint,,mobile
1574117812427,respond,q5785,sprint,b,mobile
1574117816229,submit,b4317,sprint,,mobile
1574117895030,enter,b3694,sprint,,mobile
1574117921803,respond,q5162,sprint,d,mobile
1574117924881,submit,b3694,sprint,,mobile
1574117962020,enter,b5719,sprint,,mobile
1574117980020,respond,q8368,sprint,a,mobile
1574117983653,submit,b5719,sprint,,mobile
1574118038903,enter,b3051,sprint,,mobile
1574118066805,respond,q4519,sprint,c,mobile
1574118070287,submit,b3051,sprint,,mobile
1574118098804,enter,b7674,sprint,,mobile
1574118147297,respond,q10323,sprint,d,mobile
1574118161219,submit,b7674,sprint,,mobile
1574118192612,enter,b7171,sprint,,mobile
1574118234573,respond,q9820,sprint,a,mobile
1574118249785,submit,b7171,sprint,,mobile
1574118278530,enter,b5143,sprint,,mobile
1574118323000,respond,q6737,sprint,d,mobile
1574118325963,submit,b5143,sprint,,mobile
1574118360239,enter,b11627,sprint,,mobile
1574118397014,respond,q17390,sprint,d,mobile
1574118400015,submit,b11627,sprint,,mobile
1574289713410,enter,b1306,sprint,,mobile
1574289732119,respond,q1306,sprint,c,mobile
1574289735232,submit,b1306,sprint,,mobile
1574289756378,enter,b12193,sprint,,mobile
1574289778788,respond,q18130,sprint,c,mobile
1574289782105,submit,b12193,sprint,,mobile
1574289911760,enter,b229,sprint,,mobile
1574289928192,respond,q229,sprint,a,mobile
1574289931371,submit,b229,sprint,,mobile
1574289951386,enter,b11832,sprint,,mobile
1574289972122,respond,q17769,sprint,c,mobile
1574289975221,submit,b11832,sprint,,mobile
1574289996649,enter,b1198,sprint,,mobile
1574290015291,respond,q1198,sprint,c,mobile
1574290018799,submit,b1198,sprint,,mobile
1574290083402,enter,b344,sprint,,mobile
1574290101286,respond,q344,sprint,b,mobile
1574290104232,submit,b344,sprint,,mobile
1574290126989,enter,b11976,sprint,,mobile
1574290148357,respond,q17913,sprint,c,mobile
1574290151522,submit,b11976,sprint,,mobile
1574290195680,enter,b6726,sprint,,mobile
1574290214108,respond,q9375,sprint,d,mobile
1574290225858,submit,b6726,sprint,,mobile
1574290255848,enter,b3317,sprint,,mobile
1574290284839,respond,q4785,sprint,d,mobile
1574290287839,submit,b3317,sprint,,mobile
1574290341698,enter,b3785,sprint,,mobile
1574290358045,respond,q5253,sprint,a,mobile
1574290365567,submit,b3785,sprint,,mobile
1574290402508,enter,b6272,sprint,,mobile
1574290430216,respond,q8921,sprint,c,mobile
1574290437977,submit,b6272,sprint,,mobile
1574290479503,enter,b6159,sprint,,mobile
1574290511910,respond,q8808,sprint,a,mobile
1574290519304,respond,q8808,sprint,b,mobile
1574290530614,respond,q8808,sprint,a,mobile
1574290534108,submit,b6159,sprint,,mobile
1574290551333,enter,b4167,sprint,,mobile
1574290575823,respond,q5635,sprint,d,mobile
1574290586410,submit,b4167,sprint,,mobile
1574290609547,enter,b6192,sprint,,mobile
1574290643114,respond,q8841,sprint,a,mobile
1574290648058,submit,b6192,sprint,,mobile
1574290706018,enter,b2972,sprint,,mobile
1574290712818,respond,q4440,sprint,d,mobile
1574290716585,submit,b2972,sprint,,mobile
1574290763991,enter,b6925,sprint,,mobile
1574290767449,respond,q9574,sprint,c,mobile
1574290773693,submit,b6925,sprint,,mobile
1574290821789,enter,b11512,sprint,,mobile
1574290834726,respond,q17275,sprint,c,mobile
1574290845352,submit,b11512,sprint,,mobile
1574375729854,enter,b322,sprint,,mobile
1574375749451,respond,q322,sprint,b,mobile
1574375752846,submit,b322,sprint,,mobile
1574375864364,enter,b12048,sprint,,mobile
1574375885794,respond,q17985,sprint,b,mobile
1574375888824,submit,b12048,sprint,,mobile
1574375961629,enter,b1130,sprint,,mobile
1574375982743,respond,q1130,sprint,a,mobile
1574375986095,submit,b1130,sprint,,mobile
1574376006197,enter,b435,sprint,,mobile
1574376023134,respond,q435,sprint,a,mobile
1574376026798,submit,b435,sprint,,mobile
1574376051543,enter,b11953,sprint,,mobile
1574376078867,respond,q17890,sprint,a,mobile
1574376082234,submit,b11953,sprint,,mobile
1574376115691,enter,b1245,sprint,,mobile
1574376135420,respond,q1245,sprint,b,mobile
1574376138716,submit,b1245,sprint,,mobile
1574376180157,enter,b360,sprint,,mobile
1574376201045,respond,q360,sprint,c,mobile
1574376203718,submit,b360,sprint,,mobile
1574376279422,enter,b2480,sprint,,mobile
1574376289284,respond,q3948,sprint,c,mobile
1574376292131,submit,b2480,sprint,,mobile
1574376321005,enter,b4680,sprint,,mobile
1574376340136,respond,q6148,sprint,a,mobile
1574376344186,submit,b4680,sprint,,mobile
1574376402301,enter,b2324,sprint,,mobile
1574376432973,respond,q3792,sprint,a,mobile
1574376435834,submit,b2324,sprint,,mobile
1574376459205,enter,b6746,sprint,,mobile
1574376468520,respond,q9395,sprint,c,mobile
1574376472226,submit,b6746,sprint,,mobile
1574376495303,enter,b7153,sprint,,mobile
1574376510204,respond,q9802,sprint,b,mobile
1574376532540,respond,q9802,sprint,c,mobile
1574376536580,submit,b7153,sprint,,mobile
1574376588886,enter,b4496,sprint,,mobile
1574376593430,respond,q5964,sprint,a,mobile
1574376603845,submit,b4496,sprint,,mobile
1574376618315,enter,b7256,sprint,,mobile
1574376641087,respond,q9905,sprint,d,mobile
1574376644116,submit,b7256,sprint,,mobile
1574376678180,enter,b3644,sprint,,mobile
1574376704589,respond,q5112,sprint,b,mobile
1574376707475,submit,b3644,sprint,,mobile
1574376738328,enter,b6808,sprint,,mobile
1574376766136,respond,q9457,sprint,b,mobile
1574376769425,submit,b6808,sprint,,mobile
1574376808363,enter,b6095,sprint,,mobile
1574376834889,respond,q8744,sprint,d,mobile
1574376840049,submit,b6095,sprint,,mobile
1574554028228,enter,b593,sprint,,mobile
1574554047071,respond,q593,sprint,a,mobile
1574554051172,submit,b593,sprint,,mobile
1574554087726,enter,b11809,sprint,,mobile
1574554109920,respond,q17746,sprint,c,mobile
1574554113262,submit,b11809,sprint,,mobile
1574554135437,enter,b708,sprint,,mobile
1574554154539,respond,q708,sprint,c,mobile
1574554158392,submit,b708,sprint,,mobile
1574554186074,enter,b1380,sprint,,mobile
1574554205708,respond,q1380,sprint,a,mobile
1574554209193,submit,b1380,sprint,,mobile
1574554248397,enter,b250,sprint,,mobile
1574554268648,respond,q250,sprint,c,mobile
1574554273930,submit,b250,sprint,,mobile
1574554323899,enter,b12001,sprint,,mobile
1574554345213,respond,q17938,sprint,b,mobile
1574554349342,submit,b12001,sprint,,mobile
1574554370242,enter,b875,sprint,,mobile
1574554384797,respond,q875,sprint,a,mobile
1574554384797,respond,q875,sprint,a,mobile
1574554392292,submit,b875,sprint,,mobile
1574554460862,enter,b1378,sprint,,mobile
1574554480648,respond,q1378,sprint,b,mobile
1574554513881,submit,b1378,sprint,,mobile
1574554551742,enter,b1378,sprint,,mobile
1574554575246,respond,q1378,sprint,c,mobile
1574554582729,submit,b1378,sprint,,mobile
1574554582817,enter,b1378,sprint,,mobile
1574554603110,respond,q1378,sprint,b,mobile
1574554603675,respond,q1378,sprint,c,mobile
1574554611694,submit,b1378,sprint,,mobile
1574554611783,enter,b1378,sprint,,mobile
1574554615264,submit,b1378,sprint,,mobile
1574554619226,enter,b1378,sprint,,mobile
1574554622207,respond,q1378,sprint,c,mobile
1574554626537,submit,b1378,sprint,,mobile
1574554638484,enter,b604,sprint,,mobile
1574554654993,respond,q604,sprint,a,mobile
1574554659905,submit,b604,sprint,,mobile
1574554680312,enter,b12104,sprint,,mobile
1574554704540,respond,q18041,sprint,a,mobile
1574554710772,submit,b12104,sprint,,mobile
1574554770035,enter,b3365,sprint,,mobile
1574554804146,respond,q4833,sprint,d,mobile
1574554808285,submit,b3365,sprint,,mobile
