timestamp,action_type,item_id,source,user_answer,platform
1572218517835,enter,b4950,diagnosis,,mobile
1572218532656,respond,q6418,diagnosis,c,mobile
1572218538699,submit,b4950,diagnosis,,mobile
1572218538763,enter,b2218,diagnosis,,mobile
1572218555804,respond,q3686,diagnosis,c,mobile
1572218560933,submit,b2218,diagnosis,,mobile
1572218560977,enter,b11484,diagnosis,,mobile
1572218608949,respond,q17247,diagnosis,b,mobile
1572218614796,submit,b11484,diagnosis,,mobile
1572218614844,enter,b2683,diagnosis,,mobile
1572218651481,respond,q4151,diagnosis,a,mobile
1572218656705,submit,b2683,diagnosis,,mobile
1572218656758,enter,b7667,diagnosis,,mobile
1572218677965,respond,q10316,diagnosis,a,mobile
1572218682296,submit,b7667,diagnosis,,mobile
1572218682345,enter,b7107,diagnosis,,mobile
1572218706318,respond,q9756,diagnosis,c,mobile
1572218708267,respond,q9756,diagnosis,b,mobile
1572218713320,submit,b7107,diagnosis,,mobile
