timestamp,action_type,item_id,source,user_answer,platform
1574044063791,enter,b2715,diagnosis,,mobile
1574044075836,respond,q4183,diagnosis,b,mobile
1574044083957,submit,b2715,diagnosis,,mobile
1574044084122,enter,b4381,diagnosis,,mobile
1574044089472,respond,q5849,diagnosis,b,mobile
1574044094985,submit,b4381,diagnosis,,mobile
1574044095095,enter,b7229,diagnosis,,mobile
1574044108723,respond,q9878,diagnosis,d,mobile
1574044115272,submit,b7229,diagnosis,,mobile
1574044115376,enter,b6392,diagnosis,,mobile
1574044133736,respond,q9041,diagnosis,c,mobile
1574044139135,submit,b6392,diagnosis,,mobile
1574044139250,enter,b6413,diagnosis,,mobile
1574044152284,respond,q9062,diagnosis,a,mobile
1574044171661,submit,b6413,diagnosis,,mobile
1574044171767,enter,b2908,diagnosis,,mobile
1574044185299,respond,q4376,diagnosis,b,mobile
1574044193104,submit,b2908,diagnosis,,mobile
1574044193212,enter,b4721,diagnosis,,mobile
1574044196003,respond,q6189,diagnosis,a,mobile
1574044204983,submit,b4721,diagnosis,,mobile
1574073738318,enter,b7923,tutor,,mobile
1574073755234,respond,q10649,tutor,a,mobile
1574073761933,submit,b7923,tutor,,mobile
1574073762042,enter,b7923,tutor,,mobile
1574073769285,respond,q10649,tutor,a,mobile
1574073774179,submit,b7923,tutor,,mobile
1574073780526,enter,b7383,tutor,,mobile
1574073785951,respond,q10032,tutor,c,mobile
1574073790837,submit,b7383,tutor,,mobile
1574073796899,enter,b1547,tutor,,mobile
1574073848056,respond,q1839,tutor,c,mobile
1574073853284,submit,b1547,tutor,,mobile
1574073898158,enter,b1513,tutor,,mobile
1574073939326,respond,q1737,tutor,d,mobile
1574073948047,submit,b1513,tutor,,mobile
1574074000378,enter,b7920,tutor,,mobile
1574074008682,respond,q10637,tutor,c,mobile
1574074013120,submit,b7920,tutor,,mobile
1574074019793,enter,b1568,tutor,,mobile
1574074081117,respond,q1902,tutor,d,mobile
1574074085213,submit,b1568,tutor,,mobile
1574074133200,enter,b1315,tutor,,mobile
1574074148911,respond,q1315,tutor,c,mobile
1574074152874,submit,b1315,tutor,,mobile
1574074160212,enter,b1582,tutor,,mobile
1574074210037,respond,q1944,tutor,a,mobile
1574074214540,submit,b1582,tutor,,mobile
1574074223533,enter,b1519,tutor,,mobile
1574074235602,respond,q1755,tutor,a,mobile
1574074236476,respond,q1755,tutor,a,mobile
1574074250685,submit,b1519,tutor,,mobile
1574074257015,enter,b1393,tutor,,mobile
1574074280493,submit,b1393,tutor,,mobile
1574074286246,enter,b7379,tutor,,mobile
1574074292748,respond,q10028,tutor,c,mobile
1574074295483,submit,b7379,tutor,,mobile
1574074304230,enter,b1473,tutor,,mobile
1574074346312,respond,q1617,tutor,a,mobile
1574074351653,submit,b1473,tutor,,mobile
1574074358258,enter,b1537,tutor,,mobile
1574074425706,respond,q1809,tutor,b,mobile
1574074435014,submit,b1537,tutor,,mobile
1574074435122,enter,b1537,tutor,,mobile
1574074440492,respond,q1809,tutor,b,mobile
1574074444737,submit,b1537,tutor,,mobile
1574074455965,enter,b1564,tutor,,mobile
1574074495316,respond,q1890,tutor,d,mobile
1574074500290,submit,b1564,tutor,,mobile
1574074556866,enter,b7380,tutor,,mobile
1574074563649,respond,q10029,tutor,b,mobile
1574074566081,submit,b7380,tutor,,mobile
1574074572884,enter,b1084,tutor,,mobile
1574074581918,respond,q1084,tutor,a,mobile
1574074584564,submit,b1084,tutor,,mobile
1574074595098,enter,b7922,tutor,,mobile
1574074611566,respond,q10645,tutor,d,mobile
1574074616241,submit,b7922,tutor,,mobile
1574074623043,enter,b1529,tutor,,mobile
1574074655400,respond,q1785,tutor,d,mobile
1574074676060,submit,b1529,tutor,,mobile
1574074714028,enter,b135,tutor,,mobile
1574074729292,respond,q135,tutor,d,mobile
1574074738270,submit,b135,tutor,,mobile
1574074806050,enter,b1478,tutor,,mobile
1574074882585,submit,b1478,tutor,,mobile
1574074999571,enter,b1478,tutor,,mobile
1574075003829,respond,q1632,tutor,d,mobile
1574075009438,submit,b1478,tutor,,mobile
1574075092199,enter,b1455,tutor,,mobile
1574075144632,respond,q1563,tutor,d,mobile
1574075151062,submit,b1455,tutor,,mobile
1574075151185,enter,b1455,tutor,,mobile
1574075158879,respond,q1563,tutor,d,mobile
1574075165311,submit,b1455,tutor,,mobile
1574075200332,enter,b1483,tutor,,mobile
1574075252312,respond,q1647,tutor,b,mobile
1574075263620,submit,b1483,tutor,,mobile
1574075263724,enter,b1483,tutor,,mobile
1574075271740,respond,q1647,tutor,b,mobile
1574075291564,submit,b1483,tutor,,mobile
1574075299429,enter,b1594,tutor,,mobile
1574075330023,respond,q1980,tutor,d,mobile
1574075334513,submit,b1594,tutor,,mobile
1574075401538,enter,b7396,tutor,,mobile
1574075406347,respond,q10045,tutor,a,mobile
1574075411375,submit,b7396,tutor,,mobile
1574075417326,enter,b1561,tutor,,mobile
1574075476379,respond,q1881,tutor,d,mobile
1574075482549,respond,q1881,tutor,d,mobile
1574075486554,submit,b1561,tutor,,mobile
1574075493273,enter,b7384,tutor,,mobile
1574075498622,respond,q10033,tutor,d,mobile
1574075503000,submit,b7384,tutor,,mobile
1574075509244,enter,b1230,tutor,,mobile
1574075521708,respond,q1230,tutor,b,mobile
1574075527372,submit,b1230,tutor,,mobile
1574075532110,enter,b1187,tutor,,mobile
1574075543028,respond,q1187,tutor,a,mobile
1574075548462,submit,b1187,tutor,,mobile
1574075555370,enter,b1498,tutor,,mobile
1574075604291,respond,q1692,tutor,d,mobile
1574075610356,submit,b1498,tutor,,mobile
1574084766299,enter,b1392,tutor,,mobile
1574084785881,respond,q1392,tutor,b,mobile
1574084790061,respond,q1392,tutor,c,mobile
1574084793523,submit,b1392,tutor,,mobile
1574084802134,enter,b1063,tutor,,mobile
1574084817879,respond,q1063,tutor,b,mobile
1574084822724,submit,b1063,tutor,,mobile
1574084828225,enter,b127,tutor,,mobile
1574084843373,respond,q127,tutor,b,mobile
1574084846963,submit,b127,tutor,,mobile
1574084852405,enter,b1370,tutor,,mobile
1574084864740,respond,q1370,tutor,a,mobile
1574084866921,respond,q1370,tutor,a,mobile
1574084872214,submit,b1370,tutor,,mobile
1574084893905,enter,b1527,tutor,,mobile
1574084973329,respond,q1779,tutor,a,mobile
1574084977950,submit,b1527,tutor,,mobile
1574084978054,enter,b1527,tutor,,mobile
1574085011121,respond,q1779,tutor,a,mobile
1574085014831,submit,b1527,tutor,,mobile
1574085024212,enter,b1088,tutor,,mobile
1574085036947,respond,q1088,tutor,a,mobile
1574085042231,submit,b1088,tutor,,mobile
1574085054333,enter,b1479,tutor,,mobile
1574085116240,respond,q1635,tutor,d,mobile
1574085122848,submit,b1479,tutor,,mobile
1574085129515,enter,b1250,tutor,,mobile
1574085143289,respond,q1250,tutor,b,mobile
1574085146572,submit,b1250,tutor,,mobile
1574085152727,enter,b169,tutor,,mobile
1574085170549,respond,q169,tutor,c,mobile
1574085177430,submit,b169,tutor,,mobile
1574085185220,enter,b7371,tutor,,mobile
1574085189009,respond,q10020,tutor,c,mobile
1574085192276,submit,b7371,tutor,,mobile
1574085197972,enter,b1247,tutor,,mobile
1574085216045,respond,q1247,tutor,c,mobile
1574085219305,submit,b1247,tutor,,mobile
1574085232183,enter,b1069,tutor,,mobile
1574085248068,respond,q1069,tutor,b,mobile
1574085251044,submit,b1069,tutor,,mobile
1574085256618,enter,b1553,tutor,,mobile
1574085324781,respond,q1857,tutor,c,mobile
1574085328573,submit,b1553,tutor,,mobile
1574085367352,enter,b1546,tutor,,mobile
1574085423518,respond,q1836,tutor,b,mobile
1574085429861,submit,b1546,tutor,,mobile
1574085437487,enter,b1032,tutor,,mobile
1574085454797,respond,q1032,tutor,c,mobile
1574085459936,submit,b1032,tutor,,mobile
1574085491616,enter,b1557,tutor,,mobile
1574085572797,submit,b1557,tutor,,mobile
1574162947311,enter,b1476,tutor,,mobile
1574163025714,respond,q1626,tutor,c,mobile
1574163030462,submit,b1476,tutor,,mobile
1574163088021,enter,b1556,tutor,,mobile
1574163131364,respond,q1866,tutor,b,mobile
1574163141005,submit,b1556,tutor,,mobile
1574163157506,enter,b1148,tutor,,mobile
1574163169694,respond,q1148,tutor,b,mobile
1574163172990,submit,b1148,tutor,,mobile
1574163178648,enter,b1540,tutor,,mobile
1574163229802,respond,q1818,tutor,b,mobile
1574163239998,submit,b1540,tutor,,mobile
1574163240103,enter,b1540,tutor,,mobile
1574163245019,respond,q1818,tutor,b,mobile
1574163248985,submit,b1540,tutor,,mobile
1574163267621,enter,b1557,tutor,,mobile
1574163343985,respond,q1869,tutor,c,mobile
1574163353713,respond,q1869,tutor,c,mobile
1574163360536,submit,b1557,tutor,,mobile
1574163432213,enter,b1420,tutor,,mobile
1574163497749,respond,q1458,tutor,a,mobile
1574163502465,submit,b1420,tutor,,mobile
1574163502630,enter,b1420,tutor,,mobile
1574163508166,respond,q1458,tutor,a,mobile
1574163512094,submit,b1420,tutor,,mobile
1574163537478,enter,b1505,tutor,,mobile
1574163578447,respond,q1713,tutor,a,mobile
1574163594731,submit,b1505,tutor,,mobile
1574163607932,enter,b1595,tutor,,mobile
1574163663845,respond,q1983,tutor,d,mobile
1574163668963,submit,b1595,tutor,,mobile
1574163669064,enter,b1595,tutor,,mobile
1574163674886,respond,q1983,tutor,d,mobile
1574163678709,submit,b1595,tutor,,mobile
1574163689429,enter,b1438,tutor,,mobile
1574163761114,respond,q1512,tutor,c,mobile
1574163764913,submit,b1438,tutor,,mobile
1574163788207,enter,b1112,tutor,,mobile
1574163801740,respond,q1112,tutor,b,mobile
1574163803180,respond,q1112,tutor,c,mobile
1574163807351,submit,b1112,tutor,,mobile
1574163816311,enter,b1470,tutor,,mobile
1574163886279,respond,q1608,tutor,a,mobile
1574163891565,submit,b1470,tutor,,mobile
1574163897480,enter,b1310,tutor,,mobile
1574163916757,respond,q1310,tutor,a,mobile
1574163921106,submit,b1310,tutor,,mobile
1574163932861,enter,b1485,tutor,,mobile
1574163997290,respond,q1653,tutor,a,mobile
1574163999336,respond,q1653,tutor,a,mobile
1574164003464,submit,b1485,tutor,,mobile
1574164003567,enter,b1485,tutor,,mobile
1574164039642,respond,q1653,tutor,a,mobile
1574164042742,respond,q1653,tutor,a,mobile
1574164046582,submit,b1485,tutor,,mobile
1574164069839,enter,b104,tutor,,mobile
1574164073715,respond,q104,tutor,a,mobile
1574164084916,respond,q104,tutor,b,mobile
1574164088553,submit,b104,tutor,,mobile
1574164094522,enter,b7377,tutor,,mobile
1574164102640,respond,q10026,tutor,b,mobile
1574164105646,submit,b7377,tutor,,mobile
1574164111198,enter,b1436,tutor,,mobile
1574164183039,respond,q1506,tutor,a,mobile
1574164187059,submit,b1436,tutor,,mobile
1574164224596,enter,b1597,tutor,,mobile
1574164283330,respond,q1989,tutor,b,mobile
1574164289912,submit,b1597,tutor,,mobile
1574164357778,enter,b1592,tutor,,mobile
1574164429443,respond,q1974,tutor,c,mobile
1574164435447,submit,b1592,tutor,,mobile
1574164435542,enter,b1592,tutor,,mobile
1574164443119,respond,q1974,tutor,c,mobile
1574164447135,submit,b1592,tutor,,mobile
1574164507078,enter,b1503,tutor,,mobile
1574164580439,respond,q1707,tutor,c,mobile
1574164583768,submit,b1503,tutor,,mobile
1574164590123,enter,b160,tutor,,mobile
1574164612407,respond,q160,tutor,d,mobile
1574164618483,submit,b160,tutor,,mobile
1574164623636,enter,b1413,tutor,,mobile
1574164666148,respond,q1437,tutor,d,mobile
1574164670016,submit,b1413,tutor,,mobile
1574164676388,enter,b1086,tutor,,mobile
1574164693455,respond,q1086,tutor,b,mobile
1574164697014,submit,b1086,tutor,,mobile
1574164703977,enter,b1477,tutor,,mobile
1574164787936,respond,q1629,tutor,d,mobile
1574164801237,submit,b1477,tutor,,mobile
1574164849961,enter,b1363,tutor,,mobile
1574164861873,respond,q1363,tutor,b,mobile
1574164870067,submit,b1363,tutor,,mobile
1574164876688,enter,b1474,tutor,,mobile
1574164944457,respond,q1620,tutor,a,mobile
1574164950556,submit,b1474,tutor,,mobile
1574164956201,enter,b1114,tutor,,mobile
1574164970798,respond,q1114,tutor,c,mobile
1574164976625,submit,b1114,tutor,,mobile
1574164986659,enter,b1113,tutor,,mobile
1574165008630,respond,q1113,tutor,a,mobile
1574165011738,submit,b1113,tutor,,mobile
1574165027119,enter,b1548,tutor,,mobile
1574165078877,respond,q1842,tutor,b,mobile
1574165082175,submit,b1548,tutor,,mobile
1574165090554,enter,b1522,tutor,,mobile
1574165162061,respond,q1764,tutor,b,mobile
1574165171214,respond,q1764,tutor,c,mobile
1574165176981,submit,b1522,tutor,,mobile
1574165228542,enter,b7368,tutor,,mobile
1574165242277,respond,q10017,tutor,d,mobile
1574165246278,respond,q10017,tutor,a,mobile
1574165249711,submit,b7368,tutor,,mobile
1574165256749,enter,b1551,tutor,,mobile
1574165315628,respond,q1851,tutor,a,mobile
1574165319304,submit,b1551,tutor,,mobile
1574218249150,enter,b1445,tutor,,mobile
1574218320427,respond,q1533,tutor,c,mobile
1574218324147,submit,b1445,tutor,,mobile
1574218340491,enter,b1314,tutor,,mobile
1574218355892,respond,q1314,tutor,b,mobile
1574218359458,submit,b1314,tutor,,mobile
1574219100314,enter,b6283,sprint,,mobile
1574219113254,respond,q8932,sprint,b,mobile
1574219117371,submit,b6283,sprint,,mobile
1574219125260,enter,b7440,sprint,,mobile
1574219133208,respond,q10089,sprint,a,mobile
1574219136693,submit,b7440,sprint,,mobile
1574219145369,enter,b3988,sprint,,mobile
1574219148802,respond,q5456,sprint,b,mobile
1574219152782,submit,b3988,sprint,,mobile
1574223054737,enter,b2720,sprint,,mobile
1574223058597,respond,q4188,sprint,d,mobile
1574223062116,submit,b2720,sprint,,mobile
1574223068268,enter,b3093,sprint,,mobile
1574223073859,respond,q4561,sprint,a,mobile
1574223078940,respond,q4561,sprint,d,mobile
1574223084781,submit,b3093,sprint,,mobile
1574223091789,enter,b4218,sprint,,mobile
1574223096606,respond,q5686,sprint,b,mobile
1574223100651,submit,b4218,sprint,,mobile
1574223108013,enter,b2790,sprint,,mobile
1574223136037,respond,q4258,sprint,c,mobile
1574223139160,submit,b2790,sprint,,mobile
1574223145590,enter,b5146,sprint,,mobile
1574223148242,respond,q6740,sprint,c,mobile
1574223151628,submit,b5146,sprint,,mobile
1574223157128,enter,b3946,sprint,,mobile
1574223175908,respond,q5414,sprint,c,mobile
1574223178777,submit,b3946,sprint,,mobile
1574223187792,enter,b4291,sprint,,mobile
1574223192197,respond,q5759,sprint,c,mobile
1574223195456,submit,b4291,sprint,,mobile
1574223218224,enter,b8536,sprint,,mobile
1574223305810,respond,q11814,sprint,d,mobile
1574223312954,submit,b8536,sprint,,mobile
1574223351405,enter,b5205,sprint,,mobile
1574223408154,respond,q6916,sprint,d,mobile
1574223413305,submit,b5205,sprint,,mobile
1574223424010,enter,b5094,sprint,,mobile
1574223515852,respond,q6592,sprint,a,mobile
1574223521923,submit,b5094,sprint,,mobile
1574223532290,enter,b5209,sprint,,mobile
1574223602406,respond,q6932,sprint,a,mobile
1574223607223,submit,b5209,sprint,,mobile
1574254940521,enter,b1508,tutor,,mobile
1574254998751,respond,q1722,tutor,b,mobile
1574255004687,submit,b1508,tutor,,mobile
1574255012121,enter,b1119,tutor,,mobile
1574255026786,respond,q1119,tutor,c,mobile
1574255034762,submit,b1119,tutor,,mobile
1574255045004,enter,b1493,tutor,,mobile
1574255086831,respond,q1677,tutor,b,mobile
1574255091780,submit,b1493,tutor,,mobile
1574255098081,enter,b1224,tutor,,mobile
1574255115845,respond,q1224,tutor,c,mobile
1574255118800,submit,b1224,tutor,,mobile
1574255129989,enter,b1273,tutor,,mobile
1574255144297,respond,q1273,tutor,c,mobile
1574255155992,submit,b1273,tutor,,mobile
1574255168818,enter,b153,tutor,,mobile
1574255180540,respond,q153,tutor,a,mobile
1574255187011,submit,b153,tutor,,mobile
1574255197690,enter,b1439,tutor,,mobile
1574255256149,respond,q1515,tutor,d,mobile
1574255260929,submit,b1439,tutor,,mobile
1574255294027,enter,b1417,tutor,,mobile
1574255319184,respond,q1449,tutor,b,mobile
1574255332338,submit,b1417,tutor,,mobile
1574255353456,enter,b7402,tutor,,mobile
1574255363234,respond,q10051,tutor,c,mobile
1574255366606,submit,b7402,tutor,,mobile
1574255372255,enter,b186,tutor,,mobile
1574255399562,respond,q186,tutor,b,mobile
1574255403156,submit,b186,tutor,,mobile
1574255418827,enter,b1360,tutor,,mobile
1574255436798,respond,q1360,tutor,b,mobile
1574255443864,respond,q1360,tutor,c,mobile
1574255446912,submit,b1360,tutor,,mobile
1574255457253,enter,b1530,tutor,,mobile
1574255516453,respond,q1788,tutor,c,mobile
1574255522453,submit,b1530,tutor,,mobile
1574255529616,enter,b1463,tutor,,mobile
1574255596099,respond,q1587,tutor,a,mobile
1574255601919,submit,b1463,tutor,,mobile
1574255636275,enter,b118,tutor,,mobile
1574255653480,respond,q118,tutor,b,mobile
1574255661035,respond,q118,tutor,b,mobile
1574255666883,submit,b118,tutor,,mobile
1574255679485,enter,b1467,tutor,,mobile
1574255750400,respond,q1599,tutor,a,mobile
1574255756015,submit,b1467,tutor,,mobile
1574255808406,enter,b7373,tutor,,mobile
1574255816700,respond,q10022,tutor,a,mobile
1574255822506,submit,b7373,tutor,,mobile
1574255828407,enter,b1366,tutor,,mobile
1574255838964,respond,q1366,tutor,b,mobile
1574255841129,respond,q1366,tutor,c,mobile
1574255844523,submit,b1366,tutor,,mobile
1574256233455,enter,b1579,tutor,,mobile
1574256308179,respond,q1935,tutor,a,mobile
1574256313359,submit,b1579,tutor,,mobile
1574256331981,enter,b1450,tutor,,mobile
1574256423225,respond,q1548,tutor,a,mobile
1574256427284,submit,b1450,tutor,,mobile
1574256472468,enter,b1000,tutor,,mobile
1574256485446,respond,q1000,tutor,c,mobile
1574256492382,submit,b1000,tutor,,mobile
1574256498040,enter,b1056,tutor,,mobile
1574256519403,respond,q1056,tutor,c,mobile
1574256523002,submit,b1056,tutor,,mobile
1574256546320,enter,b1490,tutor,,mobile
1574256617382,respond,q1668,tutor,a,mobile
1574256622417,submit,b1490,tutor,,mobile
1574256645858,enter,b1534,tutor,,mobile
1574256712242,respond,q1800,tutor,c,mobile
1574256718263,submit,b1534,tutor,,mobile
1574256739297,enter,b1205,tutor,,mobile
1574256756392,respond,q1205,tutor,c,mobile
1574256759918,submit,b1205,tutor,,mobile
1574256765547,enter,b1351,tutor,,mobile
1574256783539,respond,q1351,tutor,b,mobile
1574256787085,submit,b1351,tutor,,mobile
1574256796401,enter,b1466,tutor,,mobile
1574256817941,respond,q1596,tutor,c,mobile
1574256849555,submit,b1466,tutor,,mobile
1574256855813,enter,b1589,tutor,,mobile
1574256908591,respond,q1965,tutor,c,mobile
1574256920976,submit,b1589,tutor,,mobile
1574256959286,enter,b1388,tutor,,mobile
1574256979103,respond,q1388,tutor,b,mobile
1574256982508,submit,b1388,tutor,,mobile
1574256987732,enter,b1237,tutor,,mobile
1574257002292,respond,q1237,tutor,b,mobile
1574257005645,submit,b1237,tutor,,mobile
1574257014441,enter,b1419,tutor,,mobile
1574257071439,respond,q1455,tutor,c,mobile
1574257081562,submit,b1419,tutor,,mobile
1574328242643,enter,b1316,tutor,,mobile
1574328266255,respond,q1316,tutor,a,mobile
1574328270062,submit,b1316,tutor,,mobile
1574328286115,enter,b1475,tutor,,mobile
1574328361298,respond,q1623,tutor,b,mobile
1574328364353,submit,b1475,tutor,,mobile
1574328431947,enter,b1465,tutor,,mobile
1574328464008,respond,q1593,tutor,a,mobile
1574328476454,submit,b1465,tutor,,mobile
1574328482319,enter,b1270,tutor,,mobile
1574328496673,respond,q1270,tutor,b,mobile
1574328501539,respond,q1270,tutor,c,mobile
1574328504872,submit,b1270,tutor,,mobile
1574328512562,enter,b1229,tutor,,mobile
1574328526947,respond,q1229,tutor,a,mobile
1574328531387,submit,b1229,tutor,,mobile
1574328538261,enter,b1502,tutor,,mobile
1574328612839,respond,q1704,tutor,a,mobile
1574328622379,submit,b1502,tutor,,mobile
1574328667617,enter,b1120,tutor,,mobile
1574328685978,respond,q1120,tutor,a,mobile
1574328689024,submit,b1120,tutor,,mobile
1574328705551,enter,b1308,tutor,,mobile
1574328722726,respond,q1308,tutor,c,mobile
1574328730502,submit,b1308,tutor,,mobile
1574328753218,enter,b161,tutor,,mobile
1574328781159,submit,b161,tutor,,mobile
1574328941358,enter,b1437,tutor,,mobile
1574328949434,respond,q1509,tutor,a,mobile
1574328952981,submit,b1437,tutor,,mobile
1574328959168,enter,b1562,tutor,,mobile
1574329027285,respond,q1884,tutor,a,mobile
1574329032471,submit,b1562,tutor,,mobile
1574329032577,enter,b1562,tutor,,mobile
1574329038683,respond,q1884,tutor,a,mobile
1574329039065,respond,q1884,tutor,a,mobile
1574329042642,submit,b1562,tutor,,mobile
1574329059318,enter,b176,tutor,,mobile
1574329083869,respond,q176,tutor,d,mobile
1574329086858,submit,b176,tutor,,mobile
1574329113027,enter,b1528,tutor,,mobile
1574329176985,respond,q1782,tutor,a,mobile
1574329181794,submit,b1528,tutor,,mobile
1574329190296,enter,b1524,tutor,,mobile
1574329254453,respond,q1770,tutor,a,mobile
1574329277299,respond,q1770,tutor,a,mobile
1574329283285,submit,b1524,tutor,,mobile
1574329319246,enter,b7921,tutor,,mobile
1574329344051,respond,q10641,tutor,a,mobile
1574329347572,submit,b7921,tutor,,mobile
1574329370329,enter,b1239,tutor,,mobile
1574329386271,respond,q1239,tutor,c,mobile
1574329388863,respond,q1239,tutor,a,mobile
1574329393703,submit,b1239,tutor,,mobile
1574335852873,enter,b1003,tutor,,mobile
1574335874625,respond,q1003,tutor,b,mobile
1574335878932,respond,q1003,tutor,c,mobile
1574335883741,submit,b1003,tutor,,mobile
1574335897479,enter,b1545,tutor,,mobile
1574335962882,respond,q1833,tutor,b,mobile
1574335973676,submit,b1545,tutor,,mobile
1574335990515,enter,b1521,tutor,,mobile
1574336046693,respond,q1761,tutor,d,mobile
1574336056092,submit,b1521,tutor,,mobile
1574336064746,enter,b1446,tutor,,mobile
1574336119585,respond,q1536,tutor,a,mobile
1574336124105,submit,b1446,tutor,,mobile
1574336145247,enter,b1590,tutor,,mobile
1574336202784,respond,q1968,tutor,b,mobile
1574336208018,submit,b1590,tutor,,mobile
1574336217213,enter,b1046,tutor,,mobile
1574336235160,respond,q1046,tutor,b,mobile
1574336238182,submit,b1046,tutor,,mobile
1574336276265,enter,b1444,tutor,,mobile
1574336356810,respond,q1530,tutor,a,mobile
1574336361632,submit,b1444,tutor,,mobile
1574336368621,enter,b1461,tutor,,mobile
1574336427644,respond,q1581,tutor,b,mobile
1574336433601,submit,b1461,tutor,,mobile
1574337272810,enter,b5256,sprint,,mobile
1574337342638,respond,q7113,sprint,c,mobile
1574337347874,submit,b5256,sprint,,mobile
1574337376537,enter,b5695,sprint,,mobile
1574337592498,respond,q8276,sprint,d,mobile
1574337597186,submit,b5695,sprint,,mobile
1574337646149,enter,b5503,sprint,,mobile
1574337919444,respond,q7987,sprint,b,mobile
1574337954078,respond,q7987,sprint,c,mobile
1574337959610,submit,b5503,sprint,,mobile
1574337979983,enter,b5398,sprint,,mobile
1574338047907,respond,q7636,sprint,c,mobile
1574338052908,submit,b5398,sprint,,mobile
1574338095293,enter,b8047,sprint,,mobile
1574338117727,respond,q10994,sprint,a,mobile
1574338125716,submit,b8047,sprint,,mobile
1574338130052,enter,b8110,sprint,,mobile
1574338156182,respond,q11057,sprint,a,mobile
1574338159754,submit,b8110,sprint,,mobile
1574338173102,enter,b190,sprint,,mobile
1574338185615,respond,q190,sprint,a,mobile
1574338188659,submit,b190,sprint,,mobile
1574338193654,enter,b8029,sprint,,mobile
1574338224412,respond,q10976,sprint,c,mobile
1574338229076,submit,b8029,sprint,,mobile
1574338278904,enter,b8007,sprint,,mobile
1574338298051,respond,q10954,sprint,c,mobile
1574338304237,submit,b8007,sprint,,mobile
1574338328555,enter,b8040,sprint,,mobile
1574338351397,respond,q10987,sprint,a,mobile
1574338353890,submit,b8040,sprint,,mobile
1574338363831,enter,b8099,sprint,,mobile
1574338381662,respond,q11046,sprint,c,mobile
1574338388316,submit,b8099,sprint,,mobile
1574338393659,enter,b8075,sprint,,mobile
1574338403872,respond,q11022,sprint,a,mobile
1574338417695,submit,b8075,sprint,,mobile
1574338439604,enter,b5538,sprint,,mobile
1574338465683,respond,q8067,sprint,a,mobile
1574338469677,respond,q8067,sprint,d,mobile
1574338472687,submit,b5538,sprint,,mobile
1574338478110,enter,b8194,sprint,,mobile
1574338503379,respond,q11141,sprint,a,mobile
1574338506611,submit,b8194,sprint,,mobile
1574338529122,enter,b8106,sprint,,mobile
1574338540119,respond,q11053,sprint,a,mobile
1574338543121,submit,b8106,sprint,,mobile
1574338547896,enter,b8006,sprint,,mobile
1574338571191,respond,q10953,sprint,a,mobile
1574338575016,submit,b8006,sprint,,mobile
1574338584137,enter,b5653,sprint,,mobile
1574338599728,respond,q8182,sprint,b,mobile
1574338603257,submit,b5653,sprint,,mobile
1574338610225,enter,b8191,sprint,,mobile
1574338631884,respond,q11138,sprint,b,mobile
1574338634718,submit,b8191,sprint,,mobile
1574338677696,enter,b8231,sprint,,mobile
1574338682840,respond,q11178,sprint,d,mobile
1574338699612,submit,b8231,sprint,,mobile
1574338706277,enter,b5551,sprint,,mobile
1574338725754,respond,q8080,sprint,c,mobile
1574338731253,submit,b5551,sprint,,mobile
1574338779140,enter,b1292,sprint,,mobile
1574338788261,respond,q1292,sprint,b,mobile
1574338791177,respond,q1292,sprint,c,mobile
1574338794642,submit,b1292,sprint,,mobile
1574338799330,enter,b911,sprint,,mobile
1574338811802,respond,q911,sprint,a,mobile
1574338817346,submit,b911,sprint,,mobile
1574338849896,enter,b12169,sprint,,mobile
1574338867363,respond,q18106,sprint,a,mobile
1574338870013,submit,b12169,sprint,,mobile
1574338885089,enter,b424,sprint,,mobile
1574338895056,respond,q424,sprint,a,mobile
1574338898266,submit,b424,sprint,,mobile
1574338903171,enter,b703,sprint,,mobile
1574338918188,respond,q703,sprint,c,mobile
1574338923411,respond,q703,sprint,a,mobile
1574338928560,submit,b703,sprint,,mobile
1574338934819,enter,b484,sprint,,mobile
1574338951191,respond,q484,sprint,c,mobile
1574338953773,submit,b484,sprint,,mobile
1574338959875,enter,b11862,sprint,,mobile
1574338976670,respond,q17799,sprint,c,mobile
1574338979673,submit,b11862,sprint,,mobile
1574339011751,enter,b982,sprint,,mobile
1574339030930,respond,q982,sprint,c,mobile
1574339034117,respond,q982,sprint,b,mobile
1574339037026,submit,b982,sprint,,mobile
1574339058630,enter,b1474,sprint,,mobile
1574339108736,respond,q1620,sprint,a,mobile
1574339113374,submit,b1474,sprint,,mobile
1574339124196,enter,b1529,sprint,,mobile
1574339144780,respond,q1785,sprint,d,mobile
1574339165826,submit,b1529,sprint,,mobile
1574339171757,enter,b1727,sprint,,mobile
1574339230406,respond,q2379,sprint,c,mobile
1574339234494,submit,b1727,sprint,,mobile
1574339288010,enter,b1493,sprint,,mobile
1574339305947,respond,q1677,sprint,b,mobile
1574339316523,submit,b1493,sprint,,mobile
1574339325458,enter,b1473,sprint,,mobile
1574339332229,respond,q1617,sprint,a,mobile
1574339336344,submit,b1473,sprint,,mobile
1574344240437,enter,b1806,sprint,,mobile
1574344296367,respond,q2616,sprint,b,mobile
1574344296367,respond,q2616,sprint,b,mobile
1574344305294,submit,b1806,sprint,,mobile
1574344349685,enter,b1848,sprint,,mobile
1574344425943,respond,q2742,sprint,c,mobile
1574344431103,submit,b1848,sprint,,mobile
1574344491736,enter,b1688,sprint,,mobile
1574344563571,respond,q2262,sprint,d,mobile
1574344568334,submit,b1688,sprint,,mobile
1574344587607,enter,b1774,sprint,,mobile
1574344641881,respond,q2520,sprint,a,mobile
1574344646251,submit,b1774,sprint,,mobile
1574344683937,enter,b1556,sprint,,mobile
1574344700055,respond,q1866,sprint,b,mobile
1574344705743,submit,b1556,sprint,,mobile
1574344710982,enter,b1519,sprint,,mobile
1574344718997,respond,q1755,sprint,a,mobile
1574344723158,submit,b1519,sprint,,mobile
1574344729217,enter,b1530,sprint,,mobile
1574344766755,respond,q1788,sprint,c,mobile
1574344771102,submit,b1530,sprint,,mobile
1574344781630,enter,b1576,sprint,,mobile
1574344832745,respond,q1926,sprint,b,mobile
1574344836574,respond,q1926,sprint,b,mobile
1574344840721,submit,b1576,sprint,,mobile
1574344851956,enter,b1665,sprint,,mobile
1574344920393,respond,q2193,sprint,a,mobile
1574344924301,submit,b1665,sprint,,mobile
1574344968956,enter,b1663,sprint,,mobile
1574345025475,respond,q2187,sprint,d,mobile
1574345029528,submit,b1663,sprint,,mobile
1574345053710,enter,b1446,sprint,,mobile
1574345101846,respond,q1536,sprint,a,mobile
1574345108076,submit,b1446,sprint,,mobile
1574345141534,enter,b1132,tutor,,mobile
1574345157033,respond,q1132,tutor,b,mobile
1574345161933,submit,b1132,tutor,,mobile
1574345170223,enter,b158,tutor,,mobile
1574345194374,respond,q158,tutor,c,mobile
1574345198995,submit,b158,tutor,,mobile
1574345206484,enter,b1459,tutor,,mobile
1574345269508,respond,q1575,tutor,c,mobile
1574345275718,submit,b1459,tutor,,mobile
1574345275827,enter,b1459,tutor,,mobile
1574345282431,respond,q1575,tutor,c,mobile
1574345287398,submit,b1459,tutor,,mobile
1574398205662,enter,b1101,tutor,,mobile
1574398220670,respond,q1101,tutor,b,mobile
1574398223842,submit,b1101,tutor,,mobile
1574398233407,enter,b1462,tutor,,mobile
1574398295330,respond,q1584,tutor,b,mobile
1574398299901,submit,b1462,tutor,,mobile
1574398352851,enter,b1195,tutor,,mobile
1574398370915,respond,q1195,tutor,a,mobile
1574398374236,submit,b1195,tutor,,mobile
1574398398924,enter,b1361,tutor,,mobile
1574398416650,respond,q1361,tutor,c,mobile
1574398421565,submit,b1361,tutor,,mobile
1574398442557,enter,b7376,tutor,,mobile
1574398453037,respond,q10025,tutor,d,mobile
1574398456565,submit,b7376,tutor,,mobile
1574398462238,enter,b1484,tutor,,mobile
1574398513960,respond,q1650,tutor,d,mobile
1574398527142,submit,b1484,tutor,,mobile
1574398532192,enter,b7378,tutor,,mobile
1574398537480,respond,q10027,tutor,c,mobile
1574398540528,submit,b7378,tutor,,mobile
1574398546015,enter,b1549,tutor,,mobile
1574398610533,respond,q1845,tutor,d,mobile
1574398615939,submit,b1549,tutor,,mobile
1574398663653,enter,b1495,tutor,,mobile
1574398724428,respond,q1683,tutor,b,mobile
1574398732249,submit,b1495,tutor,,mobile
1574398738035,enter,b1126,tutor,,mobile
1574398749453,respond,q1126,tutor,a,mobile
1574398757022,respond,q1126,tutor,c,mobile
1574398760200,submit,b1126,tutor,,mobile
1574398765842,enter,b1454,tutor,,mobile
1574398806570,respond,q1560,tutor,b,mobile
1574398819412,submit,b1454,tutor,,mobile
1574398824601,enter,b194,tutor,,mobile
1574398847518,respond,q194,tutor,b,mobile
1574398857919,respond,q194,tutor,d,mobile
1574398861740,submit,b194,tutor,,mobile
1574398872210,enter,b150,tutor,,mobile
1574398876351,respond,q150,tutor,d,mobile
1574398893824,submit,b150,tutor,,mobile
1574398899564,enter,b1432,tutor,,mobile
1574398947989,respond,q1494,tutor,a,mobile
1574398959064,submit,b1432,tutor,,mobile
1574398964597,enter,b7364,tutor,,mobile
1574398972749,respond,q10013,tutor,c,mobile
1574398977817,respond,q10013,tutor,d,mobile
1574398986127,respond,q10013,tutor,c,mobile
1574398989211,submit,b7364,tutor,,mobile
1574398998981,enter,b1156,tutor,,mobile
1574399016183,respond,q1156,tutor,b,mobile
1574399016803,respond,q1156,tutor,c,mobile
1574399020901,submit,b1156,tutor,,mobile
1574399029488,enter,b108,tutor,,mobile
1574399051470,respond,q108,tutor,a,mobile
1574399055192,submit,b108,tutor,,mobile
1574399065736,enter,b7362,tutor,,mobile
1574399073870,respond,q10011,tutor,b,mobile
1574399076824,submit,b7362,tutor,,mobile
1574411252649,enter,b177,tutor,,mobile
1574411270627,respond,q177,tutor,b,mobile
1574411270627,respond,q177,tutor,b,mobile
1574411273461,submit,b177,tutor,,mobile
1574411280560,enter,b1423,tutor,,mobile
1574411346882,respond,q1467,tutor,b,mobile
1574411350583,submit,b1423,tutor,,mobile
1574411374299,enter,b1374,tutor,,mobile
1574411391818,respond,q1374,tutor,c,mobile
1574411395287,submit,b1374,tutor,,mobile
1574411400927,enter,b111,tutor,,mobile
1574411413977,respond,q111,tutor,a,mobile
1574411428870,submit,b111,tutor,,mobile
1574411436874,enter,b1525,tutor,,mobile
1574411494793,respond,q1773,tutor,d,mobile
1574411507648,submit,b1525,tutor,,mobile
1574411522556,enter,b1166,tutor,,mobile
1574411540252,respond,q1166,tutor,b,mobile
1574411544889,submit,b1166,tutor,,mobile
1574411551230,enter,b195,tutor,,mobile
1574411572806,respond,q195,tutor,c,mobile
1574411576776,submit,b195,tutor,,mobile
1574411582874,enter,b1266,tutor,,mobile
1574411597931,respond,q1266,tutor,b,mobile
1574411603970,submit,b1266,tutor,,mobile
1574411616194,enter,b1280,tutor,,mobile
1574411635161,respond,q1280,tutor,c,mobile
1574411639714,submit,b1280,tutor,,mobile
1574411646362,enter,b1281,tutor,,mobile
1574411655203,respond,q1281,tutor,a,mobile
1574411657436,respond,q1281,tutor,b,mobile
1574411668048,submit,b1281,tutor,,mobile
1574411674623,enter,b1424,tutor,,mobile
1574411725705,respond,q1470,tutor,a,mobile
1574411730404,submit,b1424,tutor,,mobile
1574411767835,enter,b1560,tutor,,mobile
1574411872519,respond,q1878,tutor,b,mobile
1574411876995,submit,b1560,tutor,,mobile
1574411922589,enter,b1520,tutor,,mobile
1574411989251,respond,q1758,tutor,b,mobile
1574411993327,submit,b1520,tutor,,mobile
1574412004891,enter,b1552,tutor,,mobile
1574412060282,respond,q1854,tutor,d,mobile
1574412064867,respond,q1854,tutor,d,mobile
1574412070125,submit,b1552,tutor,,mobile
1574412070220,enter,b1552,tutor,,mobile
1574412076862,respond,q1854,tutor,d,mobile
1574412077241,respond,q1854,tutor,d,mobile
1574412080619,submit,b1552,tutor,,mobile
1574412109636,enter,b1591,tutor,,mobile
1574412182173,respond,q1971,tutor,d,mobile
1574412192795,submit,b1591,tutor,,mobile
1574412233954,enter,b1464,tutor,,mobile
1574412302231,respond,q1590,tutor,b,mobile
1574412306135,respond,q1590,tutor,b,mobile
1574412310858,submit,b1464,tutor,,mobile
1574412345445,enter,b6080,sprint,,mobile
1574412350111,respond,q8729,sprint,b,mobile
1574412353101,submit,b6080,sprint,,mobile
1574412368194,enter,b4309,sprint,,mobile
1574412373539,respond,q5777,sprint,c,mobile
1574412377189,submit,b4309,sprint,,mobile
1574412386811,enter,b4588,sprint,,mobile
1574412391059,respond,q6056,sprint,b,mobile
1574412401873,submit,b4588,sprint,,mobile
1574412407720,enter,b5041,sprint,,mobile
1574412434449,respond,q6509,sprint,a,mobile
1574412438725,submit,b5041,sprint,,mobile
1574412451992,enter,b2467,sprint,,mobile
1574412455518,respond,q3935,sprint,a,mobile
1574412458554,submit,b2467,sprint,,mobile
1574412464545,enter,b2591,sprint,,mobile
1574412491338,respond,q4059,sprint,d,mobile
1574412498755,submit,b2591,sprint,,mobile
1574412523603,enter,b4728,sprint,,mobile
1574412528482,respond,q6196,sprint,a,mobile
1574412541762,submit,b4728,sprint,,mobile
1574412547824,enter,b2550,sprint,,mobile
1574412569919,respond,q4018,sprint,c,mobile
1574412570767,respond,q4018,sprint,d,mobile
1574412571902,respond,q4018,sprint,b,mobile
1574412585780,submit,b2550,sprint,,mobile
1574416988811,enter,b1542,tutor,,mobile
1574417040126,respond,q1824,tutor,a,mobile
1574417044289,submit,b1542,tutor,,mobile
1574417062985,enter,b1471,tutor,,mobile
1574417118667,respond,q1611,tutor,c,mobile
1574417123296,submit,b1471,tutor,,mobile
1574417169099,enter,b1559,tutor,,mobile
1574417225894,respond,q1875,tutor,b,mobile
1574417231433,submit,b1559,tutor,,mobile
1574417231537,enter,b1559,tutor,,mobile
1574417237021,respond,q1875,tutor,b,mobile
1574417241409,submit,b1559,tutor,,mobile
1574417295160,enter,b175,tutor,,mobile
1574417317165,respond,q175,tutor,c,mobile
1574417320854,respond,q175,tutor,b,mobile
1574417323864,submit,b175,tutor,,mobile
1574417335228,enter,b1175,tutor,,mobile
1574417355283,respond,q1175,tutor,a,mobile
1574417359598,submit,b1175,tutor,,mobile
1574417371303,enter,b1335,tutor,,mobile
1574417387244,respond,q1335,tutor,b,mobile
1574417393070,submit,b1335,tutor,,mobile
1574417400350,enter,b1153,tutor,,mobile
1574417412954,respond,q1153,tutor,a,mobile
1574417417745,submit,b1153,tutor,,mobile
1574417424577,enter,b1583,tutor,,mobile
1574417491774,respond,q1947,tutor,c,mobile
1574417497848,submit,b1583,tutor,,mobile
1574417511247,enter,b187,tutor,,mobile
1574417534335,respond,q187,tutor,a,mobile
1574417537086,submit,b187,tutor,,mobile
1574417542411,enter,b7406,tutor,,mobile
1574417562885,respond,q10055,tutor,b,mobile
1574417566156,submit,b7406,tutor,,mobile
1574417576014,enter,b1147,tutor,,mobile
1574417586603,respond,q1147,tutor,a,mobile
1574417594845,submit,b1147,tutor,,mobile
1574417605062,enter,b1326,tutor,,mobile
1574417628616,submit,b1326,tutor,,mobile
1574417635806,enter,b112,tutor,,mobile
1574417651771,respond,q112,tutor,b,mobile
1574417661059,submit,b112,tutor,,mobile
1574417669924,enter,b142,tutor,,mobile
1574417692928,respond,q142,tutor,d,mobile
1574417699068,submit,b142,tutor,,mobile
1574417705222,enter,b1329,tutor,,mobile
1574417721871,respond,q1329,tutor,b,mobile
1574417725064,submit,b1329,tutor,,mobile
1574417735753,enter,b1451,tutor,,mobile
1574417802604,respond,q1551,tutor,b,mobile
1574417809874,respond,q1551,tutor,a,mobile
1574417814561,submit,b1451,tutor,,mobile
1574417873668,enter,b1030,tutor,,mobile
1574417884690,respond,q1030,tutor,a,mobile
1574417896786,submit,b1030,tutor,,mobile
1574422128446,enter,b1303,tutor,,mobile
1574422141259,respond,q1303,tutor,a,mobile
1574422151790,submit,b1303,tutor,,mobile
1574422165224,enter,b1014,tutor,,mobile
1574422180734,respond,q1014,tutor,b,mobile
1574422188647,submit,b1014,tutor,,mobile
1574422196549,enter,b1252,tutor,,mobile
1574422212051,respond,q1252,tutor,b,mobile
1574422217536,submit,b1252,tutor,,mobile
1574422227156,enter,b1024,tutor,,mobile
1574422236836,respond,q1024,tutor,a,mobile
1574422247035,submit,b1024,tutor,,mobile
1574422252356,enter,b1330,tutor,,mobile
1574422275781,submit,b1330,tutor,,mobile
1574422284418,enter,b1468,tutor,,mobile
1574422343203,respond,q1602,tutor,c,mobile
1574422349972,submit,b1468,tutor,,mobile
1574422359136,enter,b1494,tutor,,mobile
1574422411256,respond,q1680,tutor,d,mobile
1574422421157,respond,q1680,tutor,d,mobile
1574422425636,submit,b1494,tutor,,mobile
1574422425739,enter,b1494,tutor,,mobile
1574422431690,respond,q1680,tutor,d,mobile
1574422436705,submit,b1494,tutor,,mobile
1574422481937,enter,b1516,tutor,,mobile
1574422554869,respond,q1746,tutor,b,mobile
1574422560793,submit,b1516,tutor,,mobile
1574422573161,enter,b1256,tutor,,mobile
1574422585335,respond,q1256,tutor,a,mobile
1574422597261,submit,b1256,tutor,,mobile
1574422597358,enter,b1231,tutor,,mobile
1574422612052,respond,q1231,tutor,b,mobile
1574422618413,submit,b1231,tutor,,mobile
1574422626649,enter,b1535,tutor,,mobile
1574422689403,respond,q1803,tutor,b,mobile
1574422695645,submit,b1535,tutor,,mobile
1574422766300,enter,b5536,sprint,,mobile
1574422788956,respond,q8065,sprint,d,mobile
1574422794681,submit,b5536,sprint,,mobile
1574422828613,enter,b5611,sprint,,mobile
1574422843089,respond,q8140,sprint,b,mobile
1574422849122,submit,b5611,sprint,,mobile
1574422852761,enter,b11689,sprint,,mobile
1574422863812,respond,q17534,sprint,a,mobile
1574422870327,respond,q17534,sprint,a,mobile
1574422878902,submit,b11689,sprint,,mobile
1574422972517,enter,b65,sprint,,mobile
1574422996692,respond,q65,sprint,b,mobile
1574423000054,submit,b65,sprint,,mobile
1574423007254,enter,b8073,sprint,,mobile
1574423029425,respond,q11020,sprint,d,mobile
1574423032636,submit,b8073,sprint,,mobile
1574423038764,enter,b8004,sprint,,mobile
1574423060514,respond,q10951,sprint,a,mobile
1574423064877,submit,b8004,sprint,,mobile
1574423113487,enter,b1115,sprint,,mobile
1574423133477,submit,b1115,sprint,,mobile
1574423143290,enter,b11841,sprint,,mobile
1574423154679,respond,q17778,sprint,a,mobile
1574423158335,respond,q17778,sprint,b,mobile
1574423161601,respond,q17778,sprint,c,mobile
1574423162986,respond,q17778,sprint,b,mobile
1574423166332,submit,b11841,sprint,,mobile
1574423186244,enter,b916,sprint,,mobile
1574423205972,respond,q916,sprint,c,mobile
1574423209162,submit,b916,sprint,,mobile
1574423248474,enter,b1219,sprint,,mobile
1574423262036,respond,q1219,sprint,c,mobile
1574423266114,submit,b1219,sprint,,mobile
1574423273240,enter,b11840,sprint,,mobile
1574423287033,respond,q17777,sprint,b,mobile
1574423291977,submit,b11840,sprint,,mobile
1574423320353,enter,b1193,sprint,,mobile
1574423338003,respond,q1193,sprint,b,mobile
1574423340487,submit,b1193,sprint,,mobile
1574423346878,enter,b835,sprint,,mobile
1574423363389,respond,q835,sprint,c,mobile
1574423367056,submit,b835,sprint,,mobile
1574423374514,enter,b12198,sprint,,mobile
1574423393380,respond,q18135,sprint,c,mobile
1574423397037,submit,b12198,sprint,,mobile
1574423419251,enter,b1468,sprint,,mobile
1574423427263,respond,q1602,sprint,c,mobile
1574423431340,submit,b1468,sprint,,mobile
1574423436908,enter,b1413,sprint,,mobile
1574423469927,respond,q1437,sprint,d,mobile
1574423474204,submit,b1413,sprint,,mobile
1574423479907,enter,b1713,sprint,,mobile
1574423554895,respond,q2337,sprint,c,mobile
1574423559730,submit,b1713,sprint,,mobile
1574423571190,enter,b1775,sprint,,mobile
1574423642878,respond,q2523,sprint,a,mobile
1574423644934,respond,q2523,sprint,c,mobile
1574423649550,submit,b1775,sprint,,mobile
1574423665789,enter,b1595,sprint,,mobile
1574423691976,respond,q1983,sprint,d,mobile
1574423716077,submit,b1595,sprint,,mobile
1574423721981,enter,b1741,sprint,,mobile
1574423792126,respond,q2421,sprint,a,mobile
1574423796254,submit,b1741,sprint,,mobile
1574423811199,enter,b1476,sprint,,mobile
1574423849494,respond,q1626,sprint,a,mobile
1574423856651,respond,q1626,sprint,a,mobile
1574423868460,respond,q1626,sprint,d,mobile
1574423872437,submit,b1476,sprint,,mobile
1574423892115,enter,b2070,sprint,,mobile
1574423957680,respond,q3408,sprint,a,mobile
1574423962368,submit,b2070,sprint,,mobile
1574423980857,enter,b1909,sprint,,mobile
1574424039376,respond,q2925,sprint,d,mobile
1574424046060,submit,b1909,sprint,,mobile
1574424051060,enter,b1827,sprint,,mobile
1574424118655,respond,q2679,sprint,b,mobile
1574424124150,respond,q2679,sprint,b,mobile
1574424128617,submit,b1827,sprint,,mobile
1574424145719,enter,b2049,sprint,,mobile
1574424204652,respond,q3345,sprint,a,mobile
1574424219844,submit,b2049,sprint,,mobile
1574424298270,enter,b1985,sprint,,mobile
1574424354687,respond,q3153,sprint,d,mobile
1574424360287,respond,q3153,sprint,d,mobile
1574424374500,submit,b1985,sprint,,mobile
1574424435275,enter,b1327,tutor,,mobile
1574424452506,respond,q1327,tutor,a,mobile
1574424456069,submit,b1327,tutor,,mobile
1574433005832,enter,b1804,sprint,,mobile
1574433060467,respond,q2610,sprint,a,mobile
1574433071618,submit,b1804,sprint,,mobile
1574433113242,enter,b2108,sprint,,mobile
1574433189786,respond,q3522,sprint,a,mobile
1574433196579,respond,q3522,sprint,c,mobile
1574433197142,respond,q3522,sprint,b,mobile
1574433197477,respond,q3522,sprint,a,mobile
1574433202064,submit,b2108,sprint,,mobile
1574433229302,enter,b8322,sprint,,mobile
1574433291947,respond,q11272,sprint,a,mobile
1574433296864,submit,b8322,sprint,,mobile
1574433363246,enter,b1818,sprint,,mobile
1574433436666,respond,q2652,sprint,d,mobile
1574433441166,submit,b1818,sprint,,mobile
1574433506695,enter,b5184,sprint,,mobile
1574433548060,respond,q6832,sprint,a,mobile
1574433553567,submit,b5184,sprint,,mobile
1574433559978,enter,b7993,sprint,,mobile
1574433625355,respond,q10919,sprint,d,mobile
1574433632583,respond,q10919,sprint,b,mobile
1574433639558,respond,q10919,sprint,a,mobile
1574433646032,submit,b7993,sprint,,mobile
1574433663467,enter,b8492,sprint,,mobile
1574433722150,respond,q11638,sprint,b,mobile
1574433735083,submit,b8492,sprint,,mobile
1574434192885,enter,b7916,sprint,,mobile
1574434210000,respond,q10621,sprint,b,mobile
1574434215025,submit,b7916,sprint,,mobile
1574434243961,enter,b7972,sprint,,mobile
1574434329768,respond,q10835,sprint,d,mobile
1574434334588,submit,b7972,sprint,,mobile
1574434360106,enter,b5211,sprint,,mobile
1574434391234,respond,q6940,sprint,b,mobile
1574434395074,submit,b5211,sprint,,mobile
1574434420092,enter,b5467,sprint,,mobile
1574434465419,respond,q7855,sprint,d,mobile
1574434470398,submit,b5467,sprint,,mobile
1574434478679,enter,b5685,sprint,,mobile
1574434739364,respond,q8226,sprint,b,mobile
1574434755071,submit,b5685,sprint,,mobile
1574434780975,enter,b5359,sprint,,mobile
1574434858084,respond,q7474,sprint,d,mobile
1574434864628,submit,b5359,sprint,,mobile
1574434884231,enter,b1094,tutor,,mobile
1574434898034,respond,q1094,tutor,b,mobile
1574434904333,submit,b1094,tutor,,mobile
1574434911404,enter,b7385,tutor,,mobile
1574434921569,respond,q10034,tutor,b,mobile
1574434924387,submit,b7385,tutor,,mobile
1574434930921,enter,b7361,tutor,,mobile
1574434938202,respond,q10010,tutor,c,mobile
1574434945693,submit,b7361,tutor,,mobile
1574434950611,enter,b141,tutor,,mobile
1574434972873,respond,q141,tutor,d,mobile
1574434978355,submit,b141,tutor,,mobile
1574434988240,enter,b1164,tutor,,mobile
1574434999179,respond,q1164,tutor,a,mobile
1574435002220,submit,b1164,tutor,,mobile
1574435008490,enter,b1257,tutor,,mobile
1574435030347,respond,q1257,tutor,c,mobile
1574435033766,submit,b1257,tutor,,mobile
1574435041426,enter,b7369,tutor,,mobile
1574435052168,respond,q10018,tutor,c,mobile
1574435055695,submit,b7369,tutor,,mobile
1574435061707,enter,b10,tutor,,mobile
1574435087150,respond,q10,tutor,c,mobile
1574435089980,submit,b10,tutor,,mobile
1574435099439,enter,b1574,tutor,,mobile
1574435162991,respond,q1920,tutor,a,mobile
1574435171710,submit,b1574,tutor,,mobile
1574435179814,enter,b1569,tutor,,mobile
1574435251418,respond,q1905,tutor,d,mobile
1574435258333,respond,q1905,tutor,d,mobile
1574435261945,submit,b1569,tutor,,mobile
1574487702807,enter,b1171,tutor,,mobile
1574487716839,respond,q1171,tutor,b,mobile
1574487721983,submit,b1171,tutor,,mobile
1574487732054,enter,b1588,tutor,,mobile
1574487793570,respond,q1962,tutor,c,mobile
1574487801651,submit,b1588,tutor,,mobile
1574487848117,enter,b7941,sprint,,mobile
1574487881614,respond,q10711,sprint,b,mobile
1574487887134,submit,b7941,sprint,,mobile
1574487893125,enter,b8485,sprint,,mobile
1574487978301,respond,q11610,sprint,d,mobile
1574487984054,submit,b8485,sprint,,mobile
1574488009183,enter,b5176,sprint,,mobile
1574488101923,respond,q6800,sprint,a,mobile
1574488107068,submit,b5176,sprint,,mobile
1574488128227,enter,b8484,sprint,,mobile
1574488212779,respond,q11606,sprint,d,mobile
1574488217445,submit,b8484,sprint,,mobile
1574517655163,enter,b7393,tutor,,mobile
1574517660591,respond,q10042,tutor,d,mobile
1574517664544,submit,b7393,tutor,,mobile
1574517670719,enter,b7375,tutor,,mobile
1574517677301,respond,q10024,tutor,d,mobile
1574517690031,respond,q10024,tutor,b,mobile
1574517693724,submit,b7375,tutor,,mobile
1574517709008,enter,b1496,tutor,,mobile
1574517773364,respond,q1686,tutor,a,mobile
1574517778752,submit,b1496,tutor,,mobile
1574517785549,enter,b1057,tutor,,mobile
1574517806139,respond,q1057,tutor,b,mobile
1574517806816,respond,q1057,tutor,a,mobile
1574517812140,submit,b1057,tutor,,mobile
1574517827998,enter,b1596,tutor,,mobile
1574517915048,respond,q1986,tutor,d,mobile
1574517916205,respond,q1986,tutor,d,mobile
1574517922428,submit,b1596,tutor,,mobile
1574517979598,enter,b1512,tutor,,mobile
1574518040838,respond,q1734,tutor,d,mobile
1574518047560,submit,b1512,tutor,,mobile
1574584748193,enter,b11,tutor,,mobile
1574584767428,respond,q11,tutor,b,mobile
1574584778131,submit,b11,tutor,,mobile
1574584788752,enter,b1041,tutor,,mobile
1574584802546,respond,q1041,tutor,c,mobile
1574584808486,submit,b1041,tutor,,mobile
1574584813703,enter,b1223,tutor,,mobile
1574584833372,respond,q1223,tutor,c,mobile
1574584836989,submit,b1223,tutor,,mobile
1574584844309,enter,b1145,tutor,,mobile
1574584855251,respond,q1145,tutor,a,mobile
1574584864524,submit,b1145,tutor,,mobile
1574584894084,enter,b1453,tutor,,mobile
1574584957540,respond,q1557,tutor,a,mobile
1574584969030,submit,b1453,tutor,,mobile
1574585015420,enter,b1211,tutor,,mobile
1574585034840,respond,q1211,tutor,c,mobile
1574585036280,submit,b1211,tutor,,mobile
1574585053056,enter,b1067,tutor,,mobile
1574585071172,respond,q1067,tutor,a,mobile
1574585076455,submit,b1067,tutor,,mobile
1574585088686,enter,b1177,tutor,,mobile
1574585099469,respond,q1177,tutor,a,mobile
1574585103869,submit,b1177,tutor,,mobile
1574585109458,enter,b1532,tutor,,mobile
1574585177603,respond,q1794,tutor,b,mobile
1574585183314,submit,b1532,tutor,,mobile
1574585191185,enter,b1218,tutor,,mobile
1574585209494,respond,q1218,tutor,a,mobile
1574585212940,submit,b1218,tutor,,mobile
1574585218457,enter,b1491,tutor,,mobile
1574585266639,respond,q1671,tutor,a,mobile
1574585267165,respond,q1671,tutor,a,mobile
1574585272191,submit,b1491,tutor,,mobile
1574585280633,enter,b1096,tutor,,mobile
1574585295527,respond,q1096,tutor,b,mobile
1574585304186,submit,b1096,tutor,,mobile
1574585315206,enter,b1109,tutor,,mobile
1574585325189,respond,q1109,tutor,a,mobile
1574585335249,submit,b1109,tutor,,mobile
1574585342402,enter,b1350,tutor,,mobile
1574585356331,respond,q1350,tutor,c,mobile
1574585356782,respond,q1350,tutor,b,mobile
1574585359949,submit,b1350,tutor,,mobile
1574585366720,enter,b7389,tutor,,mobile
1574585375453,respond,q10038,tutor,c,mobile
1574585380566,respond,q10038,tutor,a,mobile
1574585387018,submit,b7389,tutor,,mobile
1574585415369,enter,b1064,tutor,,mobile
1574585430007,respond,q1064,tutor,c,mobile
1574585430549,respond,q1064,tutor,b,mobile
1574585433946,respond,q1064,tutor,c,mobile
1574585437727,submit,b1064,tutor,,mobile
1574585443597,enter,b192,tutor,,mobile
1574585467998,respond,q192,tutor,d,mobile
1574585472926,submit,b192,tutor,,mobile
1574585480766,enter,b1526,tutor,,mobile
1574585544410,respond,q1776,tutor,a,mobile
1574585552958,submit,b1526,tutor,,mobile
1574585590968,enter,b1974,sprint,,mobile
1574585667967,respond,q3120,sprint,b,mobile
1574585672233,submit,b1974,sprint,,mobile
1574611775344,enter,b1311,tutor,,mobile
1574611797227,respond,q1311,tutor,b,mobile
1574611799799,submit,b1311,tutor,,mobile
1574611827946,enter,b1488,tutor,,mobile
1574611932794,respond,q1662,tutor,d,mobile
1574611937092,submit,b1488,tutor,,mobile
1574611988148,enter,b1394,tutor,,mobile
1574612019158,submit,b1394,tutor,,mobile
1574612023668,enter,b7400,tutor,,mobile
1574612034528,respond,q10049,tutor,a,mobile
1574612039781,submit,b7400,tutor,,mobile
1574616206527,enter,b6695,sprint,,mobile
1574616216844,respond,q9344,sprint,c,mobile
1574616224213,respond,q9344,sprint,a,mobile
1574616228292,submit,b6695,sprint,,mobile
1574616237767,enter,b3096,sprint,,mobile
1574616240000,respond,q4564,sprint,a,mobile
1574616243345,submit,b3096,sprint,,mobile
1574616248907,enter,b7430,sprint,,mobile
1574616253324,respond,q10079,sprint,c,mobile
1574616259073,submit,b7430,sprint,,mobile
1574616282679,enter,b5734,sprint,,mobile
1574616292052,respond,q8383,sprint,a,mobile
1574616299047,respond,q8383,sprint,c,mobile
1574616301862,respond,q8383,sprint,d,mobile
1574616302756,respond,q8383,sprint,c,mobile
1574616306401,submit,b5734,sprint,,mobile
1574616323690,enter,b2448,sprint,,mobile
1574616326748,respond,q3916,sprint,c,mobile
1574616327499,respond,q3916,sprint,d,mobile
1574616331503,submit,b2448,sprint,,mobile
1574616347162,enter,b6765,sprint,,mobile
1574616360957,respond,q9414,sprint,b,mobile
1574616366425,submit,b6765,sprint,,mobile
1574616384367,enter,b3563,sprint,,mobile
1574616387439,respond,q5031,sprint,d,mobile
1574616390991,submit,b3563,sprint,,mobile
1574616398774,enter,b2446,sprint,,mobile
1574616407328,respond,q3914,sprint,a,mobile
1574616411192,submit,b2446,sprint,,mobile
1574616439341,enter,b3584,sprint,,mobile
1574616441940,respond,q5052,sprint,c,mobile
1574616445515,submit,b3584,sprint,,mobile
1574616451984,enter,b6270,sprint,,mobile
1574616486101,respond,q8919,sprint,b,mobile
1574616491599,submit,b6270,sprint,,mobile
1574616515015,enter,b4632,sprint,,mobile
1574616531333,respond,q6100,sprint,b,mobile
1574616539363,respond,q6100,sprint,d,mobile
1574616544906,submit,b4632,sprint,,mobile
1574616553090,enter,b5950,sprint,,mobile
1574616558356,respond,q8599,sprint,a,mobile
1574616562254,submit,b5950,sprint,,mobile
1574616567531,enter,b7072,sprint,,mobile
1574616582753,respond,q9721,sprint,d,mobile
1574616586606,submit,b7072,sprint,,mobile
1574616599110,enter,b6707,sprint,,mobile
1574616622833,respond,q9356,sprint,b,mobile
1574616626131,submit,b6707,sprint,,mobile
1574663098870,enter,b7403,tutor,,mobile
1574663107633,respond,q10052,tutor,a,mobile
1574663110930,submit,b7403,tutor,,mobile
1574663117732,enter,b1407,tutor,,mobile
1574663189487,respond,q1419,tutor,c,mobile
1574663194665,submit,b1407,tutor,,mobile
1574663241940,enter,b136,tutor,,mobile
1574663258977,respond,q136,tutor,a,mobile
1574663262984,respond,q136,tutor,c,mobile
1574663269233,submit,b136,tutor,,mobile
1574663275650,enter,b1382,tutor,,mobile
1574663294515,respond,q1382,tutor,c,mobile
1574663298534,submit,b1382,tutor,,mobile
1574663313085,enter,b1007,tutor,,mobile
1574663332351,respond,q1007,tutor,c,mobile
1574663335603,submit,b1007,tutor,,mobile
1574663344720,enter,b1499,tutor,,mobile
1574663419738,respond,q1695,tutor,a,mobile
1574663424713,submit,b1499,tutor,,mobile
1574663433311,enter,b1598,tutor,,mobile
1574663504846,respond,q1992,tutor,a,mobile
1574663508948,submit,b1598,tutor,,mobile
1574663519502,enter,b121,tutor,,mobile
1574663543284,respond,q121,tutor,c,mobile
1574663548295,submit,b121,tutor,,mobile
1574663557296,enter,b1536,tutor,,mobile
1574663634779,respond,q1806,tutor,c,mobile
1574663643016,submit,b1536,tutor,,mobile
1574663660320,enter,b1062,tutor,,mobile
1574663674749,respond,q1062,tutor,c,mobile
1574663680809,submit,b1062,tutor,,mobile
1574667138958,enter,b1387,tutor,,mobile
1574667160640,respond,q1387,tutor,c,mobile
1574667164043,submit,b1387,tutor,,mobile
1574667179865,enter,b1186,tutor,,mobile
1574667194311,respond,q1186,tutor,b,mobile
1574667198199,submit,b1186,tutor,,mobile
1574667205176,enter,b1189,tutor,,mobile
1574667220569,respond,q1189,tutor,c,mobile
1574667225438,submit,b1189,tutor,,mobile
1574667231502,enter,b1036,tutor,,mobile
1574667246993,respond,q1036,tutor,b,mobile
1574667252682,submit,b1036,tutor,,mobile
1574667260575,enter,b1173,tutor,,mobile
1574667275771,respond,q1173,tutor,b,mobile
1574667283466,submit,b1173,tutor,,mobile
1574667289474,enter,b1398,tutor,,mobile
1574667312505,submit,b1398,tutor,,mobile
1574667318296,enter,b1337,tutor,,mobile
1574667337852,respond,q1337,tutor,c,mobile
1574667341613,submit,b1337,tutor,,mobile
1574667350178,enter,b1538,tutor,,mobile
1574667382510,submit,b1538,tutor,,mobile
1574671048274,enter,b1554,tutor,,mobile
1574671112067,respond,q1860,tutor,a,mobile
1574671117565,submit,b1554,tutor,,mobile
1574671126270,enter,b7363,tutor,,mobile
1574671133880,respond,q10012,tutor,d,mobile
1574671137270,submit,b7363,tutor,,mobile
1574671144577,enter,b1415,tutor,,mobile
1574671203738,respond,q1443,tutor,c,mobile
1574671207566,submit,b1415,tutor,,mobile
1574672657557,enter,b1531,tutor,,mobile
1574672711820,respond,q1791,tutor,d,mobile
1574672714786,submit,b1531,tutor,,mobile
1574672748981,enter,b1372,tutor,,mobile
1574672765968,respond,q1372,tutor,b,mobile
1574672770412,submit,b1372,tutor,,mobile
1574672862422,enter,b8234,sprint,,mobile
1574672873087,respond,q11181,sprint,a,mobile
1574672875553,submit,b8234,sprint,,mobile
1574672912658,enter,b8065,sprint,,mobile
1574672933434,respond,q11012,sprint,b,mobile
1574672937821,submit,b8065,sprint,,mobile
1574672988510,enter,b5604,sprint,,mobile
1574673012951,respond,q8133,sprint,c,mobile
1574673016588,submit,b5604,sprint,,mobile
1574673048381,enter,b5627,sprint,,mobile
1574673059314,respond,q8156,sprint,a,mobile
1574673074394,submit,b5627,sprint,,mobile
1574673078217,enter,b8037,sprint,,mobile
1574673094207,respond,q10984,sprint,b,mobile
1574673101373,respond,q10984,sprint,b,mobile
1574673105156,submit,b8037,sprint,,mobile
1574673112714,enter,b135,sprint,,mobile
1574673116165,respond,q135,sprint,d,mobile
1574673118660,submit,b135,sprint,,mobile
1574673191887,enter,b428,sprint,,mobile
1574673210675,respond,q428,sprint,b,mobile
1574673215027,submit,b428,sprint,,mobile
1574673220196,enter,b1112,sprint,,mobile
1574673233220,respond,q1112,sprint,b,mobile
1574673236297,respond,q1112,sprint,c,mobile
1574673239532,submit,b1112,sprint,,mobile
1574673243945,enter,b12027,sprint,,mobile
1574673261476,respond,q17964,sprint,c,mobile
1574673264971,submit,b12027,sprint,,mobile
1574673275654,enter,b408,sprint,,mobile
1574673288939,respond,q408,sprint,c,mobile
1574673295549,submit,b408,sprint,,mobile
1574673315793,enter,b565,sprint,,mobile
1574673332591,respond,q565,sprint,b,mobile
1574673333573,respond,q565,sprint,c,mobile
1574673336309,submit,b565,sprint,,mobile
1574673343937,enter,b1316,sprint,,mobile
1574673362438,respond,q1316,sprint,a,mobile
1574673365668,submit,b1316,sprint,,mobile
1574673385318,enter,b12138,sprint,,mobile
1574673399936,respond,q18075,sprint,b,mobile
1574673405067,submit,b12138,sprint,,mobile
1574673413086,enter,b1195,sprint,,mobile
1574673429548,respond,q1195,sprint,c,mobile
1574673433369,submit,b1195,sprint,,mobile
1574673437981,enter,b1310,sprint,,mobile
1574673456886,respond,q1310,sprint,a,mobile
1574673461539,submit,b1310,sprint,,mobile
1574673467556,enter,b209,sprint,,mobile
1574673490241,respond,q209,sprint,a,mobile
1574673494471,submit,b209,sprint,,mobile
1574673519659,enter,b1746,sprint,,mobile
1574673566536,respond,q2436,sprint,a,mobile
1574673571536,submit,b1746,sprint,,mobile
1574673623023,enter,b1478,sprint,,mobile
1574673678685,respond,q1632,sprint,d,mobile
1574673690731,submit,b1478,sprint,,mobile
1574673696226,enter,b1580,sprint,,mobile
1574673746065,respond,q1938,sprint,a,mobile
1574673751347,submit,b1580,sprint,,mobile
1574673758219,enter,b1596,sprint,,mobile
1574673823869,respond,q1986,sprint,d,mobile
1574673836683,submit,b1596,sprint,,mobile
1574673843420,enter,b1594,sprint,,mobile
1574673905240,respond,q1980,sprint,d,mobile
1574673911701,submit,b1594,sprint,,mobile
1574673930062,enter,b1852,sprint,,mobile
1574673983099,respond,q2754,sprint,a,mobile
1574673989615,respond,q2754,sprint,d,mobile
1574673992478,respond,q2754,sprint,a,mobile
1574673994324,respond,q2754,sprint,d,mobile
1574674000689,submit,b1852,sprint,,mobile
1574674048579,enter,b2072,sprint,,mobile
1574674100312,respond,q3414,sprint,c,mobile
1574674106000,submit,b2072,sprint,,mobile
1574674127049,enter,b2081,sprint,,mobile
1574674192250,respond,q3441,sprint,d,mobile
1574674199764,submit,b2081,sprint,,mobile
1574674237296,enter,b8329,sprint,,mobile
1574674298007,respond,q11293,sprint,b,mobile
1574674304613,submit,b8329,sprint,,mobile
1574674377359,enter,b1887,sprint,,mobile
1574674427429,respond,q2859,sprint,a,mobile
1574674431574,submit,b1887,sprint,,mobile
1574674442092,enter,b1915,sprint,,mobile
1574674496954,respond,q2943,sprint,d,mobile
1574674502296,submit,b1915,sprint,,mobile
1574676478246,enter,b1347,tutor,,mobile
1574676491414,respond,q1347,tutor,c,mobile
1574676495430,respond,q1347,tutor,b,mobile
1574676498698,submit,b1347,tutor,,mobile
1574676504805,enter,b1081,tutor,,mobile
1574676516317,respond,q1081,tutor,a,mobile
1574676519568,submit,b1081,tutor,,mobile
1574676524936,enter,b1543,tutor,,mobile
1574676591973,respond,q1827,tutor,a,mobile
1574676598127,submit,b1543,tutor,,mobile
1574676598220,enter,b1543,tutor,,mobile
1574676607607,respond,q1827,tutor,a,mobile
1574676611124,submit,b1543,tutor,,mobile
1574676620074,enter,b1492,tutor,,mobile
1574676684461,respond,q1674,tutor,b,mobile
1574676689171,submit,b1492,tutor,,mobile
1574676719782,enter,b1418,tutor,,mobile
1574676776103,respond,q1452,tutor,a,mobile
1574676780997,submit,b1418,tutor,,mobile
1574676799010,enter,b5369,sprint,,mobile
1574677020396,respond,q7524,sprint,d,mobile
1574677026377,submit,b5369,sprint,,mobile
1574679701268,enter,b1573,tutor,,mobile
1574679770308,respond,q1917,tutor,c,mobile
1574679777825,submit,b1573,tutor,,mobile
1574679816473,enter,b1029,tutor,,mobile
1574679836219,respond,q1029,tutor,b,mobile
1574679840222,submit,b1029,tutor,,mobile
1574679852217,enter,b125,tutor,,mobile
1574679873132,respond,q125,tutor,a,mobile
1574679876852,submit,b125,tutor,,mobile
1574679881767,enter,b170,tutor,,mobile
1574679909092,respond,q170,tutor,b,mobile
1574679911963,submit,b170,tutor,,mobile
1574679917889,enter,b1033,tutor,,mobile
1574679941061,respond,q1033,tutor,a,mobile
1574679944910,submit,b1033,tutor,,mobile
1574679969928,enter,b1236,tutor,,mobile
1574679983483,respond,q1236,tutor,b,mobile
1574679986624,submit,b1236,tutor,,mobile
1574679992017,enter,b19,tutor,,mobile
1574680014809,respond,q19,tutor,a,mobile
1574680018241,submit,b19,tutor,,mobile
1574680026950,enter,b1575,tutor,,mobile
1574680089385,respond,q1923,tutor,b,mobile
1574680094812,submit,b1575,tutor,,mobile
1574680101115,enter,b1394,tutor,,mobile
1574680116327,respond,q1394,tutor,a,mobile
1574680122003,submit,b1394,tutor,,mobile
1574680133376,enter,b1408,tutor,,mobile
1574680205206,respond,q1422,tutor,c,mobile
1574680210159,submit,b1408,tutor,,mobile
1574680232549,enter,b1302,tutor,,mobile
1574680254050,respond,q1302,tutor,a,mobile
1574680258004,submit,b1302,tutor,,mobile
1574680275112,enter,b1449,tutor,,mobile
1574680360375,respond,q1545,tutor,d,mobile
1574680368544,submit,b1449,tutor,,mobile
1574747934417,enter,b1469,tutor,,mobile
1574748004807,respond,q1605,tutor,b,mobile
1574748007253,respond,q1605,tutor,d,mobile
1574748013626,submit,b1469,tutor,,mobile
1574748025751,enter,b1452,tutor,,mobile
1574748104094,respond,q1554,tutor,a,mobile
1574748117191,submit,b1452,tutor,,mobile
1574748130665,enter,b1377,tutor,,mobile
1574748146175,respond,q1377,tutor,b,mobile
1574748153617,submit,b1377,tutor,,mobile
1574748159127,enter,b1368,tutor,,mobile
1574748180543,respond,q1368,tutor,c,mobile
1574748184654,submit,b1368,tutor,,mobile
1574748198809,enter,b1411,tutor,,mobile
1574748255696,respond,q1431,tutor,d,mobile
1574748261223,submit,b1411,tutor,,mobile
1574748276400,enter,b1497,tutor,,mobile
1574748340223,respond,q1689,tutor,a,mobile
1574748345067,submit,b1497,tutor,,mobile
1574748478284,enter,b1509,tutor,,mobile
1574748561436,respond,q1725,tutor,d,mobile
1574748565820,submit,b1509,tutor,,mobile
1574752744601,enter,b1538,tutor,,mobile
1574752804460,respond,q1812,tutor,c,mobile
1574752808585,submit,b1538,tutor,,mobile
1574752862513,enter,b132,tutor,,mobile
1574752875602,respond,q132,tutor,a,mobile
1574752886731,submit,b132,tutor,,mobile
1574752894512,enter,b1077,tutor,,mobile
1574752908836,respond,q1077,tutor,b,mobile
1574752913939,submit,b1077,tutor,,mobile
1574752921437,enter,b1447,tutor,,mobile
1574752973876,respond,q1539,tutor,c,mobile
1574752986955,submit,b1447,tutor,,mobile
1574753007919,enter,b1482,tutor,,mobile
1574753039942,submit,b1482,tutor,,mobile
