timestamp,action_type,item_id,source,user_answer,platform
1567054454258,enter,b3447,diagnosis,,web
1567054497177,respond,q4915,diagnosis,a,web
1567054498784,submit,b3447,diagnosis,,web
1567054504226,enter,b4399,diagnosis,,web
1567054529418,respond,q5867,diagnosis,b,web
1567054531190,submit,b4399,diagnosis,,web
1567054534536,enter,b2662,diagnosis,,web
1567054534877,respond,q4130,diagnosis,b,web
1567054587747,respond,q4130,diagnosis,d,web
1567054590832,submit,b2662,diagnosis,,web
1567054592940,enter,b4990,diagnosis,,web
1567054615078,respond,q6458,diagnosis,a,web
1567054623514,submit,b4990,diagnosis,,web
1567055187355,enter,b3900,diagnosis,,web
1567055205840,respond,q5368,diagnosis,a,web
1567055206983,submit,b3900,diagnosis,,web
1567055208505,enter,b3006,diagnosis,,web
1567055249086,respond,q4474,diagnosis,b,web
1567055262392,submit,b3006,diagnosis,,web
1567055265498,enter,b3431,diagnosis,,web
1567055291035,respond,q4899,diagnosis,d,web
1567055291977,submit,b3431,diagnosis,,web
1567055294207,enter,b2202,diagnosis,,web
1567055377445,respond,q3670,diagnosis,a,web
1567055378301,submit,b2202,diagnosis,,web
1567055381215,enter,b3361,diagnosis,,web
1567055396820,respond,q4829,diagnosis,a,web
1567055397949,submit,b3361,diagnosis,,web
1567055400548,enter,b2153,diagnosis,,web
1567055442843,respond,q3621,diagnosis,a,web
1567055443911,respond,q3621,diagnosis,d,web
1567055445773,submit,b2153,diagnosis,,web
1567055452645,enter,b2735,diagnosis,,web
1567055472316,respond,q4203,diagnosis,d,web
1567055473470,submit,b2735,diagnosis,,web
1567066306104,enter,b5186,my_note,,web
1567066392921,respond,q6837,my_note,c,web
1567066462545,respond,q6838,my_note,b,web
1567066519331,respond,q6839,my_note,a,web
1567066528728,respond,q6840,my_note,c,web
1567066531722,submit,b5186,my_note,,web
1567125297680,enter,b5179,my_note,,web
1567125493217,respond,q6809,my_note,a,web
1567125586566,respond,q6810,my_note,d,web
1567125688828,respond,q6810,my_note,a,web
1567125854624,submit,b5179,my_note,,web
1567126529659,enter,b5179,my_note,,web
1567126572924,respond,q6811,my_note,a,web
1567126679811,respond,q6812,my_note,a,web
1567126681127,submit,b5179,my_note,,web
1567128307798,enter,b5222,my_note,,web
1567128335763,respond,q6981,my_note,d,web
1567128345607,respond,q6981,my_note,b,web
1567128401443,respond,q6982,my_note,b,web
1567128414627,respond,q6983,my_note,c,web
1567128607124,respond,q6984,my_note,b,web
1567128608360,submit,b5222,my_note,,web
1567129226271,enter,b5209,my_note,,web
1567129264286,respond,q6929,my_note,c,web
1567129291411,respond,q6930,my_note,c,web
1567129329993,respond,q6931,my_note,c,web
1567129379200,respond,q6932,my_note,b,web
1567129380971,submit,b5209,my_note,,web
1567129974745,enter,b5212,my_note,,web
1567131813319,respond,q6941,my_note,b,web
1567131973330,respond,q6942,my_note,a,web
1567131975457,respond,q6942,my_note,b,web
1567131999913,respond,q6943,my_note,c,web
1567132135758,respond,q6944,my_note,b,web
1567132136815,submit,b5212,my_note,,web
1567135742670,enter,b181,sprint,,mobile
1567135809023,submit,b181,sprint,,mobile
1567143998624,respond,q4130,my_note,c,web
1567145172728,enter,b4990,my_note,,web
1567145396794,respond,q6458,my_note,a,web
1567145397872,submit,b4990,my_note,,web
1567145785698,enter,b2202,my_note,,web
1567145812166,respond,q3670,my_note,d,web
1567145812712,submit,b2202,my_note,,web
1567146670165,enter,b3361,my_note,,web
1567146707633,respond,q4829,my_note,c,web
1567146709095,submit,b3361,my_note,,web
1567147287849,respond,q3621,my_note,d,web
1567147888825,enter,b2735,my_note,,web
1567147942221,respond,q4203,my_note,c,web
1567147943108,submit,b2735,my_note,,web
1567148599573,enter,b5186,my_note,,web
1567148686440,respond,q6837,my_note,a,web
1567148725733,respond,q6838,my_note,b,web
1567148826979,respond,q6840,my_note,c,web
1567148843555,respond,q6839,my_note,a,web
1567148845268,submit,b5186,my_note,,web
1567391466075,enter,b5198,my_note,,web
1567391508446,respond,q6885,my_note,a,web
1567391533354,respond,q6886,my_note,b,web
1567391563960,respond,q6887,my_note,d,web
1567391567133,respond,q6887,my_note,a,web
1567391584630,respond,q6888,my_note,b,web
1567391594625,submit,b5198,my_note,,web
1567402251095,enter,b5168,my_note,,web
1567402429241,respond,q6765,my_note,d,web
1567402489165,respond,q6766,my_note,a,web
1567402508001,respond,q6767,my_note,b,web
1567402529665,respond,q6768,my_note,b,web
1567402534537,submit,b5168,my_note,,web
1567403254478,enter,b5366,my_note,,web
1567403897539,respond,q7505,my_note,d,web
1567403949204,respond,q7506,my_note,b,web
1567403973964,respond,q7507,my_note,d,web
1567404004213,respond,q7508,my_note,a,web
1567404079835,respond,q7508,my_note,c,web
1567404089731,respond,q7509,my_note,d,web
1567404096497,submit,b5366,my_note,,web
1567410659822,respond,q7831,my_note,b,web
1567410692733,respond,q7832,my_note,c,web
1567410760066,respond,q7833,my_note,d,web
1567411214144,respond,q7834,my_note,c,web
1567411215690,respond,q7834,my_note,d,web
1567411280680,respond,q7835,my_note,b,web
1567411899650,enter,b5369,my_note,,web
1567412100735,respond,q7521,my_note,d,web
1567412158863,respond,q7520,my_note,d,web
1567412159759,respond,q7520,my_note,a,web
1567412238566,respond,q7521,my_note,a,web
1567412306813,submit,b5369,my_note,,web
1567414063084,respond,q7521,my_note,c,web
1567414075165,respond,q7521,my_note,a,web
1567414089075,respond,q7522,my_note,c,web
1567414209617,respond,q7523,my_note,c,web
1567414262997,respond,q7524,my_note,a,web
1567414282205,respond,q7524,my_note,b,web
1567419500694,enter,b181,sprint,,mobile
1567419532368,respond,q181,sprint,b,mobile
1567419536217,submit,b181,sprint,,mobile
1567419567957,enter,b10,sprint,,mobile
1567419592722,respond,q10,sprint,d,mobile
1567419595618,submit,b10,sprint,,mobile
1567419725649,enter,b5611,sprint,,mobile
1567419747884,respond,q8140,sprint,a,mobile
1567419751462,submit,b5611,sprint,,mobile
1567419849129,enter,b8056,sprint,,mobile
1567419863306,respond,q11003,sprint,b,mobile
1567419872288,submit,b8056,sprint,,mobile
1567419927379,enter,b108,sprint,,mobile
1567419948082,respond,q108,sprint,d,mobile
1567419950939,submit,b108,sprint,,mobile
1567420048725,enter,b5573,sprint,,mobile
1567420075398,respond,q8102,sprint,b,mobile
1567420080381,submit,b5573,sprint,,mobile
1567420196984,enter,b5573,adaptive_offer,,mobile
1567420219108,respond,q8102,adaptive_offer,a,mobile
1567420221892,submit,b5573,adaptive_offer,,mobile
1567420431595,enter,b10,adaptive_offer,,mobile
1567420454673,respond,q10,adaptive_offer,c,mobile
1567420457826,submit,b10,adaptive_offer,,mobile
1567420529305,enter,b186,sprint,,mobile
1567420545049,respond,q186,sprint,b,mobile
1567420553871,submit,b186,sprint,,mobile
1567420620219,enter,b8043,sprint,,mobile
1567420636934,respond,q10990,sprint,c,mobile
1567420642675,submit,b8043,sprint,,mobile
1567420680660,enter,b5567,sprint,,mobile
1567420705869,respond,q8096,sprint,c,mobile
1567420709112,submit,b5567,sprint,,mobile
1567422171091,enter,b5567,adaptive_offer,,mobile
1567422195935,respond,q8096,adaptive_offer,a,mobile
1567422199399,respond,q8096,adaptive_offer,d,mobile
1567422202727,submit,b5567,adaptive_offer,,mobile
1567422281850,enter,b187,sprint,,mobile
1567422305457,respond,q187,sprint,a,mobile
1567422308431,submit,b187,sprint,,mobile
1567422382526,enter,b5577,sprint,,mobile
1567422404181,respond,q8106,sprint,d,mobile
1567422407003,submit,b5577,sprint,,mobile
1567422462613,enter,b8143,sprint,,mobile
1567422472633,respond,q11090,sprint,a,mobile
1567422488925,submit,b8143,sprint,,mobile
1567422546778,enter,b167,sprint,,mobile
1567422558254,respond,q167,sprint,a,mobile
1567422572283,submit,b167,sprint,,mobile
1567422630844,enter,b5579,sprint,,mobile
1567422642611,respond,q8108,sprint,a,mobile
1567422644560,respond,q8108,sprint,b,mobile
1567422655219,submit,b5579,sprint,,mobile
1567422697377,enter,b5593,sprint,,mobile
1567422720255,respond,q8122,sprint,c,mobile
1567422723348,submit,b5593,sprint,,mobile
1567422941415,enter,b5593,adaptive_offer,,mobile
1567422964232,respond,q8122,adaptive_offer,d,mobile
1567422966830,submit,b5593,adaptive_offer,,mobile
1567423007767,enter,b5611,adaptive_offer,,mobile
1567423022889,respond,q8140,adaptive_offer,b,mobile
1567423032053,submit,b5611,adaptive_offer,,mobile
1567423079977,enter,b8192,sprint,,mobile
1567423094008,respond,q11139,sprint,b,mobile
1567423104529,submit,b8192,sprint,,mobile
1567423126754,enter,b40,sprint,,mobile
1567423137679,respond,q40,sprint,a,mobile
1567423152780,submit,b40,sprint,,mobile
1567423226993,enter,b3,sprint,,mobile
1567423241649,respond,q3,sprint,b,mobile
1567423256399,submit,b3,sprint,,mobile
1567423310062,enter,b5572,sprint,,mobile
1567423334144,respond,q8101,sprint,a,mobile
1567423336897,submit,b5572,sprint,,mobile
1567423377633,enter,b8251,sprint,,mobile
1567423388941,respond,q11198,sprint,a,mobile
1567423402028,submit,b8251,sprint,,mobile
1567423497342,enter,b150,sprint,,mobile
1567423512565,submit,b150,sprint,,mobile
1567436040776,enter,b150,sprint,,mobile
1567436058131,respond,q150,sprint,c,mobile
1567436066320,submit,b150,sprint,,mobile
1567436162664,enter,b5648,sprint,,mobile
1567436178155,respond,q8177,sprint,b,mobile
1567436189918,submit,b5648,sprint,,mobile
1567436278156,enter,b7,sprint,,mobile
1567436302188,respond,q7,sprint,d,mobile
1567436304894,submit,b7,sprint,,mobile
1567436397254,enter,b8153,sprint,,mobile
1567436418332,respond,q11100,sprint,c,mobile
1567436421343,submit,b8153,sprint,,mobile
1567436474153,enter,b5645,sprint,,mobile
1567436496265,respond,q8174,sprint,c,mobile
1567436501312,submit,b5645,sprint,,mobile
1567436563749,enter,b194,sprint,,mobile
1567436583165,respond,q194,sprint,c,mobile
1567436589192,respond,q194,sprint,d,mobile
1567436593588,submit,b194,sprint,,mobile
1567436664622,enter,b115,sprint,,mobile
1567436690464,respond,q115,sprint,a,mobile
1567436693010,submit,b115,sprint,,mobile
1567436771827,enter,b8128,sprint,,mobile
1567436782597,respond,q11075,sprint,a,mobile
1567436795619,submit,b8128,sprint,,mobile
1567436832162,enter,b5614,sprint,,mobile
1567436853603,respond,q8143,sprint,c,mobile
1567436856187,submit,b5614,sprint,,mobile
1567436957900,enter,b65,sprint,,mobile
1567436981713,respond,q65,sprint,d,mobile
1567436984551,submit,b65,sprint,,mobile
1567437092641,enter,b5589,sprint,,mobile
1567437096535,submit,b5589,sprint,,mobile
1567477365027,enter,b5218,my_note,,web
1567477388716,respond,q6965,my_note,c,web
1567477416528,respond,q6966,my_note,b,web
1567477420725,respond,q6966,my_note,d,web
1567477446756,respond,q6967,my_note,b,web
1567477447456,respond,q6967,my_note,a,web
1567477487142,respond,q6968,my_note,d,web
1567477488305,submit,b5218,my_note,,web
1567478433036,enter,b5089,my_note,,web
1567478486253,respond,q6569,my_note,a,web
1567478538389,respond,q6571,my_note,a,web
1567478545677,respond,q6570,my_note,c,web
1567478550120,respond,q6570,my_note,a,web
1567478632389,respond,q6572,my_note,a,web
1567478647803,respond,q6570,my_note,c,web
1567478648958,submit,b5089,my_note,,web
1567480839046,enter,b5120,my_note,,web
1567480863379,respond,q6693,my_note,d,web
1567480901326,respond,q6694,my_note,d,web
1567480930354,respond,q6695,my_note,c,web
1567480962828,respond,q6696,my_note,a,web
1567480964463,submit,b5120,my_note,,web
1567490390779,enter,b5474,my_note,,web
1567490901876,respond,q7886,my_note,c,web
1567491069443,respond,q7887,my_note,d,web
1567491338535,respond,q7889,my_note,c,web
1567491346510,respond,q7888,my_note,b,web
1567491950508,submit,b5474,my_note,,web
1567493115100,enter,b5474,my_note,,web
1567493168236,respond,q7886,my_note,c,web
1567493174028,respond,q7887,my_note,d,web
1567493183762,respond,q7888,my_note,c,web
1567493212416,respond,q7889,my_note,d,web
1567493263559,respond,q7890,my_note,a,web
1567494272501,submit,b5474,my_note,,web
1567494273562,enter,b5474,my_note,,web
1567494281429,respond,q7888,my_note,b,web
1567494399044,respond,q7890,my_note,b,web
1567494400398,submit,b5474,my_note,,web
1567495718341,enter,b5373,my_note,,web
1567495915808,respond,q7540,my_note,a,web
1567495944794,respond,q7541,my_note,b,web
1567496073758,respond,q7542,my_note,d,web
1567496083195,respond,q7543,my_note,a,web
1567496115662,respond,q7543,my_note,b,web
1567496138495,respond,q7544,my_note,c,web
1567496139207,submit,b5373,my_note,,web
1567497409768,enter,b5299,my_note,,web
1567497517194,respond,q7247,my_note,c,web
1567497570235,respond,q7248,my_note,d,web
1567497587122,respond,q7248,my_note,b,web
1567497680286,respond,q7249,my_note,c,web
1567497717616,respond,q7250,my_note,d,web
1567497798760,respond,q7251,my_note,b,web
1567497801344,submit,b5299,my_note,,web
1567515417805,enter,b5583,sprint,,mobile
1567515437741,respond,q8112,sprint,c,mobile
1567515441384,submit,b5583,sprint,,mobile
1567515503544,enter,b8219,sprint,,mobile
1567515522415,respond,q11166,sprint,b,mobile
1567515526730,respond,q11166,sprint,d,mobile
1567515529774,submit,b8219,sprint,,mobile
1567515580943,enter,b196,sprint,,mobile
1567515599634,respond,q196,sprint,b,mobile
1567515610151,submit,b196,sprint,,mobile
1567515691755,enter,b5570,sprint,,mobile
1567515715447,respond,q8099,sprint,a,mobile
1567515719097,submit,b5570,sprint,,mobile
1567515749799,enter,b106,sprint,,mobile
1567515761142,respond,q106,sprint,a,mobile
1567515772048,submit,b106,sprint,,mobile
1567515803156,enter,b8125,sprint,,mobile
1567515822765,respond,q11072,sprint,c,mobile
1567515826827,submit,b8125,sprint,,mobile
1567515873090,enter,b5539,sprint,,mobile
1567515887414,respond,q8068,sprint,b,mobile
1567515896823,respond,q8068,sprint,d,mobile
1567515900306,submit,b5539,sprint,,mobile
1567516102686,enter,b5583,adaptive_offer,,mobile
1567516122156,respond,q8112,adaptive_offer,d,mobile
1567516124913,submit,b5583,adaptive_offer,,mobile
1567516130355,enter,b5539,adaptive_offer,,mobile
1567516157455,respond,q8068,adaptive_offer,d,mobile
1567516160347,submit,b5539,adaptive_offer,,mobile
1567516264580,enter,b183,sprint,,mobile
1567516274449,respond,q183,sprint,a,mobile
1567516289371,submit,b183,sprint,,mobile
1567516349652,enter,b5650,sprint,,mobile
1567516376519,respond,q8179,sprint,c,mobile
1567516382141,submit,b5650,sprint,,mobile
1567517104852,enter,b633,sprint,,mobile
1567517121474,respond,q633,sprint,c,mobile
1567517124353,submit,b633,sprint,,mobile
1567517210554,enter,b890,sprint,,mobile
1567517227505,respond,q890,sprint,b,mobile
1567517233353,submit,b890,sprint,,mobile
1567517302734,enter,b1026,sprint,,mobile
1567517312893,respond,q1026,sprint,a,mobile
1567517322488,submit,b1026,sprint,,mobile
1567517545047,enter,b1026,sprint,,mobile
1567517604611,submit,b1026,sprint,,mobile
1567517604695,enter,b8314,sprint,,mobile
1567517623431,respond,q11261,sprint,b,mobile
1567517626521,submit,b8314,sprint,,mobile
1567517720799,enter,b507,sprint,,mobile
1567517733971,respond,q507,sprint,c,mobile
1567517738623,submit,b507,sprint,,mobile
1567517807660,enter,b1313,sprint,,mobile
1567517811777,submit,b1313,sprint,,mobile
1567517865974,enter,b489,sprint,,mobile
1567517881776,submit,b489,sprint,,mobile
1567523833583,enter,b5650,sprint,,mobile
1567523850396,submit,b5650,sprint,,mobile
1567523850489,enter,b8206,sprint,,mobile
1567523874132,respond,q11153,sprint,c,mobile
1567523875429,respond,q11153,sprint,d,mobile
1567523878160,submit,b8206,sprint,,mobile
1567523909251,enter,b111,sprint,,mobile
1567523919146,submit,b111,sprint,,mobile
1567524347648,enter,b150,adaptive_offer,,mobile
1567524366855,respond,q150,adaptive_offer,c,mobile
1567524373058,submit,b150,adaptive_offer,,mobile
1567524394975,enter,b5577,adaptive_offer,,mobile
1567524417473,respond,q8106,adaptive_offer,c,mobile
1567524419851,submit,b5577,adaptive_offer,,mobile
1567557035521,enter,b5511,my_note,,web
1567557518691,respond,q8018,my_note,b,web
1567557523638,respond,q8018,my_note,d,web
1567557541257,submit,b5511,my_note,,web
1567557541440,enter,b5511,my_note,,web
1567557670895,respond,q8019,my_note,b,web
1567557673988,respond,q8019,my_note,c,web
1567557750978,respond,q8020,my_note,a,web
1567557764619,respond,q8021,my_note,a,web
1567557809262,submit,b5511,my_note,,web
1567559412818,enter,b5354,my_note,,web
1567559637831,respond,q7460,my_note,a,web
1567559690812,respond,q7461,my_note,a,web
1567559951599,submit,b5354,my_note,,web
1567560442655,respond,q7462,my_note,d,web
1567560574228,respond,q7463,my_note,c,web
1567560637276,respond,q7464,my_note,a,web
1567567985555,enter,b5235,my_note,,web
1567568257303,respond,q7030,my_note,c,web
1567568281200,respond,q7031,my_note,d,web
1567568345504,respond,q7032,my_note,c,web
1567568379557,respond,q7033,my_note,c,web
1567568403088,submit,b5235,my_note,,web
1567571402276,enter,b5211,my_note,,web
1567571459437,respond,q6937,my_note,c,web
1567571518076,respond,q6937,my_note,d,web
1567571565150,respond,q6938,my_note,a,web
1567571695539,respond,q6939,my_note,d,web
1567571830215,respond,q6938,my_note,c,web
1567571836933,respond,q6938,my_note,a,web
1567571861374,respond,q6940,my_note,b,web
1567571890913,submit,b5211,my_note,,web
1567572325670,enter,b5121,my_note,,web
1567572405775,respond,q6697,my_note,b,web
1567572445181,respond,q6698,my_note,c,web
1567572453938,respond,q6699,my_note,a,web
1567572463143,respond,q6700,my_note,a,web
1567572479030,respond,q6700,my_note,d,web
1567572527589,respond,q6697,my_note,c,web
1567572531267,respond,q6697,my_note,b,web
1567572532299,respond,q6697,my_note,c,web
1567572606909,submit,b5121,my_note,,web
1567572831606,enter,b5184,my_note,,web
1567572909497,respond,q6829,my_note,a,web
1567573011612,respond,q6830,my_note,a,web
1567573034201,respond,q6830,my_note,d,web
1567573134273,respond,q6831,my_note,b,web
1567573163340,respond,q6832,my_note,a,web
1567573166123,submit,b5184,my_note,,web
1567574448387,enter,b5170,my_note,,web
1567574485268,respond,q6773,my_note,c,web
1567574521817,respond,q6774,my_note,c,web
1567574569913,respond,q6775,my_note,a,web
1567574621387,respond,q6776,my_note,d,web
1567574622199,submit,b5170,my_note,,web
1567577569793,enter,b5300,my_note,,web
1567578020112,respond,q7252,my_note,b,web
1567578265144,respond,q7253,my_note,c,web
1567578285858,respond,q7254,my_note,c,web
1567578370751,respond,q7255,my_note,b,web
1567578495461,respond,q7256,my_note,a,web
1567578496510,submit,b5300,my_note,,web
1567580876634,respond,q7603,my_note,c,web
1567582158007,respond,q7604,my_note,a,web
1567582159649,respond,q7604,my_note,d,web
1567582251366,respond,q7605,my_note,b,web
1567582380016,respond,q7606,my_note,b,web
1567582390749,respond,q7607,my_note,c,web
1567582692403,respond,q7607,my_note,d,web
1568037997871,enter,b489,sprint,,mobile
1568038015193,respond,q489,sprint,c,mobile
1568038019108,submit,b489,sprint,,mobile
1568038070267,enter,b573,sprint,,mobile
1568038095321,respond,q573,sprint,c,mobile
1568038097654,respond,q573,sprint,a,mobile
1568038100676,submit,b573,sprint,,mobile
1568038163190,enter,b8316,sprint,,mobile
1568038184350,respond,q11263,sprint,b,mobile
1568038188244,submit,b8316,sprint,,mobile
1568038286781,enter,b1131,sprint,,mobile
1568038297372,respond,q1131,sprint,a,mobile
1568038307552,submit,b1131,sprint,,mobile
1568038417462,enter,b1329,sprint,,mobile
1568038434654,respond,q1329,sprint,b,mobile
1568038437874,submit,b1329,sprint,,mobile
1568038629137,enter,b952,sprint,,mobile
1568038638288,respond,q952,sprint,a,mobile
1568038641287,submit,b952,sprint,,mobile
1568038828414,enter,b849,sprint,,mobile
1568038850103,respond,q849,sprint,b,mobile
1568038855197,submit,b849,sprint,,mobile
1568038924061,enter,b8315,sprint,,mobile
1568038935157,respond,q11262,sprint,a,mobile
1568038944400,submit,b8315,sprint,,mobile
1568039017569,enter,b1114,sprint,,mobile
1568039035048,respond,q1114,sprint,c,mobile
1568039038428,submit,b1114,sprint,,mobile
1568039132282,enter,b1228,sprint,,mobile
1568039154102,respond,q1228,sprint,a,mobile
1568039157119,submit,b1228,sprint,,mobile
1568039253922,enter,b8302,sprint,,mobile
1568039270724,respond,q11249,sprint,b,mobile
1568039279770,submit,b8302,sprint,,mobile
1568039346143,enter,b1186,sprint,,mobile
1568039355612,respond,q1186,sprint,b,mobile
1568039364698,submit,b1186,sprint,,mobile
1568039418100,enter,b701,sprint,,mobile
1568039441323,respond,q701,sprint,a,mobile
1568039445050,submit,b701,sprint,,mobile
1568039501936,enter,b542,sprint,,mobile
1568039522544,respond,q542,sprint,b,mobile
1568039525184,submit,b542,sprint,,mobile
1568039572105,enter,b8312,sprint,,mobile
1568039599667,respond,q11259,sprint,a,mobile
1568039607931,respond,q11259,sprint,b,mobile
1568039610714,submit,b8312,sprint,,mobile
1568039786167,enter,b648,sprint,,mobile
1568039787622,submit,b648,sprint,,mobile
1568075730512,enter,b5316,my_note,,web
1568076032034,respond,q7309,my_note,b,web
1568076062869,respond,q7310,my_note,b,web
1568076074112,respond,q7311,my_note,c,web
1568076098756,respond,q7312,my_note,d,web
1568076128792,respond,q7313,my_note,d,web
1568076129467,submit,b5316,my_note,,web
1568078440587,enter,b5505,my_note,,web
1568078606509,respond,q7993,my_note,b,web
1568078740723,respond,q7995,my_note,b,web
1568078787021,respond,q7994,my_note,b,web
1568078820469,respond,q7996,my_note,d,web
1568078864484,respond,q7997,my_note,d,web
1568078870738,submit,b5505,my_note,,web
1568126611297,enter,b1533,sprint,,mobile
1568126704959,respond,q1797,sprint,b,mobile
1568126710033,submit,b1533,sprint,,mobile
1568126833234,enter,b1463,sprint,,mobile
1568126922520,respond,q1587,sprint,c,mobile
1568126929346,submit,b1463,sprint,,mobile
1568127280933,enter,b1461,sprint,,mobile
1568127386583,respond,q1581,sprint,b,mobile
1568127393501,submit,b1461,sprint,,mobile
1568205435335,enter,b5633,sprint,,mobile
1568205473554,respond,q8162,sprint,b,mobile
1568205477337,submit,b5633,sprint,,mobile
1568205520395,enter,b56,sprint,,mobile
1568205544265,respond,q56,sprint,c,mobile
1568205547601,submit,b56,sprint,,mobile
1568205578800,enter,b5602,sprint,,mobile
1568205608352,respond,q8131,sprint,d,mobile
1568205613872,submit,b5602,sprint,,mobile
1568819141582,enter,b8021,sprint,,mobile
1568819151458,respond,q10968,sprint,a,mobile
1568819165341,submit,b8021,sprint,,mobile
1568819180782,enter,b5589,sprint,,mobile
1568819192906,respond,q8118,sprint,a,mobile
1568819215012,submit,b5589,sprint,,mobile
1568819272420,enter,b135,sprint,,mobile
1568819288952,respond,q135,sprint,a,mobile
1568819317781,respond,q135,sprint,b,mobile
1568819322503,submit,b135,sprint,,mobile
1568819472099,enter,b8217,sprint,,mobile
1568819482346,respond,q11164,sprint,a,mobile
1568819485322,submit,b8217,sprint,,mobile
1568819503505,enter,b5613,sprint,,mobile
1568819527297,respond,q8142,sprint,c,mobile
1568819530384,submit,b5613,sprint,,mobile
1568819550987,enter,b5528,sprint,,mobile
1568819586561,respond,q8057,sprint,d,mobile
1568819589770,submit,b5528,sprint,,mobile
1568819631354,enter,b111,sprint,,mobile
1568819642192,respond,q111,sprint,a,mobile
1568819664019,submit,b111,sprint,,mobile
1569054858811,enter,b590,sprint,,mobile
1569054880181,respond,q590,sprint,c,mobile
1569054883567,submit,b590,sprint,,mobile
1569055023647,enter,b775,sprint,,mobile
1569055041096,respond,q775,sprint,b,mobile
1569055044325,submit,b775,sprint,,mobile
1569055167701,enter,b726,sprint,,mobile
1569055187269,respond,q726,sprint,a,mobile
1569055187915,respond,q726,sprint,b,mobile
1569055191676,submit,b726,sprint,,mobile
1569055356382,enter,b591,sprint,,mobile
1569055377447,respond,q591,sprint,b,mobile
1569055380078,submit,b591,sprint,,mobile
1569055741733,enter,b537,sprint,,mobile
1569055742146,submit,b537,sprint,,mobile
1569055889709,enter,b1258,sprint,,mobile
1569055909406,respond,q1258,sprint,a,mobile
1569055912468,submit,b1258,sprint,,mobile
1569055946594,enter,b899,sprint,,mobile
1569055965644,respond,q899,sprint,c,mobile
1569055968050,submit,b899,sprint,,mobile
1569056066497,enter,b1043,sprint,,mobile
1569056081008,respond,q1043,sprint,b,mobile
1569056084289,submit,b1043,sprint,,mobile
1569056125733,enter,b642,sprint,,mobile
1569056143299,respond,q642,sprint,c,mobile
1569056146129,submit,b642,sprint,,mobile
1569056256803,enter,b342,sprint,,mobile
1569056275090,respond,q342,sprint,c,mobile
1569056279254,submit,b342,sprint,,mobile
1569056373263,enter,b731,sprint,,mobile
1569056396593,respond,q731,sprint,c,mobile
1569056399483,submit,b731,sprint,,mobile
1569056435208,enter,b830,sprint,,mobile
1569056457681,respond,q830,sprint,a,mobile
1569056463777,submit,b830,sprint,,mobile
1569056576731,enter,b1392,sprint,,mobile
1569056592846,respond,q1392,sprint,c,mobile
1569056596699,submit,b1392,sprint,,mobile
1569056722826,enter,b1126,sprint,,mobile
1569056739670,respond,q1126,sprint,c,mobile
1569056742822,submit,b1126,sprint,,mobile
1569056790144,enter,b782,sprint,,mobile
1569056802746,respond,q782,sprint,b,mobile
1569056808760,submit,b782,sprint,,mobile
1569057069782,enter,b782,adaptive_offer,,mobile
1569057083084,respond,q782,adaptive_offer,b,mobile
1569057088134,submit,b782,adaptive_offer,,mobile
1569057294952,enter,b626,sprint,,mobile
1569057313638,respond,q626,sprint,a,mobile
1569057317904,submit,b626,sprint,,mobile
1569057433724,enter,b1113,sprint,,mobile
1569057455116,respond,q1113,sprint,b,mobile
1569057457973,submit,b1113,sprint,,mobile
1569057526663,enter,b1018,sprint,,mobile
1569057544888,respond,q1018,sprint,b,mobile
1569057547562,submit,b1018,sprint,,mobile
1569057575250,enter,b1300,sprint,,mobile
1569057593630,submit,b1300,sprint,,mobile
1569572681665,enter,b5123,my_note,,web
1569572725370,respond,q6705,my_note,a,web
1569572938261,respond,q6706,my_note,b,web
1569572939597,respond,q6706,my_note,c,web
1569572970311,submit,b5123,my_note,,web
1569573293294,enter,b5123,my_note,,web
1569573498946,respond,q6708,my_note,b,web
1569573505834,respond,q6707,my_note,c,web
1569573507118,submit,b5123,my_note,,web
1569587761152,enter,b3307,sprint,,mobile
1569587779264,respond,q4775,sprint,b,mobile
1569587783486,submit,b3307,sprint,,mobile
1569587793281,enter,b2533,sprint,,mobile
1569587801241,respond,q4001,sprint,b,mobile
1569587804583,submit,b2533,sprint,,mobile
1569587813122,enter,b4679,sprint,,mobile
1569587824731,respond,q6147,sprint,c,mobile
1569587828066,respond,q6147,sprint,a,mobile
1569587832024,submit,b4679,sprint,,mobile
1569587838829,enter,b7595,sprint,,mobile
1569587857952,respond,q10244,sprint,d,mobile
1569587868954,submit,b7595,sprint,,mobile
1569809636494,enter,b5183,my_note,,web
1569809709523,respond,q6825,my_note,c,web
1569809735023,respond,q6826,my_note,c,web
1569809774969,respond,q6827,my_note,d,web
1569809797182,respond,q6828,my_note,b,web
1569809797959,submit,b5183,my_note,,web
1569825822852,enter,b5118,my_note,,web
1569825842463,respond,q6685,my_note,c,web
1569825915088,respond,q6687,my_note,d,web
1569825920346,respond,q6687,my_note,c,web
1569825921444,respond,q6687,my_note,b,web
1569825922649,respond,q6687,my_note,c,web
1569825983299,respond,q6688,my_note,a,web
1569826022806,respond,q6686,my_note,b,web
1569826024383,submit,b5118,my_note,,web
1569828401305,enter,b5205,my_note,,web
1569828428088,respond,q6913,my_note,b,web
1569828431576,respond,q6913,my_note,d,web
1569828499512,respond,q6914,my_note,b,web
1569828579701,respond,q6915,my_note,a,web
1569828610632,respond,q6916,my_note,b,web
1569828625305,submit,b5205,my_note,,web
1569832329479,enter,b8528,my_note,,web
1569832347539,respond,q11779,my_note,a,web
1569832351922,respond,q11779,my_note,b,web
1569832376137,respond,q11780,my_note,a,web
1569832379931,respond,q11780,my_note,d,web
1569832405961,respond,q11781,my_note,a,web
1569832424170,respond,q11781,my_note,c,web
1569832450153,respond,q11782,my_note,b,web
1569832452552,respond,q11782,my_note,c,web
1569832454160,submit,b8528,my_note,,web
1569833270821,respond,q7735,my_note,a,web
1569833356847,respond,q7736,my_note,a,web
1569833386857,respond,q7734,my_note,d,web
1569833406285,respond,q7733,my_note,b,web
1569836490360,enter,b3775,sprint,,mobile
1569836503940,respond,q5243,sprint,d,mobile
1569836519617,submit,b3775,sprint,,mobile
1569836601075,enter,b3924,sprint,,mobile
1569836617630,respond,q5392,sprint,a,mobile
1569836624430,submit,b3924,sprint,,mobile
1569836673441,enter,b7234,sprint,,mobile
1569836679283,respond,q9883,sprint,b,mobile
1569836692006,submit,b7234,sprint,,mobile
1569836731640,enter,b3849,sprint,,mobile
1569836735597,respond,q5317,sprint,a,mobile
1569836748916,submit,b3849,sprint,,mobile
1569836795726,enter,b3816,sprint,,mobile
1569836810212,respond,q5284,sprint,c,mobile
1569836813202,submit,b3816,sprint,,mobile
1569836846608,enter,b3067,sprint,,mobile
1569836857040,respond,q4535,sprint,b,mobile
1569836866140,respond,q4535,sprint,c,mobile
1569836874526,submit,b3067,sprint,,mobile
1569836913437,enter,b6179,sprint,,mobile
1569836932600,respond,q8828,sprint,a,mobile
1569836941025,submit,b6179,sprint,,mobile
1569843654499,enter,b1399,sprint,,mobile
1569843678375,respond,q1399,sprint,b,mobile
1569843681453,submit,b1399,sprint,,mobile
1569843777128,enter,b619,sprint,,mobile
1569843795496,respond,q619,sprint,b,mobile
1569843797089,respond,q619,sprint,a,mobile
1569843801763,submit,b619,sprint,,mobile
1569844094937,enter,b619,adaptive_offer,,mobile
1569844109614,respond,q619,adaptive_offer,b,mobile
1569844113811,submit,b619,adaptive_offer,,mobile
1569844142468,enter,b1113,adaptive_offer,,mobile
1569844153495,respond,q1113,adaptive_offer,a,mobile
1569844168428,submit,b1113,adaptive_offer,,mobile
1569844527153,enter,b1234,sprint,,mobile
1569844536244,respond,q1234,sprint,a,mobile
1569844547398,submit,b1234,sprint,,mobile
1569844729524,enter,b927,sprint,,mobile
1569844746294,respond,q927,sprint,a,mobile
1569844746990,respond,q927,sprint,c,mobile
1569844749721,submit,b927,sprint,,mobile
1569844860864,enter,b266,sprint,,mobile
1569844872532,respond,q266,sprint,a,mobile
1569844881721,submit,b266,sprint,,mobile
1569844944528,enter,b1158,sprint,,mobile
1569844961191,respond,q1158,sprint,a,mobile
1569844964241,submit,b1158,sprint,,mobile
1569845019821,enter,b1281,sprint,,mobile
1569845040265,respond,q1281,sprint,a,mobile
1569845043416,submit,b1281,sprint,,mobile
1569845246214,enter,b513,sprint,,mobile
1569845259800,respond,q513,sprint,b,mobile
1569845264462,submit,b513,sprint,,mobile
1569845720848,enter,b430,sprint,,mobile
1569845740273,respond,q430,sprint,c,mobile
1569845743404,submit,b430,sprint,,mobile
1569845789658,enter,b1365,sprint,,mobile
1569845804726,respond,q1365,sprint,b,mobile
1569845811593,submit,b1365,sprint,,mobile
1569846069801,enter,b904,sprint,,mobile
1569846082569,respond,q904,sprint,c,mobile
1569846088481,submit,b904,sprint,,mobile
1569852314642,enter,b5650,adaptive_offer,,mobile
1569852327130,respond,q8179,adaptive_offer,a,mobile
1569852340645,submit,b5650,adaptive_offer,,mobile
1569852344929,enter,b5579,adaptive_offer,,mobile
1569852366741,respond,q8108,adaptive_offer,d,mobile
1569852369755,submit,b5579,adaptive_offer,,mobile
1569852719000,enter,b397,sprint,,mobile
1569852734894,respond,q397,sprint,b,mobile
1569852738261,submit,b397,sprint,,mobile
1569852795287,enter,b341,sprint,,mobile
1569852818014,respond,q341,sprint,c,mobile
1569852823663,submit,b341,sprint,,mobile
1569881675820,enter,b1144,sprint,,mobile
1569881691044,respond,q1144,sprint,b,mobile
1569881695257,submit,b1144,sprint,,mobile
1569881788017,enter,b406,sprint,,mobile
1569881817858,respond,q406,sprint,c,mobile
1569881822940,submit,b406,sprint,,mobile
1569881895517,enter,b294,sprint,,mobile
1569881913050,respond,q294,sprint,a,mobile
1569881916332,submit,b294,sprint,,mobile
1569881955223,enter,b288,sprint,,mobile
1569881971555,respond,q288,sprint,a,mobile
1569881975918,submit,b288,sprint,,mobile
1569894909736,enter,b7918,my_note,,web
1569895022933,respond,q10626,my_note,c,web
1569895097269,respond,q10627,my_note,d,web
1569895135156,respond,q10628,my_note,b,web
1569895155987,respond,q10629,my_note,d,web
1569895158835,submit,b7918,my_note,,web
1569907019008,enter,b7972,my_note,,web
1569907035962,respond,q10832,my_note,b,web
1569907082335,respond,q10833,my_note,d,web
1569907139893,respond,q10834,my_note,a,web
1569907197567,respond,q10835,my_note,d,web
1569907201373,respond,q10835,my_note,c,web
1569907203061,respond,q10835,my_note,d,web
1569907205493,submit,b7972,my_note,,web
1569912834653,enter,b7921,my_note,,web
1569913043406,respond,q10638,my_note,a,web
1569913105014,respond,q10639,my_note,a,web
1569913113647,respond,q10640,my_note,a,web
1569913164589,respond,q10641,my_note,a,web
1569913215128,respond,q10641,my_note,d,web
1569913217168,respond,q10641,my_note,a,web
1569913218208,submit,b7921,my_note,,web
1569916279989,enter,b8468,my_note,,web
1569916300962,respond,q11539,my_note,b,web
1569916319710,respond,q11540,my_note,a,web
1569916343532,respond,q11541,my_note,a,web
1569916361900,respond,q11540,my_note,d,web
1569916386947,respond,q11542,my_note,a,web
1569916391724,submit,b8468,my_note,,web
1569917140853,respond,q7781,my_note,d,web
1569917277030,respond,q7782,my_note,c,web
1569974315670,enter,b5306,my_note,,web
1569974539119,respond,q7279,my_note,d,web
1569974625556,respond,q7280,my_note,b,web
1569975091801,respond,q7280,my_note,a,web
1569975093443,submit,b5306,my_note,,web
1569978204254,enter,b5707,my_note,,web
1569978572420,respond,q8335,my_note,d,web
1569978583516,respond,q8333,my_note,c,web
1569978607468,respond,q8332,my_note,c,web
1569978648891,respond,q8334,my_note,c,web
1569978649834,respond,q8334,my_note,b,web
1569978653924,respond,q8334,my_note,c,web
1569978660196,respond,q8334,my_note,d,web
1569978719661,respond,q8336,my_note,a,web
1569978751942,respond,q8336,my_note,c,web
1569978754532,respond,q8336,my_note,d,web
1569978770676,respond,q8336,my_note,a,web
1569978772707,respond,q8336,my_note,c,web
1569978773444,respond,q8336,my_note,d,web
1569978779386,respond,q8336,my_note,a,web
1569978837705,respond,q8336,my_note,b,web
1569978842348,respond,q8336,my_note,a,web
1569978843212,submit,b5707,my_note,,web
1569980150457,respond,q7826,my_note,d,web
1569980159495,respond,q7827,my_note,a,web
1569980181984,respond,q7828,my_note,b,web
1569980236822,respond,q7829,my_note,c,web
1569980377542,respond,q7830,my_note,b,web
1570148760765,enter,b8499,my_note,,web
1570148787526,respond,q11663,my_note,a,web
1570148792159,respond,q11663,my_note,b,web
1570148822943,respond,q11664,my_note,a,web
1570148851438,respond,q11665,my_note,b,web
1570149481570,respond,q11666,my_note,c,web
1570149485925,submit,b8499,my_note,,web
1570151072446,enter,b7954,my_note,,web
1570151098711,respond,q10760,my_note,c,web
1570151139292,respond,q10761,my_note,b,web
1570151190969,respond,q10763,my_note,a,web
1570151194066,respond,q10763,my_note,d,web
1570151203151,respond,q10762,my_note,b,web
1570151213244,submit,b7954,my_note,,web
1570162551575,enter,b8482,my_note,,web
1570162595904,respond,q11595,my_note,c,web
1570162613582,respond,q11596,my_note,b,web
1570162643624,respond,q11597,my_note,b,web
1570162649159,submit,b8482,my_note,,web
1570162769087,respond,q11598,my_note,d,web
1570162769777,respond,q11598,my_note,a,web
1570163637516,enter,b7952,my_note,,web
1570163698390,respond,q10752,my_note,a,web
1570164027861,respond,q10753,my_note,c,web
1570164049150,respond,q10754,my_note,c,web
1570164111405,respond,q10755,my_note,a,web
1570164112710,submit,b7952,my_note,,web
1570165402473,enter,b5340,my_note,,web
1570165587998,respond,q7413,my_note,b,web
1570165663266,respond,q7411,my_note,a,web
1570165745648,respond,q7410,my_note,a,web
1570165858941,submit,b5340,my_note,,web
1570166211084,respond,q7412,my_note,a,web
1570166222685,respond,q7412,my_note,c,web
1570167305562,enter,b5503,my_note,,web
1570167450445,respond,q7984,my_note,a,web
1570167663080,respond,q7983,my_note,b,web
1570167664607,respond,q7983,my_note,a,web
1570167671961,respond,q7985,my_note,b,web
1570167675554,respond,q7985,my_note,c,web
1570167864183,respond,q7987,my_note,c,web
1570167873422,respond,q7986,my_note,b,web
1570167874913,submit,b5503,my_note,,web
1570170637568,enter,b5685,my_note,,web
1570171079294,respond,q8222,my_note,a,web
1570171114794,submit,b5685,my_note,,web
1570173456700,enter,b5685,my_note,,web
1570173539115,respond,q8222,my_note,c,web
1570173548870,respond,q8223,my_note,a,web
1570173682346,respond,q8224,my_note,d,web
1570173778805,submit,b5685,my_note,,web
1570174165327,respond,q8225,my_note,b,web
1570174229869,respond,q8226,my_note,a,web
1570176213987,enter,b7973,sprint,,web
1570176253308,respond,q10836,sprint,b,web
1570176298762,respond,q10837,sprint,a,web
1570176334794,respond,q10836,sprint,d,web
1570176351748,respond,q10838,sprint,c,web
1570176392068,respond,q10839,sprint,b,web
1570176417429,submit,b7973,sprint,,web
1570176767666,enter,b5106,sprint,,web
1570176854304,respond,q6637,sprint,d,web
1570176891023,respond,q6637,sprint,b,web
1570176907711,respond,q6638,sprint,c,web
1570176940816,respond,q6639,sprint,d,web
1570176966882,respond,q6640,sprint,b,web
1570176985567,submit,b5106,sprint,,web
1570435890259,enter,b5334,my_note,,web
1570436426944,respond,q7388,my_note,a,web
1570436635787,submit,b5334,my_note,,web
1570499918152,enter,b5333,my_note,,web
1570500660772,respond,q7379,my_note,a,web
1570501065330,respond,q7380,my_note,c,web
1570501071402,respond,q7380,my_note,b,web
1570501084093,respond,q7381,my_note,c,web
1570501129465,respond,q7382,my_note,c,web
1570501163772,respond,q7380,my_note,c,web
1570501201096,respond,q7383,my_note,d,web
1570501201802,submit,b5333,my_note,,web
